"year","e11102","pgcasmin","mean","median","n","ptile10","ptile25","ptile75","ptile90","ptile99","lowerci_mean","upperci_mean","min","max","lowerci_median","upperci_median"
"1984","Employed","(0) in school","","","","","","","","","","","","","",""
"1984","Employed","(1a) inadequately completed","6.71","7","465","3","5","9","10","10","6.49","6.93","0","10","7","7"
"1984","Employed","(1b) general elementary school","7.13","8","935","4","5","9","10","10","6.97","7.29","0","10","7","8"
"1984","Employed","(1c) basic vocational qualification","6.77","7","1486","4","5","9","10","10","6.64","6.9","0","10","7","7"
"1984","Employed","(2a) intermediate vocational","6.73","7","570","3","5","9","10","10","6.53","6.93","0","10","7","7"
"1984","Employed","(2b) intermediate general qualification","6.19","6","107","2","5","8","10","10","5.67","6.71","0","10","6","7"
"1984","Employed","(2c_gen) general maturity certificate","6.06","6.15","96","2","4","8","9","10","5.51","6.61","0","10","5","8"
"1984","Employed","(2c_voc) vocational maturity certificate","6.27","6","177","3","5","8","10","10","5.91","6.63","0","10","5","7"
"1984","Employed","(3a) lower tertiary education","6.38","6","84","4","5","8","10","10","5.8","6.96","0","10","5","7"
"1984","Employed","(3b) higher tertiary education","6.21","6","212","3","5","8","10","10","5.87","6.55","0","10","6","7"
"1984","Not Employed","(0) in school","5.47","5","58","2","4","7","9","10","4.79","6.15","0","10","5","7"
"1984","Not Employed","(1a) inadequately completed","7.21","8","337","4","6","9","10","10","6.97","7.45","0","10","7","8"
"1984","Not Employed","(1b) general elementary school","7.33","8","1345","4","6","9","10","10","7.21","7.45","0","10","8","8"
"1984","Not Employed","(1c) basic vocational qualification","7.29","8","1089","4","6","9","10","10","7.15","7.43","0","10","8","8"
"1984","Not Employed","(2a) intermediate vocational","7.44","8","363","5","6","9","10","10","7.21","7.67","0","10","8","8"
"1984","Not Employed","(2b) intermediate general qualification","6.82","7","125","4","5","8","10","10","6.41","7.23","0","10","6","8"
"1984","Not Employed","(2c_gen) general maturity certificate","5.89","5.92","121","2","5","8","9","10","5.44","6.34","0","10","5","7"
"1984","Not Employed","(2c_voc) vocational maturity certificate","6.66","7","92","3","5","9","10","10","6.14","7.18","0","10","6","8"
"1984","Not Employed","(3a) lower tertiary education","6.68","7.96","44","3","5","8","9","10","5.93","7.43","0","10","6","8"
"1984","Not Employed","(3b) higher tertiary education","6.26","6","70","3","4","9","10","10","5.61","6.91","0","10","5","8"
"1985","Employed","(0) in school","","","","","","","","","","","","","",""
"1985","Employed","(1a) inadequately completed","6.74","7","300","4","5","9","10","10","6.48","7","0","10","7","8"
"1985","Employed","(1b) general elementary school","7.07","7","751","4","5","9","10","10","6.9","7.24","0","10","7","7"
"1985","Employed","(1c) basic vocational qualification","6.82","7","1129","4","5","8","10","10","6.69","6.95","0","10","7","7"
"1985","Employed","(2a) intermediate vocational","6.75","7","516","4","5","8","10","10","6.55","6.95","0","10","7","7"
"1985","Employed","(2b) intermediate general qualification","6.52","7","100","3","5","8","10","10","6.06","6.98","1","10","6","8"
"1985","Employed","(2c_gen) general maturity certificate","5.83","5.36","87","3","5","8","10","10","5.32","6.34","0","10","5","7"
"1985","Employed","(2c_voc) vocational maturity certificate","6.08","6","140","2","5","8","10","10","5.63","6.53","0","10","6","7"
"1985","Employed","(3a) lower tertiary education","6.12","6","70","3","4","8","10","10","5.56","6.68","0","10","5","8"
"1985","Employed","(3b) higher tertiary education","6.26","6","179","3","5","8","9","10","5.93","6.59","0","10","5","7"
"1985","Not Employed","(0) in school","6.26","6","50","4","5","8","10","10","5.58","6.94","1","10","5","7"
"1985","Not Employed","(1a) inadequately completed","7.3","7.25","284","5","6","9","10","10","7.06","7.54","1","10","7","8"
"1985","Not Employed","(1b) general elementary school","7.39","8","1088","5","6","9","10","10","7.26","7.52","0","10","8","8"
"1985","Not Employed","(1c) basic vocational qualification","7.07","7","935","4","5","9","10","10","6.93","7.21","0","10","7","8"
"1985","Not Employed","(2a) intermediate vocational","7.17","7","329","5","5","9","10","10","6.94","7.4","0","10","7","8"
"1985","Not Employed","(2b) intermediate general qualification","7.16","7","122","5","6","9","10","10","6.76","7.56","0","10","7","8"
"1985","Not Employed","(2c_gen) general maturity certificate","7","7","90","5","5","9","10","10","6.55","7.45","2","10","6","8"
"1985","Not Employed","(2c_voc) vocational maturity certificate","6.39","6.93","73","3","5","8","10","10","5.85","6.93","1","10","6","8"
"1985","Not Employed","(3a) lower tertiary education","6.98","7","42","3","5","9","10","10","6.19","7.77","0","10","6","8"
"1985","Not Employed","(3b) higher tertiary education","6.58","7","69","3","5","8","10","10","6.03","7.13","0","10","6","7"
"1986","Employed","(0) in school","","","","","","","","","","","","","",""
"1986","Employed","(1a) inadequately completed","6.44","7","322","3","5","8","9","10","6.19","6.69","0","10","6","7"
"1986","Employed","(1b) general elementary school","6.84","7","739","4","5","8","10","10","6.68","7","0","10","7","7"
"1986","Employed","(1c) basic vocational qualification","6.57","7","1152","4","5","8","10","10","6.44","6.7","0","10","7","7"
"1986","Employed","(2a) intermediate vocational","6.48","7","520","4","5","8","9","10","6.3","6.66","0","10","6","7"
"1986","Employed","(2b) intermediate general qualification","6.55","6","111","4","5","8","10","10","6.14","6.96","0","10","6","7"
"1986","Employed","(2c_gen) general maturity certificate","6.06","6","96","3","5","8","9","10","5.56","6.56","0","10","5","7"
"1986","Employed","(2c_voc) vocational maturity certificate","6.18","6.29","151","3","5","8","9","10","5.79","6.57","0","10","5","7"
"1986","Employed","(3a) lower tertiary education","6.31","6.24","72","4","5","8","9","10","5.78","6.84","0","10","6","8"
"1986","Employed","(3b) higher tertiary education","6.29","7","198","3","5","8","9","10","5.98","6.6","0","10","6","7"
"1986","Not Employed","(0) in school","5.86","6","46","2","4","8","10","10","5.11","6.61","0","10","5","7"
"1986","Not Employed","(1a) inadequately completed","6.81","7","274","5","5","8","10","10","6.56","7.06","0","10","7","7"
"1986","Not Employed","(1b) general elementary school","7.49","8","995","5","6","9","10","10","7.36","7.62","0","10","8","8"
"1986","Not Employed","(1c) basic vocational qualification","7.19","8","903","4","6","9","10","10","7.05","7.33","0","10","7","8"
"1986","Not Employed","(2a) intermediate vocational","7.21","8","311","4","6","9","10","10","6.96","7.46","0","10","7","8"
"1986","Not Employed","(2b) intermediate general qualification","6.65","7","137","3","5","8","10","10","6.26","7.04","0","10","6","8"
"1986","Not Employed","(2c_gen) general maturity certificate","6.27","6","96","4","5","8","9","10","5.87","6.67","1","10","5","7"
"1986","Not Employed","(2c_voc) vocational maturity certificate","7.03","7","79","4","5","8","10","10","6.53","7.53","0","10","7","8"
"1986","Not Employed","(3a) lower tertiary education","6.45","6","37","4","5","9","10","10","5.68","7.22","0","10","6","7"
"1986","Not Employed","(3b) higher tertiary education","6.84","8","66","3","5","9","10","10","6.21","7.47","0","10","6","8"
"1987","Employed","(0) in school","","","","","","","","","","","","","",""
"1987","Employed","(1a) inadequately completed","6.75","7","301","4","5","8","10","10","6.51","6.99","0","10","7","7"
"1987","Employed","(1b) general elementary school","6.86","7","755","4","5","8","10","10","6.71","7.01","0","10","7","7"
"1987","Employed","(1c) basic vocational qualification","6.75","7","1168","4","5","8","9","10","6.63","6.87","0","10","7","7"
"1987","Employed","(2a) intermediate vocational","6.75","7","522","4","5","8","10","10","6.58","6.92","0","10","7","7"
"1987","Employed","(2b) intermediate general qualification","6.94","7","119","4","5","9","10","10","6.53","7.35","2","10","7","8"
"1987","Employed","(2c_gen) general maturity certificate","6.21","6","84","5","5","7","8","10","5.84","6.58","2","10","5","7"
"1987","Employed","(2c_voc) vocational maturity certificate","6.47","7","161","4","5","8","9","10","6.15","6.79","1","10","6","7"
"1987","Employed","(3a) lower tertiary education","6.35","6","78","4","5","8","9","10","5.85","6.85","1","10","5","7"
"1987","Employed","(3b) higher tertiary education","6.49","7","199","3","5","8","10","10","6.16","6.82","0","10","6","7"
"1987","Not Employed","(0) in school","6.37","6","72","3","5","8","9","10","5.85","6.89","0","10","6","7"
"1987","Not Employed","(1a) inadequately completed","7.14","7","251","5","5","9","10","10","6.88","7.4","0","10","7","7"
"1987","Not Employed","(1b) general elementary school","7.48","8","957","5","6","9","10","10","7.35","7.61","0","10","8","8"
"1987","Not Employed","(1c) basic vocational qualification","7.12","8","908","4","6","9","10","10","6.98","7.26","0","10","7","8"
"1987","Not Employed","(2a) intermediate vocational","7.22","7","321","5","6","9","10","10","7","7.44","0","10","7","7"
"1987","Not Employed","(2b) intermediate general qualification","7.13","7","110","5","6","9","10","10","6.78","7.48","2","10","7","8"
"1987","Not Employed","(2c_gen) general maturity certificate","6.5","7","93","4","5","8","9","10","6.12","6.88","2","10","6","7"
"1987","Not Employed","(2c_voc) vocational maturity certificate","7.15","7","75","3","5","9","10","10","6.58","7.72","2","10","6","8"
"1987","Not Employed","(3a) lower tertiary education","6.63","7","42","4","5","8","10","10","5.82","7.44","0","10","5","8"
"1987","Not Employed","(3b) higher tertiary education","6.47","6","54","4","5","9","10","10","5.77","7.17","0","10","6","8"
"1988","Employed","(0) in school","","","","","","","","","","","","","",""
"1988","Employed","(1a) inadequately completed","6.78","7","260","5","5","8","9","10","6.53","7.03","0","10","6","7"
"1988","Employed","(1b) general elementary school","6.86","7","737","4","5","8","10","10","6.71","7.01","0","10","7","7"
"1988","Employed","(1c) basic vocational qualification","6.62","7","1169","4","5","8","9","10","6.5","6.74","0","10","7","7"
"1988","Employed","(2a) intermediate vocational","6.47","7","532","4","5","8","9","10","6.29","6.65","0","10","7","7"
"1988","Employed","(2b) intermediate general qualification","6.77","7","135","4","5","8","10","10","6.43","7.11","1","10","6","8"
"1988","Employed","(2c_gen) general maturity certificate","5.97","6","87","3","5","8","8","10","5.48","6.46","0","10","6","7"
"1988","Employed","(2c_voc) vocational maturity certificate","6.5","7","159","4","5","8","10","10","6.19","6.81","2","10","6","7"
"1988","Employed","(3a) lower tertiary education","6.39","7","72","2","5","8","10","10","5.79","6.99","1","10","6","8"
"1988","Employed","(3b) higher tertiary education","6.39","6","179","4","5","8","10","10","6.08","6.7","1","10","6","7"
"1988","Not Employed","(0) in school","6.2","5.66","44","3","4","8","10","10","5.47","6.93","2","10","5","7"
"1988","Not Employed","(1a) inadequately completed","6.44","7","263","3","5","8","9","10","6.17","6.71","0","10","7","7"
"1988","Not Employed","(1b) general elementary school","7.22","7","891","5","6","9","10","10","7.08","7.36","0","10","7","8"
"1988","Not Employed","(1c) basic vocational qualification","6.96","7","833","4","5","8","10","10","6.82","7.1","0","10","7","8"
"1988","Not Employed","(2a) intermediate vocational","6.92","7","303","5","5","9","10","10","6.67","7.17","0","10","7","7"
"1988","Not Employed","(2b) intermediate general qualification","7.31","7.31","98","4","6","9","10","10","6.9","7.72","2","10","7","8"
"1988","Not Employed","(2c_gen) general maturity certificate","6.12","6","76","2","5","8","10","10","5.61","6.63","0","10","6","8"
"1988","Not Employed","(2c_voc) vocational maturity certificate","6.84","7","74","3","5","8","10","10","6.29","7.39","0","10","7","8"
"1988","Not Employed","(3a) lower tertiary education","6.43","6.2","38","4","5","8","9","10","5.66","7.2","0","10","5","8"
"1988","Not Employed","(3b) higher tertiary education","6.46","7","55","3","5","8","10","10","5.73","7.19","0","10","6","7"
"1989","Employed","(0) in school","","","","","","","","","","","","","",""
"1989","Employed","(1a) inadequately completed","6.56","6","250","4","5","8","10","10","6.29","6.83","0","10","6","7"
"1989","Employed","(1b) general elementary school","6.7","7","721","4","5","8","10","10","6.55","6.85","0","10","7","7"
"1989","Employed","(1c) basic vocational qualification","6.53","7","1189","4","5","8","9","10","6.41","6.65","0","10","7","7"
"1989","Employed","(2a) intermediate vocational","6.51","7","548","4","5","8","9","10","6.33","6.69","0","10","6","7"
"1989","Employed","(2b) intermediate general qualification","6.5","7","136","3","5","8","9","10","6.13","6.87","0","10","6","7"
"1989","Employed","(2c_gen) general maturity certificate","6.36","6","79","5","5","8","9","10","5.91","6.81","1","10","6","7"
"1989","Employed","(2c_voc) vocational maturity certificate","6.4","7","161","4","5","8","9","10","6.04","6.76","0","10","6","7"
"1989","Employed","(3a) lower tertiary education","6.36","7","86","3","5","8","9","10","5.87","6.85","0","10","6","8"
"1989","Employed","(3b) higher tertiary education","6.33","7","188","4","5","8","9","10","6.04","6.62","0","10","5","7"
"1989","Not Employed","(0) in school","6.39","5","53","4","5","9","10","10","5.76","7.02","1","10","5","7"
"1989","Not Employed","(1a) inadequately completed","6.89","7","246","4","5","8","10","10","6.63","7.15","0","10","7","7"
"1989","Not Employed","(1b) general elementary school","7.16","7.47","851","5","5","9","10","10","7.02","7.3","0","10","7","8"
"1989","Not Employed","(1c) basic vocational qualification","6.82","7","818","4","5","8","10","10","6.67","6.97","0","10","7","7"
"1989","Not Employed","(2a) intermediate vocational","7.22","7","288","5","6","9","10","10","6.98","7.46","0","10","7","8"
"1989","Not Employed","(2b) intermediate general qualification","6.91","7","93","5","5","8","10","10","6.49","7.33","0","10","6","8"
"1989","Not Employed","(2c_gen) general maturity certificate","5.61","6","87","3","4","8","8","10","5.12","6.1","0","10","5","7"
"1989","Not Employed","(2c_voc) vocational maturity certificate","7.05","8","70","3","5","10","10","10","6.47","7.63","2","10","7","8"
"1989","Not Employed","(3a) lower tertiary education","6.22","7","36","3","5","8","9","10","5.37","7.07","0","10","5","8"
"1989","Not Employed","(3b) higher tertiary education","6.13","6","55","3","5","8","10","10","5.47","6.79","0","10","6","7"
"1990","Employed","(0) in school","","","","","","","","","","","","","",""
"1990","Employed","(1a) inadequately completed","6.62","7","263","4","5","8","9","10","6.36","6.88","0","10","6","7"
"1990","Employed","(1b) general elementary school","6.59","7","778","4","5","8","9","10","6.43","6.75","0","10","7","7"
"1990","Employed","(1c) basic vocational qualification","6.59","7","1301","4","5","8","9","10","6.48","6.7","0","10","7","7"
"1990","Employed","(2a) intermediate vocational","6.55","7","603","4","5","8","9","10","6.39","6.71","0","10","6","7"
"1990","Employed","(2b) intermediate general qualification","6.57","7","155","3","5","8","10","10","6.2","6.94","0","10","7","8"
"1990","Employed","(2c_gen) general maturity certificate","6.01","6","107","4","5","7","8","10","5.63","6.39","2","10","6","7"
"1990","Employed","(2c_voc) vocational maturity certificate","6.2","7","177","3","5","8","9","10","5.85","6.55","0","10","6","7"
"1990","Employed","(3a) lower tertiary education","6.19","6.32","103","3","4","8","9","10","5.76","6.62","0","10","6","7"
"1990","Employed","(3b) higher tertiary education","6.46","7","179","4","5","8","9","10","6.15","6.77","1","10","6","7"
"1990","Not Employed","(0) in school","6.41","7","44","3","5","8","9","10","5.64","7.18","0","10","5","8"
"1990","Not Employed","(1a) inadequately completed","6.88","7","237","5","5","8","10","10","6.62","7.14","0","10","7","7"
"1990","Not Employed","(1b) general elementary school","6.96","7","860","4","5","8","10","10","6.81","7.11","0","10","7","7"
"1990","Not Employed","(1c) basic vocational qualification","6.86","7","834","4","5","8","10","10","6.72","7","0","10","7","7"
"1990","Not Employed","(2a) intermediate vocational","6.99","7","293","5","5","8","10","10","6.76","7.22","0","10","7","7"
"1990","Not Employed","(2b) intermediate general qualification","7.11","7","80","5","6","8","10","10","6.71","7.51","2","10","7","8"
"1990","Not Employed","(2c_gen) general maturity certificate","6.22","6.93","77","3","5","8","9","10","5.7","6.74","1","10","5","7"
"1990","Not Employed","(2c_voc) vocational maturity certificate","6.98","8","73","3","5","9","10","10","6.42","7.54","2","10","6","8"
"1990","Not Employed","(3a) lower tertiary education","6.51","6","37","3","5","8","10","10","5.71","7.31","0","10","5","8"
"1990","Not Employed","(3b) higher tertiary education","6.71","7","63","4","5","8","10","10","6.15","7.27","0","10","6","7"
"1991","Employed","(0) in school","","","","","","","","","","","","","",""
"1991","Employed","(1a) inadequately completed","","","","","","","","","","","","","",""
"1991","Employed","(1b) general elementary school","","","","","","","","","","","","","",""
"1991","Employed","(1c) basic vocational qualification","","","","","","","","","","","","","",""
"1991","Employed","(2a) intermediate vocational","","","","","","","","","","","","","",""
"1991","Employed","(2b) intermediate general qualification","","","","","","","","","","","","","",""
"1991","Employed","(2c_gen) general maturity certificate","","","","","","","","","","","","","",""
"1991","Employed","(2c_voc) vocational maturity certificate","","","","","","","","","","","","","",""
"1991","Employed","(3a) lower tertiary education","","","","","","","","","","","","","",""
"1991","Employed","(3b) higher tertiary education","","","","","","","","","","","","","",""
"1991","Not Employed","(0) in school","","","","","","","","","","","","","",""
"1991","Not Employed","(1a) inadequately completed","","","","","","","","","","","","","",""
"1991","Not Employed","(1b) general elementary school","","","","","","","","","","","","","",""
"1991","Not Employed","(1c) basic vocational qualification","","","","","","","","","","","","","",""
"1991","Not Employed","(2a) intermediate vocational","","","","","","","","","","","","","",""
"1991","Not Employed","(2b) intermediate general qualification","","","","","","","","","","","","","",""
"1991","Not Employed","(2c_gen) general maturity certificate","","","","","","","","","","","","","",""
"1991","Not Employed","(2c_voc) vocational maturity certificate","","","","","","","","","","","","","",""
"1991","Not Employed","(3a) lower tertiary education","","","","","","","","","","","","","",""
"1991","Not Employed","(3b) higher tertiary education","","","","","","","","","","","","","",""
"1992","Employed","(0) in school","","","","","","","","","","","","","",""
"1992","Employed","(1a) inadequately completed","","","","","","","","","","","","","",""
"1992","Employed","(1b) general elementary school","","","","","","","","","","","","","",""
"1992","Employed","(1c) basic vocational qualification","","","","","","","","","","","","","",""
"1992","Employed","(2a) intermediate vocational","","","","","","","","","","","","","",""
"1992","Employed","(2b) intermediate general qualification","","","","","","","","","","","","","",""
"1992","Employed","(2c_gen) general maturity certificate","","","","","","","","","","","","","",""
"1992","Employed","(2c_voc) vocational maturity certificate","","","","","","","","","","","","","",""
"1992","Employed","(3a) lower tertiary education","","","","","","","","","","","","","",""
"1992","Employed","(3b) higher tertiary education","","","","","","","","","","","","","",""
"1992","Not Employed","(0) in school","","","","","","","","","","","","","",""
"1992","Not Employed","(1a) inadequately completed","","","","","","","","","","","","","",""
"1992","Not Employed","(1b) general elementary school","","","","","","","","","","","","","",""
"1992","Not Employed","(1c) basic vocational qualification","","","","","","","","","","","","","",""
"1992","Not Employed","(2a) intermediate vocational","","","","","","","","","","","","","",""
"1992","Not Employed","(2b) intermediate general qualification","","","","","","","","","","","","","",""
"1992","Not Employed","(2c_gen) general maturity certificate","","","","","","","","","","","","","",""
"1992","Not Employed","(2c_voc) vocational maturity certificate","","","","","","","","","","","","","",""
"1992","Not Employed","(3a) lower tertiary education","","","","","","","","","","","","","",""
"1992","Not Employed","(3b) higher tertiary education","","","","","","","","","","","","","",""
"1993","Employed","(0) in school","","","","","","","","","","","","","",""
"1993","Employed","(1a) inadequately completed","6.77","7","252","5","5","8","9","10","6.52","7.02","0","10","6","7"
"1993","Employed","(1b) general elementary school","6.56","7","772","4","5","8","10","10","6.41","6.71","0","10","6","7"
"1993","Employed","(1c) basic vocational qualification","6.55","7","1629","4","5","8","9","10","6.45","6.65","0","10","7","7"
"1993","Employed","(2a) intermediate vocational","6.52","7","1239","4","5","8","9","10","6.41","6.63","0","10","7","7"
"1993","Employed","(2b) intermediate general qualification","6.53","7","207","4","5","8","9","10","6.24","6.82","1","10","6","7"
"1993","Employed","(2c_gen) general maturity certificate","6.54","7","134","4","5","8","10","10","6.17","6.91","0","10","6","7"
"1993","Employed","(2c_voc) vocational maturity certificate","6.51","7","236","3","5","8","9","10","6.22","6.8","0","10","7","7"
"1993","Employed","(3a) lower tertiary education","6.34","6","345","4","5","8","9","10","6.12","6.56","0","10","6","7"
"1993","Employed","(3b) higher tertiary education","6.13","6","292","3","5","8","9","10","5.89","6.37","0","10","6","7"
"1993","Not Employed","(0) in school","6.19","5.84","41","3","5","8","9","10","5.46","6.92","2","10","5","8"
"1993","Not Employed","(1a) inadequately completed","6.35","6","265","3","5","8","10","10","6.09","6.61","0","10","6","7"
"1993","Not Employed","(1b) general elementary school","6.63","7","901","4","5","8","10","10","6.49","6.77","0","10","7","7"
"1993","Not Employed","(1c) basic vocational qualification","6.44","7","1172","3","5","8","9","10","6.32","6.56","0","10","7","7"
"1993","Not Employed","(2a) intermediate vocational","6.45","7","449","4","5","8","9","10","6.26","6.64","0","10","6","7"
"1993","Not Employed","(2b) intermediate general qualification","6.46","7","124","3","5","8","10","10","6.03","6.89","0","10","5","7"
"1993","Not Employed","(2c_gen) general maturity certificate","6.1","6","86","3","5","8","9","10","5.64","6.56","1","10","5","7"
"1993","Not Employed","(2c_voc) vocational maturity certificate","6.25","6","71","2","5","9","10","10","5.6","6.9","0","10","6","8"
"1993","Not Employed","(3a) lower tertiary education","6.16","6","137","2","5","8","10","10","5.75","6.57","0","10","5","7"
"1993","Not Employed","(3b) higher tertiary education","6.09","6","98","3","5","8","9","10","5.62","6.56","0","10","5","7"
"1994","Employed","(0) in school","","","","","","","","","","","","","",""
"1994","Employed","(1a) inadequately completed","6.56","6.2","232","4","5","8","10","10","6.28","6.84","0","10","6","7"
"1994","Employed","(1b) general elementary school","6.68","7","689","4","5","8","10","10","6.52","6.84","0","10","6","7"
"1994","Employed","(1c) basic vocational qualification","6.38","7","1541","4","5","8","9","10","6.28","6.48","0","10","6","7"
"1994","Employed","(2a) intermediate vocational","6.5","7","1289","4","5","8","9","10","6.39","6.61","0","10","7","7"
"1994","Employed","(2b) intermediate general qualification","6.41","7","190","4","5","8","9","10","6.1","6.72","0","10","6","7"
"1994","Employed","(2c_gen) general maturity certificate","6.9","7","112","4","6","9","10","10","6.51","7.29","0","10","6","7"
"1994","Employed","(2c_voc) vocational maturity certificate","6.11","6","250","3","5","8","8","10","5.87","6.35","0","10","6","7"
"1994","Employed","(3a) lower tertiary education","6.47","7","379","4","5","8","9","10","6.27","6.67","0","10","7","7"
"1994","Employed","(3b) higher tertiary education","6.07","6","318","3","5","8","8","10","5.84","6.3","0","10","6","7"
"1994","Not Employed","(0) in school","6.88","7","71","3","5","9","10","10","6.29","7.47","1","10","6","8"
"1994","Not Employed","(1a) inadequately completed","6.62","7","233","4","5","8","9","10","6.36","6.88","0","10","6","7"
"1994","Not Employed","(1b) general elementary school","6.67","7","897","4","5","8","10","10","6.53","6.81","0","10","7","7"
"1994","Not Employed","(1c) basic vocational qualification","6.44","7","1208","3","5","8","9","10","6.32","6.56","0","10","7","7"
"1994","Not Employed","(2a) intermediate vocational","6.71","7","456","4","5","8","9","10","6.52","6.9","0","10","6","7"
"1994","Not Employed","(2b) intermediate general qualification","6.57","6.18","109","4","5","8","9","10","6.14","7","0","10","6","7"
"1994","Not Employed","(2c_gen) general maturity certificate","6.49","7","99","4","5","8","9","10","6.09","6.89","2","10","5","7"
"1994","Not Employed","(2c_voc) vocational maturity certificate","6.24","6.2","89","3","5","8","9","10","5.75","6.73","0","10","6","7"
"1994","Not Employed","(3a) lower tertiary education","5.95","5","148","3","5","8","9","10","5.6","6.3","0","10","5","7"
"1994","Not Employed","(3b) higher tertiary education","6","6","114","3","5","8","9","10","5.57","6.43","0","10","5","7"
"1995","Employed","(0) in school","","","","","","","","","","","","","",""
"1995","Employed","(1a) inadequately completed","6.36","6","210","4","5","8","10","10","6.08","6.64","1","10","6","7"
"1995","Employed","(1b) general elementary school","6.71","7","678","4","5","8","9","10","6.55","6.87","0","10","7","7"
"1995","Employed","(1c) basic vocational qualification","6.54","7","1586","4","5","8","9","10","6.44","6.64","0","10","7","7"
"1995","Employed","(2a) intermediate vocational","6.36","6","1364","4","5","8","9","10","6.25","6.47","0","10","6","7"
"1995","Employed","(2b) intermediate general qualification","6.49","7","214","3","5","8","9","10","6.19","6.79","0","10","6","7"
"1995","Employed","(2c_gen) general maturity certificate","6.58","7","151","4","5","8","10","10","6.21","6.95","0","10","6","7"
"1995","Employed","(2c_voc) vocational maturity certificate","6.55","7","304","4","5","8","10","10","6.32","6.78","0","10","6","7"
"1995","Employed","(3a) lower tertiary education","6.36","7","375","3","5","8","9","10","6.16","6.56","0","10","6","7"
"1995","Employed","(3b) higher tertiary education","6.14","6","395","3","5","8","9","10","5.93","6.35","0","10","6","7"
"1995","Not Employed","(0) in school","5.78","6","88","3","4","7","9","10","5.29","6.27","0","10","5","7"
"1995","Not Employed","(1a) inadequately completed","6.64","7","234","4","5","8","10","10","6.38","6.9","0","10","6","7"
"1995","Not Employed","(1b) general elementary school","6.59","7","943","3","5","8","10","10","6.45","6.73","0","10","7","7"
"1995","Not Employed","(1c) basic vocational qualification","6.54","7","1248","4","5","8","10","10","6.42","6.66","0","10","7","7"
"1995","Not Employed","(2a) intermediate vocational","6.44","7","484","4","5","8","9","10","6.26","6.62","0","10","6","7"
"1995","Not Employed","(2b) intermediate general qualification","6.27","6.88","113","3","5","8","9","10","5.87","6.67","0","10","6","7"
"1995","Not Employed","(2c_gen) general maturity certificate","6.08","6","115","3","5","8","9","10","5.7","6.46","2","10","6","7"
"1995","Not Employed","(2c_voc) vocational maturity certificate","6.51","7","110","3","5","8","9","10","6.08","6.94","0","10","6","7"
"1995","Not Employed","(3a) lower tertiary education","6.45","7","140","4","5","8","9","10","6.14","6.76","2","10","6","7"
"1995","Not Employed","(3b) higher tertiary education","6.48","7","137","3","5","8","9","10","6.07","6.89","0","10","6","7"
"1996","Employed","(0) in school","","","","","","","","","","","","","",""
"1996","Employed","(1a) inadequately completed","6.47","6","203","4","5","8","8","10","6.2","6.74","0","10","6","7"
"1996","Employed","(1b) general elementary school","6.76","7","628","4","5","8","10","10","6.6","6.92","0","10","7","7"
"1996","Employed","(1c) basic vocational qualification","6.51","7","1565","4","5","8","9","10","6.41","6.61","0","10","7","7"
"1996","Employed","(2a) intermediate vocational","6.45","7","1408","4","5","8","9","10","6.35","6.55","0","10","7","7"
"1996","Employed","(2b) intermediate general qualification","6.37","6.21","204","3","5","8","9","10","6.08","6.66","0","10","6","7"
"1996","Employed","(2c_gen) general maturity certificate","6.34","7","157","3","5","8","9","10","6.01","6.67","0","10","6","7"
"1996","Employed","(2c_voc) vocational maturity certificate","6.63","7","312","4","5","8","9","10","6.42","6.84","2","10","7","7"
"1996","Employed","(3a) lower tertiary education","6.39","7","389","4","5","8","9","10","6.18","6.6","0","10","6","7"
"1996","Employed","(3b) higher tertiary education","5.99","6","368","3","5","8","8","10","5.78","6.2","0","10","6","6"
"1996","Not Employed","(0) in school","6.04","6","116","2","5","8","9","10","5.6","6.48","0","10","5","7"
"1996","Not Employed","(1a) inadequately completed","6.35","7","208","3","5","8","9","10","6.08","6.62","2","10","7","7"
"1996","Not Employed","(1b) general elementary school","6.5","7","899","4","5","8","10","10","6.36","6.64","0","10","7","7"
"1996","Not Employed","(1c) basic vocational qualification","6.61","7","1240","4","5","8","9","10","6.5","6.72","0","10","7","7"
"1996","Not Employed","(2a) intermediate vocational","6.45","7","455","4","5","8","9","10","6.26","6.64","0","10","6","7"
"1996","Not Employed","(2b) intermediate general qualification","6.6","7","123","4","5","8","9","10","6.22","6.98","0","10","6","7"
"1996","Not Employed","(2c_gen) general maturity certificate","6.41","7","106","3","5","8","8","10","5.97","6.85","1","10","6","8"
"1996","Not Employed","(2c_voc) vocational maturity certificate","5.99","6","109","3","5","8","9","10","5.57","6.41","1","10","5","7"
"1996","Not Employed","(3a) lower tertiary education","6.62","7","142","3","5","8","9","10","6.26","6.98","0","10","6","7"
"1996","Not Employed","(3b) higher tertiary education","6.3","7","126","3","5","8","9","10","5.89","6.71","0","10","6","7"
"1997","Employed","(0) in school","","","","","","","","","","","","","",""
"1997","Employed","(1a) inadequately completed","6.78","7","183","5","5","8","9","10","6.5","7.06","2","10","6","7"
"1997","Employed","(1b) general elementary school","6.67","7","580","4","5","8","10","10","6.5","6.84","0","10","7","7"
"1997","Employed","(1c) basic vocational qualification","6.4","7","1536","4","5","8","9","10","6.3","6.5","0","10","7","7"
"1997","Employed","(2a) intermediate vocational","6.38","7","1386","4","5","8","9","10","6.28","6.48","0","10","7","7"
"1997","Employed","(2b) intermediate general qualification","6.41","6","208","4","5","8","9","10","6.12","6.7","0","10","6","7"
"1997","Employed","(2c_gen) general maturity certificate","6.94","7","140","5","6","8","9","10","6.6","7.28","0","10","7","7"
"1997","Employed","(2c_voc) vocational maturity certificate","6.25","6","312","3","5","8","9","10","6.03","6.47","0","10","6","7"
"1997","Employed","(3a) lower tertiary education","6.34","7","414","3","5","8","8","10","6.16","6.52","0","10","6","7"
"1997","Employed","(3b) higher tertiary education","6.36","7","392","4","5","8","9","10","6.17","6.55","0","10","6","7"
"1997","Not Employed","(0) in school","6.47","6.68","130","3","5","8","10","10","6.08","6.86","1","10","5","7"
"1997","Not Employed","(1a) inadequately completed","6.06","6","214","3","5","8","9","10","5.76","6.36","0","10","6","7"
"1997","Not Employed","(1b) general elementary school","6.53","7","897","4","5","8","9","10","6.39","6.67","0","10","7","7"
"1997","Not Employed","(1c) basic vocational qualification","6.61","7","1191","4","5","8","10","10","6.49","6.73","0","10","7","7"
"1997","Not Employed","(2a) intermediate vocational","6.44","7","487","4","5","8","9","10","6.26","6.62","0","10","6","7"
"1997","Not Employed","(2b) intermediate general qualification","6.66","7","124","5","5","8","10","10","6.31","7.01","1","10","6","7"
"1997","Not Employed","(2c_gen) general maturity certificate","6.07","6.33","109","3","5","8","8","10","5.64","6.5","2","10","6","7"
"1997","Not Employed","(2c_voc) vocational maturity certificate","6.34","6","100","4","5","8","10","10","5.85","6.83","0","10","6","7"
"1997","Not Employed","(3a) lower tertiary education","6.46","7","148","4","5","8","9","10","6.14","6.78","2","10","6","7"
"1997","Not Employed","(3b) higher tertiary education","6.1","6","128","3","5","8","9","10","5.71","6.49","0","10","6","7"
"1998","Employed","(0) in school","","","","","","","","","","","","","",""
"1998","Employed","(1a) inadequately completed","6.57","7","162","5","5","8","9","10","6.28","6.86","2","10","7","7"
"1998","Employed","(1b) general elementary school","6.6","7","616","4","5","8","10","10","6.43","6.77","0","10","7","7"
"1998","Employed","(1c) basic vocational qualification","6.61","7","1572","4","5","8","9","10","6.51","6.71","0","10","7","7"
"1998","Employed","(2a) intermediate vocational","6.6","7","1574","4","5","8","9","10","6.5","6.7","0","10","7","7"
"1998","Employed","(2b) intermediate general qualification","6.43","7","225","4","5","8","9","10","6.15","6.71","0","10","6","7"
"1998","Employed","(2c_gen) general maturity certificate","6.38","7","159","4","5","8","9","10","6.05","6.71","0","10","6","7"
"1998","Employed","(2c_voc) vocational maturity certificate","6.58","7","351","4","5","8","9","10","6.37","6.79","1","10","7","7"
"1998","Employed","(3a) lower tertiary education","6.62","7","469","4","5","8","9","10","6.45","6.79","0","10","7","7"
"1998","Employed","(3b) higher tertiary education","6.43","7","434","4","5","8","9","10","6.24","6.62","0","10","6","7"
"1998","Not Employed","(0) in school","5.97","5","125","3","5","8","9","10","5.55","6.39","0","10","5","7"
"1998","Not Employed","(1a) inadequately completed","6.38","6","190","3","5","8","9","10","6.07","6.69","0","10","6","7"
"1998","Not Employed","(1b) general elementary school","6.51","7","970","4","5","8","10","10","6.38","6.64","0","10","7","7"
"1998","Not Employed","(1c) basic vocational qualification","6.49","7","1376","4","5","8","9","10","6.38","6.6","0","10","7","7"
"1998","Not Employed","(2a) intermediate vocational","6.59","7","533","4","5","8","9","10","6.41","6.77","0","10","7","7"
"1998","Not Employed","(2b) intermediate general qualification","6.81","7","142","5","5","8","10","10","6.49","7.13","2","10","7","7"
"1998","Not Employed","(2c_gen) general maturity certificate","6.59","7","127","4","5","8","9","10","6.21","6.97","1","10","6","7"
"1998","Not Employed","(2c_voc) vocational maturity certificate","6.17","6","122","3","5","8","9","10","5.8","6.54","1","10","6","7"
"1998","Not Employed","(3a) lower tertiary education","6.36","6.15","160","4","5","8","9","10","6.04","6.68","0","10","6","7"
"1998","Not Employed","(3b) higher tertiary education","6.44","7","147","3","5","8","8","10","6.08","6.8","0","10","6","7"
"1999","Employed","(0) in school","","","","","","","","","","","","","",""
"1999","Employed","(1a) inadequately completed","6.3","6","158","5","5","8","8","10","5.98","6.62","0","10","6","7"
"1999","Employed","(1b) general elementary school","6.6","7","568","4","5","8","10","10","6.42","6.78","0","10","6","7"
"1999","Employed","(1c) basic vocational qualification","6.58","7","1633","4","5","8","9","10","6.48","6.68","0","10","7","7"
"1999","Employed","(2a) intermediate vocational","6.63","7","1628","4","5","8","9","10","6.54","6.72","0","10","7","7"
"1999","Employed","(2b) intermediate general qualification","6.72","7","246","4","5","8","10","10","6.45","6.99","0","10","6","7"
"1999","Employed","(2c_gen) general maturity certificate","6.48","6","183","4","5","8","9","10","6.15","6.81","0","10","6","7"
"1999","Employed","(2c_voc) vocational maturity certificate","6.38","7","387","4","5","8","9","10","6.19","6.57","0","10","6","7"
"1999","Employed","(3a) lower tertiary education","6.53","7","461","4","5","8","9","10","6.35","6.71","0","10","7","7"
"1999","Employed","(3b) higher tertiary education","6.14","6","446","3","5","8","9","10","5.95","6.33","0","10","6","7"
"1999","Not Employed","(0) in school","6.15","6","114","3","5","8","10","10","5.72","6.58","0","10","5","7"
"1999","Not Employed","(1a) inadequately completed","6.11","6","193","3","5","8","9","10","5.81","6.41","0","10","6","7"
"1999","Not Employed","(1b) general elementary school","6.56","7","941","4","5","8","10","10","6.43","6.69","0","10","7","7"
"1999","Not Employed","(1c) basic vocational qualification","6.49","7","1327","4","5","8","9","10","6.38","6.6","0","10","7","7"
"1999","Not Employed","(2a) intermediate vocational","6.65","7","502","4","5","8","9","10","6.48","6.82","0","10","7","7"
"1999","Not Employed","(2b) intermediate general qualification","6.69","7","133","4","5","8","9","10","6.33","7.05","1","10","6","7"
"1999","Not Employed","(2c_gen) general maturity certificate","6.57","7","109","4","5","8","9","10","6.17","6.97","0","10","6","7"
"1999","Not Employed","(2c_voc) vocational maturity certificate","6.09","6","110","3","5","8","9","10","5.68","6.5","0","10","6","7"
"1999","Not Employed","(3a) lower tertiary education","6.12","6","167","3","5","8","8","10","5.79","6.45","0","10","6","7"
"1999","Not Employed","(3b) higher tertiary education","5.99","6","156","3","5","7","8","10","5.64","6.34","0","10","6","7"
"2000","Employed","(0) in school","6.17","6","41","4","5","8","9","10","5.42","6.92","0","10","5","7"
"2000","Employed","(1a) inadequately completed","6.33","6","117","4","5","8","10","10","5.94","6.72","0","10","5","7"
"2000","Employed","(1b) general elementary school","6.67","7","804","4","5","8","10","10","6.51","6.83","0","10","7","7"
"2000","Employed","(1c) basic vocational qualification","6.66","7","2933","4","5","8","10","10","6.58","6.74","0","10","7","7"
"2000","Employed","(2a) intermediate vocational","6.61","7","3162","4","5","8","9","10","6.54","6.68","0","10","7","7"
"2000","Employed","(2b) intermediate general qualification","6.51","7","297","4","5","8","10","10","6.24","6.78","0","10","6","7"
"2000","Employed","(2c_gen) general maturity certificate","6.48","7","293","4","5","8","10","10","6.23","6.73","0","10","6","7"
"2000","Employed","(2c_voc) vocational maturity certificate","6.48","7","829","4","5","8","9","10","6.34","6.62","0","10","6","7"
"2000","Employed","(3a) lower tertiary education","6.4","6","793","4","5","8","9","10","6.26","6.54","0","10","6","7"
"2000","Employed","(3b) higher tertiary education","6.3","7","1029","3","5","8","9","10","6.17","6.43","0","10","6","7"
"2000","Not Employed","(0) in school","6.24","6","186","3","5","8","9","10","5.89","6.59","0","10","6","7"
"2000","Not Employed","(1a) inadequately completed","6.55","7","202","3","5","8","10","10","6.24","6.86","0","10","6","7"
"2000","Not Employed","(1b) general elementary school","6.67","7","1457","4","5","8","10","10","6.56","6.78","0","10","7","7"
"2000","Not Employed","(1c) basic vocational qualification","6.7","7","2811","4","5","8","9","10","6.62","6.78","0","10","7","7"
"2000","Not Employed","(2a) intermediate vocational","6.61","7","1051","4","5","8","9","10","6.49","6.73","0","10","7","7"
"2000","Not Employed","(2b) intermediate general qualification","6.5","7","175","4","5","8","10","10","6.17","6.83","0","10","6","7"
"2000","Not Employed","(2c_gen) general maturity certificate","6.47","7","197","3","5","8","9","10","6.17","6.77","0","10","6","7"
"2000","Not Employed","(2c_voc) vocational maturity certificate","6.78","7","317","4","5","8","9","10","6.55","7.01","0","10","7","7"
"2000","Not Employed","(3a) lower tertiary education","6.62","7","309","4","5","8","9","10","6.4","6.84","1","10","7","7"
"2000","Not Employed","(3b) higher tertiary education","6.64","7","343","4","5","8","9","10","6.42","6.86","0","10","6","7"
"2001","Employed","(0) in school","5.79","6","65","2","5","8","9","10","5.19","6.39","0","10","5","7"
"2001","Employed","(1a) inadequately completed","6.52","7","97","4","5","8","10","10","6.02","7.02","0","10","6","8"
"2001","Employed","(1b) general elementary school","6.4","7","779","3","5","8","10","10","6.24","6.56","0","10","7","7"
"2001","Employed","(1c) basic vocational qualification","6.71","7","2637","4","5","8","9","10","6.63","6.79","0","10","7","7"
"2001","Employed","(2a) intermediate vocational","6.75","7","2976","4","5","8","9","10","6.68","6.82","0","10","7","7"
"2001","Employed","(2b) intermediate general qualification","6.45","7","281","3","5","8","10","10","6.17","6.73","0","10","6","7"
"2001","Employed","(2c_gen) general maturity certificate","6.33","7","334","4","5","8","9","10","6.1","6.56","0","10","6","7"
"2001","Employed","(2c_voc) vocational maturity certificate","6.5","7","758","4","5","8","9","10","6.36","6.64","0","10","7","7"
"2001","Employed","(3a) lower tertiary education","6.48","7","771","4","5","8","9","10","6.34","6.62","0","10","7","7"
"2001","Employed","(3b) higher tertiary education","6.52","7","968","4","5","8","9","10","6.39","6.65","0","10","7","7"
"2001","Not Employed","(0) in school","6.21","6","209","3","5","8","9","10","5.9","6.52","0","10","6","7"
"2001","Not Employed","(1a) inadequately completed","6.32","6","152","3","5","8","10","10","5.96","6.68","0","10","6","7"
"2001","Not Employed","(1b) general elementary school","6.62","7","1207","4","5","8","10","10","6.5","6.74","0","10","7","7"
"2001","Not Employed","(1c) basic vocational qualification","6.75","7","2521","4","5","8","9","10","6.67","6.83","0","10","7","7"
"2001","Not Employed","(2a) intermediate vocational","6.65","7","978","4","5","8","9","10","6.52","6.78","0","10","7","7"
"2001","Not Employed","(2b) intermediate general qualification","7.05","7","153","5","6","8","9","10","6.71","7.39","0","10","6","7"
"2001","Not Employed","(2c_gen) general maturity certificate","6.2","6","178","4","5","8","9","10","5.89","6.51","0","10","6","7"
"2001","Not Employed","(2c_voc) vocational maturity certificate","6.49","7","317","3","5","8","9","10","6.25","6.73","0","10","6","7"
"2001","Not Employed","(3a) lower tertiary education","6.64","7","312","4","5","8","9","10","6.42","6.86","0","10","6","7"
"2001","Not Employed","(3b) higher tertiary education","6.55","7","309","4","5","8","9","10","6.33","6.77","0","10","7","7"
"2002","Employed","(0) in school","6.31","6","63","4","5","8","9","10","5.79","6.83","0","10","5","7"
"2002","Employed","(1a) inadequately completed","6.44","6","80","4","5","8","10","10","5.94","6.94","0","10","6","7"
"2002","Employed","(1b) general elementary school","6.53","7","682","4","5","8","9","10","6.37","6.69","0","10","7","7"
"2002","Employed","(1c) basic vocational qualification","6.62","7","2538","4","5","8","9","10","6.54","6.7","0","10","7","7"
"2002","Employed","(2a) intermediate vocational","6.6","7","3100","4","5","8","9","10","6.53","6.67","0","10","7","7"
"2002","Employed","(2b) intermediate general qualification","6.6","7","278","4","5","8","10","10","6.34","6.86","0","10","6","7"
"2002","Employed","(2c_gen) general maturity certificate","6.59","7","355","4","5","8","9","10","6.37","6.81","0","10","7","7"
"2002","Employed","(2c_voc) vocational maturity certificate","6.47","7","834","4","5","8","9","10","6.34","6.6","0","10","7","7"
"2002","Employed","(3a) lower tertiary education","6.58","7","867","4","5","8","9","10","6.45","6.71","0","10","7","7"
"2002","Employed","(3b) higher tertiary education","6.46","7","1347","3","5","8","9","10","6.35","6.57","0","10","7","7"
"2002","Not Employed","(0) in school","6.16","6","216","3","5","8","9","10","5.84","6.48","0","10","6","7"
"2002","Not Employed","(1a) inadequately completed","6.26","6","132","4","5","8","9","10","5.87","6.65","0","10","5","7"
"2002","Not Employed","(1b) general elementary school","6.57","7","1137","4","5","8","10","10","6.45","6.69","0","10","7","7"
"2002","Not Employed","(1c) basic vocational qualification","6.53","7","2472","4","5","8","9","10","6.45","6.61","0","10","7","7"
"2002","Not Employed","(2a) intermediate vocational","6.41","7","1025","4","5","8","9","10","6.29","6.53","0","10","7","7"
"2002","Not Employed","(2b) intermediate general qualification","6.71","7","158","4","5","8","9","10","6.4","7.02","1","10","6","7"
"2002","Not Employed","(2c_gen) general maturity certificate","6.6","7","200","4","5","8","9","10","6.31","6.89","0","10","6","7"
"2002","Not Employed","(2c_voc) vocational maturity certificate","6.46","7","331","3","5","8","9","10","6.23","6.69","0","10","7","7"
"2002","Not Employed","(3a) lower tertiary education","6.25","6","328","4","5","8","9","10","6.03","6.47","0","10","6","7"
"2002","Not Employed","(3b) higher tertiary education","6.32","6","373","4","5","8","9","10","6.11","6.53","0","10","7","7"
"2003","Employed","(0) in school","6.25","6","65","3","5","9","10","10","5.58","6.92","0","10","5","7"
"2003","Employed","(1a) inadequately completed","6.23","6","95","3","5","8","9","10","5.78","6.68","0","10","6","7"
"2003","Employed","(1b) general elementary school","6.54","7","648","4","5","8","10","10","6.37","6.71","0","10","7","7"
"2003","Employed","(1c) basic vocational qualification","6.7","7","2438","4","5","8","9","10","6.62","6.78","0","10","7","7"
"2003","Employed","(2a) intermediate vocational","6.59","7","3064","4","5","8","9","10","6.52","6.66","0","10","7","7"
"2003","Employed","(2b) intermediate general qualification","6.24","6","297","3","5","8","10","10","5.98","6.5","0","10","6","7"
"2003","Employed","(2c_gen) general maturity certificate","6.72","7","331","4","5","8","9","10","6.51","6.93","0","10","7","7"
"2003","Employed","(2c_voc) vocational maturity certificate","6.64","7","876","4","5","8","9","10","6.52","6.76","0","10","7","7"
"2003","Employed","(3a) lower tertiary education","6.3","7","844","3","5","8","9","10","6.16","6.44","0","10","7","7"
"2003","Employed","(3b) higher tertiary education","6.47","7","1315","4","5","8","9","10","6.36","6.58","0","10","7","7"
"2003","Not Employed","(0) in school","6.09","6","236","3","5","8","9","10","5.81","6.37","0","10","6","7"
"2003","Not Employed","(1a) inadequately completed","6.47","7","136","4","5","8","9","10","6.08","6.86","0","10","6","7"
"2003","Not Employed","(1b) general elementary school","6.51","7","1108","4","5","8","9","10","6.38","6.64","0","10","7","7"
"2003","Not Employed","(1c) basic vocational qualification","6.62","7","2440","4","5","8","9","10","6.54","6.7","0","10","7","7"
"2003","Not Employed","(2a) intermediate vocational","6.49","7","1018","3","5","8","9","10","6.37","6.61","0","10","7","7"
"2003","Not Employed","(2b) intermediate general qualification","6.48","6","155","4","5","8","9","10","6.15","6.81","0","10","6","7"
"2003","Not Employed","(2c_gen) general maturity certificate","6.38","7","207","4","5","8","9","10","6.09","6.67","0","10","6","7"
"2003","Not Employed","(2c_voc) vocational maturity certificate","6.32","7","323","3","5","8","9","10","6.1","6.54","0","10","7","7"
"2003","Not Employed","(3a) lower tertiary education","6.5","7","354","4","5","8","9","10","6.29","6.71","0","10","7","7"
"2003","Not Employed","(3b) higher tertiary education","6.47","7","384","4","5","8","9","10","6.26","6.68","0","10","7","7"
"2004","Employed","(0) in school","6.19","7","59","2","5","8","9","10","5.47","6.91","0","10","6","7"
"2004","Employed","(1a) inadequately completed","6.82","7","86","3","5","9","10","10","6.32","7.32","0","10","6","8"
"2004","Employed","(1b) general elementary school","6.66","7","608","4","5","8","10","10","6.49","6.83","0","10","7","7"
"2004","Employed","(1c) basic vocational qualification","6.74","7","2367","4","5","8","9","10","6.66","6.82","0","10","7","7"
"2004","Employed","(2a) intermediate vocational","6.57","7","2959","4","5","8","9","10","6.5","6.64","0","10","7","7"
"2004","Employed","(2b) intermediate general qualification","6.51","7","280","4","5","8","9","10","6.26","6.76","0","10","6","7"
"2004","Employed","(2c_gen) general maturity certificate","6.53","7","321","4","5","8","9","10","6.31","6.75","0","10","6","7"
"2004","Employed","(2c_voc) vocational maturity certificate","6.62","7","881","4","5","8","9","10","6.49","6.75","0","10","7","7"
"2004","Employed","(3a) lower tertiary education","6.35","6","829","4","5","8","8","10","6.22","6.48","0","10","7","7"
"2004","Employed","(3b) higher tertiary education","6.32","7","1291","3","5","8","9","10","6.21","6.43","0","10","7","7"
"2004","Not Employed","(0) in school","6.34","6","256","3","5","8","10","10","6.06","6.62","0","10","6","7"
"2004","Not Employed","(1a) inadequately completed","5.92","6","128","2","5","8","9","10","5.52","6.32","0","10","5","7"
"2004","Not Employed","(1b) general elementary school","6.5","7","1056","4","5","8","9","10","6.37","6.63","0","10","7","7"
"2004","Not Employed","(1c) basic vocational qualification","6.51","7","2384","4","5","8","9","10","6.43","6.59","0","10","7","7"
"2004","Not Employed","(2a) intermediate vocational","6.37","7","1069","4","5","8","9","10","6.26","6.48","0","10","7","7"
"2004","Not Employed","(2b) intermediate general qualification","6.71","7","154","5","5","8","9","10","6.39","7.03","0","10","6","7"
"2004","Not Employed","(2c_gen) general maturity certificate","6.64","7","219","4","5","8","9","10","6.37","6.91","0","10","6","7"
"2004","Not Employed","(2c_voc) vocational maturity certificate","6.4","7","312","4","5","8","9","10","6.17","6.63","0","10","7","7"
"2004","Not Employed","(3a) lower tertiary education","6.34","7","359","4","5","8","9","10","6.13","6.55","0","10","7","7"
"2004","Not Employed","(3b) higher tertiary education","6.52","7","403","4","5","8","9","10","6.32","6.72","0","10","7","7"
"2005","Employed","(0) in school","6.14","6.42","63","1","5","9","10","10","5.55","6.73","0","10","6","8"
"2005","Employed","(1a) inadequately completed","6.1","6.37","70","3","5","8","10","10","5.49","6.71","0","10","5","7"
"2005","Employed","(1b) general elementary school","6.53","7","548","4","5","8","10","10","6.34","6.72","0","10","7","7"
"2005","Employed","(1c) basic vocational qualification","6.58","7","2202","4","5","8","9","10","6.5","6.66","0","10","7","7"
"2005","Employed","(2a) intermediate vocational","6.65","7","2857","4","5","8","9","10","6.58","6.72","0","10","7","7"
"2005","Employed","(2b) intermediate general qualification","6.27","6","275","4","5","8","9","10","6.01","6.53","0","10","6","7"
"2005","Employed","(2c_gen) general maturity certificate","6.43","6","333","4","5","8","9","10","6.22","6.64","0","10","6","7"
"2005","Employed","(2c_voc) vocational maturity certificate","6.48","7","859","4","5","8","9","10","6.35","6.61","0","10","7","7"
"2005","Employed","(3a) lower tertiary education","6.47","7","811","4","5","8","9","10","6.33","6.61","0","10","7","7"
"2005","Employed","(3b) higher tertiary education","6.56","7","1268","4","5","8","9","10","6.45","6.67","0","10","7","7"
"2005","Not Employed","(0) in school","6.75","7","285","4","5","8","10","10","6.49","7.01","0","10","6","7"
"2005","Not Employed","(1a) inadequately completed","6.55","7","128","3","5","8","10","10","6.13","6.97","0","10","6","7"
"2005","Not Employed","(1b) general elementary school","6.45","7","976","3","5","8","9","10","6.31","6.59","0","10","7","7"
"2005","Not Employed","(1c) basic vocational qualification","6.57","7","2277","4","5","8","9","10","6.48","6.66","0","10","7","7"
"2005","Not Employed","(2a) intermediate vocational","6.28","6","1003","3","5","8","9","10","6.15","6.41","0","10","7","7"
"2005","Not Employed","(2b) intermediate general qualification","6.55","6","168","4","5","8","9","10","6.24","6.86","0","10","6","7"
"2005","Not Employed","(2c_gen) general maturity certificate","6.39","7","207","3","5","8","9","10","6.11","6.67","1","10","6","7"
"2005","Not Employed","(2c_voc) vocational maturity certificate","6.37","6","309","3","5","8","10","10","6.13","6.61","0","10","6","7"
"2005","Not Employed","(3a) lower tertiary education","6.49","7","361","4","5","8","9","10","6.28","6.7","0","10","7","7"
"2005","Not Employed","(3b) higher tertiary education","6.69","7","412","4","5","8","9","10","6.5","6.88","0","10","7","8"
"2006","Employed","(0) in school","6.66","7","49","4","5","8","9","10","6.06","7.26","1","10","6","8"
"2006","Employed","(1a) inadequately completed","6.19","6","60","4","5","8","9","10","5.69","6.69","0","10","5","7"
"2006","Employed","(1b) general elementary school","6.6","7","529","4","5","8","10","10","6.42","6.78","0","10","6","7"
"2006","Employed","(1c) basic vocational qualification","6.67","7","2329","4","5","8","9","10","6.59","6.75","0","10","7","7"
"2006","Employed","(2a) intermediate vocational","6.64","7","3033","4","5","8","9","10","6.57","6.71","0","10","7","7"
"2006","Employed","(2b) intermediate general qualification","6.48","7","273","3","5","8","9","10","6.22","6.74","0","10","7","7"
"2006","Employed","(2c_gen) general maturity certificate","6.71","7","323","4","5","8","9","10","6.49","6.93","0","10","7","7"
"2006","Employed","(2c_voc) vocational maturity certificate","6.35","7","965","4","5","8","9","10","6.23","6.47","0","10","7","7"
"2006","Employed","(3a) lower tertiary education","6.55","7","897","4","5","8","9","10","6.42","6.68","0","10","7","7"
"2006","Employed","(3b) higher tertiary education","6.51","7","1387","4","5","8","9","10","6.41","6.61","0","10","7","7"
"2006","Not Employed","(0) in school","6.56","7","166","4","5","8","9","10","6.24","6.88","2","10","6","7"
"2006","Not Employed","(1a) inadequately completed","6.05","6","129","3","5","8","9","10","5.67","6.43","0","10","6","7"
"2006","Not Employed","(1b) general elementary school","6.54","7","1094","4","5","8","9","10","6.41","6.67","0","10","7","7"
"2006","Not Employed","(1c) basic vocational qualification","6.56","7","2499","4","5","8","9","10","6.48","6.64","0","10","7","7"
"2006","Not Employed","(2a) intermediate vocational","6.49","7","1165","4","5","8","9","10","6.37","6.61","0","10","7","7"
"2006","Not Employed","(2b) intermediate general qualification","6.1","7","150","3","5","7","9","10","5.76","6.44","0","10","6","7"
"2006","Not Employed","(2c_gen) general maturity certificate","6.35","6","260","4","5","8","9","10","6.1","6.6","0","10","7","7"
"2006","Not Employed","(2c_voc) vocational maturity certificate","6.43","7","315","3","5","8","9","10","6.19","6.67","0","10","7","7"
"2006","Not Employed","(3a) lower tertiary education","6.06","6","400","3","5","8","9","10","5.85","6.27","0","10","6","7"
"2006","Not Employed","(3b) higher tertiary education","6.41","7","500","3","5","8","9","10","6.22","6.6","0","10","7","7"
"2007","Employed","(0) in school","6.46","6","34","5","5","8","8","10","5.76","7.16","1","10","6","8"
"2007","Employed","(1a) inadequately completed","6.13","6","67","3","5","8","9","10","5.61","6.65","0","10","6","7"
"2007","Employed","(1b) general elementary school","6.73","7","485","4","5","8","10","10","6.54","6.92","0","10","7","7"
"2007","Employed","(1c) basic vocational qualification","6.66","7","2125","4","5","8","9","10","6.58","6.74","0","10","7","7"
"2007","Employed","(2a) intermediate vocational","6.69","7","2913","4","5","8","9","10","6.62","6.76","0","10","7","7"
"2007","Employed","(2b) intermediate general qualification","6.86","7","237","4","5","8","10","10","6.59","7.13","0","10","7","8"
"2007","Employed","(2c_gen) general maturity certificate","6.59","7","343","4","5","8","9","10","6.38","6.8","0","10","7","7"
"2007","Employed","(2c_voc) vocational maturity certificate","6.31","7","916","4","5","8","8","10","6.18","6.44","0","10","7","7"
"2007","Employed","(3a) lower tertiary education","6.78","7","850","4","5","8","9","10","6.65","6.91","1","10","7","7"
"2007","Employed","(3b) higher tertiary education","6.63","7","1357","4","5","8","9","10","6.53","6.73","0","10","7","7"
"2007","Not Employed","(0) in school","6.8","7","149","4","6","8","10","10","6.45","7.15","0","10","6","7"
"2007","Not Employed","(1a) inadequately completed","5.94","6","114","3","5","8","8","10","5.52","6.36","0","10","5","7"
"2007","Not Employed","(1b) general elementary school","6.46","7","955","4","5","8","9","10","6.33","6.59","0","10","7","7"
"2007","Not Employed","(1c) basic vocational qualification","6.69","7","2304","4","5","8","9","10","6.61","6.77","0","10","7","7"
"2007","Not Employed","(2a) intermediate vocational","6.39","7","1101","4","5","8","9","10","6.27","6.51","0","10","7","7"
"2007","Not Employed","(2b) intermediate general qualification","6.11","6","147","4","5","8","8","10","5.76","6.46","0","10","6","7"
"2007","Not Employed","(2c_gen) general maturity certificate","6.57","7","225","4","5","8","9","10","6.29","6.85","0","10","7","7"
"2007","Not Employed","(2c_voc) vocational maturity certificate","6.58","7","317","4","5","8","9","10","6.35","6.81","0","10","7","7"
"2007","Not Employed","(3a) lower tertiary education","6.51","7","396","4","5","8","9","10","6.32","6.7","0","10","7","7"
"2007","Not Employed","(3b) higher tertiary education","6.26","7","500","3","5","8","9","10","6.08","6.44","0","10","7","7"
"2008","Employed","(0) in school","6.54","7.82","39","1","5","9","10","10","5.82","7.26","1","10","5","8"
"2008","Employed","(1a) inadequately completed","5.89","5","56","4","5","7","9","10","5.39","6.39","0","10","5","7"
"2008","Employed","(1b) general elementary school","6.67","7","440","4","5","8","10","10","6.47","6.87","0","10","7","7"
"2008","Employed","(1c) basic vocational qualification","6.63","7","1998","4","5","8","9","10","6.54","6.72","0","10","7","7"
"2008","Employed","(2a) intermediate vocational","6.67","7","2846","4","5","8","9","10","6.6","6.74","0","10","7","7"
"2008","Employed","(2b) intermediate general qualification","6.88","7","219","4","5","8","10","10","6.6","7.16","0","10","7","7"
"2008","Employed","(2c_gen) general maturity certificate","6.5","7","308","4","5","8","9","10","6.29","6.71","0","10","6","7"
"2008","Employed","(2c_voc) vocational maturity certificate","6.55","7","849","4","5","8","9","10","6.43","6.67","0","10","7","7"
"2008","Employed","(3a) lower tertiary education","6.61","7","809","4","5","8","9","10","6.48","6.74","0","10","7","7"
"2008","Employed","(3b) higher tertiary education","6.54","7","1287","4","5","8","9","10","6.44","6.64","0","10","7","7"
"2008","Not Employed","(0) in school","6.61","7","138","4","5","8","9","10","6.26","6.96","0","10","6","7"
"2008","Not Employed","(1a) inadequately completed","6.49","7","93","3","5","8","9","10","6.08","6.9","2","10","6","7"
"2008","Not Employed","(1b) general elementary school","6.64","7","868","4","5","8","9","10","6.5","6.78","0","10","7","7"
"2008","Not Employed","(1c) basic vocational qualification","6.67","7","2157","4","5","8","9","10","6.59","6.75","0","10","7","7"
"2008","Not Employed","(2a) intermediate vocational","6.59","7","993","4","5","8","9","10","6.47","6.71","0","10","7","7"
"2008","Not Employed","(2b) intermediate general qualification","6.65","7","144","5","5","8","9","10","6.32","6.98","0","10","6","7"
"2008","Not Employed","(2c_gen) general maturity certificate","6.65","7","198","4","6","8","9","10","6.38","6.92","0","10","7","7"
"2008","Not Employed","(2c_voc) vocational maturity certificate","6.36","7","270","4","5","8","9","10","6.11","6.61","0","10","6","7"
"2008","Not Employed","(3a) lower tertiary education","6.63","7","397","4","5","8","9","10","6.44","6.82","0","10","7","7"
"2008","Not Employed","(3b) higher tertiary education","6.96","7","484","5","6","8","9","10","6.78","7.14","0","10","7","7"
"2009","Employed","(0) in school","6.79","7","40","4","6","8","9","10","6.18","7.4","3","10","6","8"
"2009","Employed","(1a) inadequately completed","6","6","59","3","5","8","9","10","5.44","6.56","0","10","6","7"
"2009","Employed","(1b) general elementary school","6.7","7","395","4","5","8","10","10","6.49","6.91","0","10","7","7"
"2009","Employed","(1c) basic vocational qualification","6.54","7","1884","4","5","8","9","10","6.45","6.63","0","10","7","7"
"2009","Employed","(2a) intermediate vocational","6.72","7","2732","4","5","8","9","10","6.65","6.79","0","10","7","7"
"2009","Employed","(2b) intermediate general qualification","6.6","7","213","3","5","8","9","10","6.31","6.89","0","10","7","8"
"2009","Employed","(2c_gen) general maturity certificate","7.05","7","311","5","6","8","9","10","6.85","7.25","1","10","7","7"
"2009","Employed","(2c_voc) vocational maturity certificate","6.49","7","800","4","5","8","9","10","6.36","6.62","0","10","7","7"
"2009","Employed","(3a) lower tertiary education","6.74","7","821","4","6","8","9","10","6.62","6.86","0","10","7","7"
"2009","Employed","(3b) higher tertiary education","6.68","7","1264","4","5","8","9","10","6.58","6.78","0","10","7","7"
"2009","Not Employed","(0) in school","6.34","7","119","3","5","8","9","10","5.96","6.72","0","10","7","7"
"2009","Not Employed","(1a) inadequately completed","6.18","6","90","4","5","8","10","10","5.72","6.64","1","10","6","7"
"2009","Not Employed","(1b) general elementary school","6.66","7","756","4","5","8","9","10","6.52","6.8","0","10","7","7"
"2009","Not Employed","(1c) basic vocational qualification","6.73","7","1992","4","5","8","9","10","6.64","6.82","0","10","7","7"
"2009","Not Employed","(2a) intermediate vocational","6.55","7","910","4","5","8","9","10","6.43","6.67","0","10","7","7"
"2009","Not Employed","(2b) intermediate general qualification","6.91","7","119","4","5","8","10","10","6.5","7.32","0","10","7","8"
"2009","Not Employed","(2c_gen) general maturity certificate","6.7","7","177","5","5","8","9","10","6.43","6.97","1","10","7","7"
"2009","Not Employed","(2c_voc) vocational maturity certificate","6.6","7","265","4","5","8","9","10","6.37","6.83","0","10","7","7"
"2009","Not Employed","(3a) lower tertiary education","6.4","7","354","3","5","8","9","10","6.19","6.61","0","10","7","7"
"2009","Not Employed","(3b) higher tertiary education","6.73","7","478","4","6","8","9","10","6.55","6.91","0","10","7","7"
"2010","Employed","(0) in school","6.5","7","52","5","5","7","9","10","5.88","7.12","0","10","6","8"
"2010","Employed","(1a) inadequately completed","6.75","7","113","4","5","8","9","10","6.32","7.18","0","10","6","8"
"2010","Employed","(1b) general elementary school","6.58","7","606","3","5","8","9","10","6.4","6.76","0","10","7","7"
"2010","Employed","(1c) basic vocational qualification","6.78","7","2473","4","5","8","9","10","6.7","6.86","0","10","7","7"
"2010","Employed","(2a) intermediate vocational","6.72","7","3957","4","5","8","9","10","6.66","6.78","0","10","7","7"
"2010","Employed","(2b) intermediate general qualification","6.91","7","307","4","5","9","10","10","6.68","7.14","0","10","7","7"
"2010","Employed","(2c_gen) general maturity certificate","6.99","7","415","5","6","8","9","10","6.81","7.17","0","10","7","7"
"2010","Employed","(2c_voc) vocational maturity certificate","6.6","7","1351","5","5","8","9","10","6.5","6.7","0","10","7","7"
"2010","Employed","(3a) lower tertiary education","6.75","7","1108","4","5","8","9","10","6.64","6.86","0","10","7","7"
"2010","Employed","(3b) higher tertiary education","6.77","7","2017","4","6","8","9","10","6.68","6.86","0","10","7","7"
"2010","Not Employed","(0) in school","7.08","7","199","5","5","8","10","10","6.77","7.39","0","10","7","8"
"2010","Not Employed","(1a) inadequately completed","6.33","6","192","2","5","8","10","10","5.94","6.72","0","10","6","8"
"2010","Not Employed","(1b) general elementary school","6.57","7","987","4","5","8","9","10","6.44","6.7","0","10","7","7"
"2010","Not Employed","(1c) basic vocational qualification","6.66","7","2190","4","5","8","9","10","6.57","6.75","0","10","7","7"
"2010","Not Employed","(2a) intermediate vocational","6.63","7","1324","4","5","8","9","10","6.52","6.74","0","10","7","7"
"2010","Not Employed","(2b) intermediate general qualification","6.72","7","210","3","5","8","9","10","6.43","7.01","0","10","7","7"
"2010","Not Employed","(2c_gen) general maturity certificate","7.17","7","274","5","6","8","9","10","6.94","7.4","1","10","7","7"
"2010","Not Employed","(2c_voc) vocational maturity certificate","6.74","7","455","4","5","8","9","10","6.56","6.92","0","10","7","7"
"2010","Not Employed","(3a) lower tertiary education","6.58","7","410","4","5","8","9","10","6.39","6.77","0","10","7","7"
"2010","Not Employed","(3b) higher tertiary education","6.77","7","653","4","5","8","9","10","6.62","6.92","0","10","7","7"
"2011","Employed","(0) in school","7.61","8","57","5","6","9","10","10","7.09","8.13","0","10","6","8"
"2011","Employed","(1a) inadequately completed","6.8","7","134","5","5","8","9","10","6.42","7.18","1","10","7","8"
"2011","Employed","(1b) general elementary school","6.83","7","669","5","5","8","10","10","6.67","6.99","0","10","7","7"
"2011","Employed","(1c) basic vocational qualification","6.85","7","2660","5","5","8","9","10","6.77","6.93","0","10","7","7"
"2011","Employed","(2a) intermediate vocational","6.83","7","4250","4","5","8","9","10","6.77","6.89","0","10","7","7"
"2011","Employed","(2b) intermediate general qualification","6.76","7","365","4","5","8","10","10","6.55","6.97","0","10","7","7"
"2011","Employed","(2c_gen) general maturity certificate","7.05","7","461","4","6","8","9","10","6.88","7.22","0","10","7","7"
"2011","Employed","(2c_voc) vocational maturity certificate","6.64","7","1525","4","5","8","9","10","6.54","6.74","0","10","7","7"
"2011","Employed","(3a) lower tertiary education","6.93","7","1223","5","6","8","9","10","6.83","7.03","0","10","7","7"
"2011","Employed","(3b) higher tertiary education","6.82","7","2204","5","6","8","9","10","6.74","6.9","0","10","7","7"
"2011","Not Employed","(0) in school","7.31","8","216","5","6","9","10","10","7.03","7.59","0","10","7","8"
"2011","Not Employed","(1a) inadequately completed","6.22","6","191","4","5","8","10","10","5.9","6.54","0","10","6","7"
"2011","Not Employed","(1b) general elementary school","6.4","7","1032","4","5","8","9","10","6.27","6.53","0","10","7","7"
"2011","Not Employed","(1c) basic vocational qualification","6.7","7","2345","4","5","8","9","10","6.62","6.78","0","10","7","7"
"2011","Not Employed","(2a) intermediate vocational","6.54","7","1433","4","5","8","9","10","6.44","6.64","0","10","7","7"
"2011","Not Employed","(2b) intermediate general qualification","6.69","7","211","4","5","8","9","10","6.41","6.97","0","10","7","7"
"2011","Not Employed","(2c_gen) general maturity certificate","6.88","7","305","4","6","8","10","10","6.64","7.12","0","10","7","8"
"2011","Not Employed","(2c_voc) vocational maturity certificate","6.67","7","472","4","5","8","9","10","6.48","6.86","0","10","7","7"
"2011","Not Employed","(3a) lower tertiary education","6.81","7","441","4","5","8","9","10","6.64","6.98","0","10","7","7"
"2011","Not Employed","(3b) higher tertiary education","6.92","7","734","5","6","8","9","10","6.78","7.06","0","10","7","7"
"2012","Employed","(0) in school","7.17","7","81","5","6","8","9","10","6.78","7.56","2","10","6","8"
"2012","Employed","(1a) inadequately completed","6.68","6.9","150","4","5","8","10","10","6.31","7.05","0","10","6","7"
"2012","Employed","(1b) general elementary school","6.91","7","754","4","5","8","10","10","6.76","7.06","0","10","7","7"
"2012","Employed","(1c) basic vocational qualification","6.95","7","2712","5","6","8","9","10","6.88","7.02","0","10","7","7"
"2012","Employed","(2a) intermediate vocational","6.84","7","4390","5","6","8","9","10","6.79","6.89","0","10","7","7"
"2012","Employed","(2b) intermediate general qualification","6.95","7","361","5","6","8","9","10","6.74","7.16","0","10","7","8"
"2012","Employed","(2c_gen) general maturity certificate","7.02","7","500","5","6","8","9","10","6.85","7.19","1","10","7","8"
"2012","Employed","(2c_voc) vocational maturity certificate","6.74","7","1575","4","5","8","9","10","6.65","6.83","0","10","7","7"
"2012","Employed","(3a) lower tertiary education","6.9","7","1290","5","6","8","9","10","6.8","7","0","10","7","7"
"2012","Employed","(3b) higher tertiary education","6.96","7","2272","5","6","8","9","10","6.88","7.04","0","10","7","7"
"2012","Not Employed","(0) in school","7.37","7","225","5","6","9","10","10","7.12","7.62","0","10","7","8"
"2012","Not Employed","(1a) inadequately completed","6.35","7","180","3","5","9","10","10","5.98","6.72","0","10","6","7"
"2012","Not Employed","(1b) general elementary school","6.62","7","1050","4","5","8","9","10","6.49","6.75","0","10","7","7"
"2012","Not Employed","(1c) basic vocational qualification","6.71","7","2464","4","5","8","9","10","6.63","6.79","0","10","7","7"
"2012","Not Employed","(2a) intermediate vocational","6.61","7","1445","4","5","8","9","10","6.51","6.71","0","10","7","7"
"2012","Not Employed","(2b) intermediate general qualification","6.65","7","252","5","5","8","9","10","6.4","6.9","0","10","6","7"
"2012","Not Employed","(2c_gen) general maturity certificate","6.84","7","315","4","6","8","9","10","6.63","7.05","0","10","7","7"
"2012","Not Employed","(2c_voc) vocational maturity certificate","6.97","8","441","4","6","8","10","10","6.77","7.17","0","10","7","7"
"2012","Not Employed","(3a) lower tertiary education","6.84","7","464","4","5","8","9","10","6.66","7.02","0","10","7","8"
"2012","Not Employed","(3b) higher tertiary education","7.05","7","776","5","6","8","9","10","6.92","7.18","0","10","7","7"
"2013","Employed","(0) in school","7.4","7","72","5","6","9","10","10","6.93","7.87","1","10","6","8"
"2013","Employed","(1a) inadequately completed","7.05","7","144","5","6","9","10","10","6.69","7.41","0","10","6","8"
"2013","Employed","(1b) general elementary school","6.82","7","688","5","5","8","9","10","6.67","6.97","0","10","7","7"
"2013","Employed","(1c) basic vocational qualification","6.94","7","2630","5","5","8","9","10","6.87","7.01","0","10","7","7"
"2013","Employed","(2a) intermediate vocational","6.95","7","4286","5","6","8","9","10","6.89","7.01","0","10","7","7"
"2013","Employed","(2b) intermediate general qualification","6.84","7","379","4","5","8","9","10","6.63","7.05","0","10","7","8"
"2013","Employed","(2c_gen) general maturity certificate","6.92","7","529","5","6","8","9","10","6.75","7.09","0","10","7","7"
"2013","Employed","(2c_voc) vocational maturity certificate","6.8","7","1541","4","6","8","9","10","6.7","6.9","0","10","7","7"
"2013","Employed","(3a) lower tertiary education","6.92","7","1250","4","6","8","9","10","6.82","7.02","0","10","7","7"
"2013","Employed","(3b) higher tertiary education","6.89","7","2325","5","6","8","9","10","6.81","6.97","0","10","7","7"
"2013","Not Employed","(0) in school","6.74","7","214","4","5","8","10","10","6.46","7.02","0","10","7","8"
"2013","Not Employed","(1a) inadequately completed","6.02","6","158","3","5","8","9","10","5.64","6.4","0","10","6","7"
"2013","Not Employed","(1b) general elementary school","6.73","7","976","4","5","8","9","10","6.59","6.87","0","10","7","7"
"2013","Not Employed","(1c) basic vocational qualification","6.71","7","2313","4","5","8","9","10","6.63","6.79","0","10","7","7"
"2013","Not Employed","(2a) intermediate vocational","6.76","7","1381","4","5","8","9","10","6.66","6.86","0","10","7","7"
"2013","Not Employed","(2b) intermediate general qualification","6.34","7","228","3","5","8","9","10","6.05","6.63","0","10","7","7"
"2013","Not Employed","(2c_gen) general maturity certificate","7.05","7","282","4","6","8","10","10","6.82","7.28","1","10","7","8"
"2013","Not Employed","(2c_voc) vocational maturity certificate","6.66","7","397","3","6","8","9","10","6.46","6.86","0","10","7","7"
"2013","Not Employed","(3a) lower tertiary education","6.82","7","458","4","6","8","9","10","6.65","6.99","0","10","7","7"
"2013","Not Employed","(3b) higher tertiary education","6.94","7","735","5","6","8","9","10","6.8","7.08","0","10","7","8"
"2014","Employed","(0) in school","6.87","7","63","4","5","8","10","10","6.37","7.37","1","10","6","8"
"2014","Employed","(1a) inadequately completed","6.56","7","206","4","5","8","9","10","6.27","6.85","0","10","7","8"
"2014","Employed","(1b) general elementary school","6.9","7","912","5","5","8","10","10","6.76","7.04","0","10","7","7"
"2014","Employed","(1c) basic vocational qualification","6.85","7","2647","4","5","8","9","10","6.77","6.93","0","10","7","7"
"2014","Employed","(2a) intermediate vocational","6.89","7","3981","5","6","8","9","10","6.83","6.95","0","10","7","7"
"2014","Employed","(2b) intermediate general qualification","6.91","7","417","4","5","8","10","10","6.71","7.11","0","10","7","7"
"2014","Employed","(2c_gen) general maturity certificate","7.13","7","757","5","6","8","9","10","6.99","7.27","0","10","7","7"
"2014","Employed","(2c_voc) vocational maturity certificate","6.9","7","1726","5","6","8","9","10","6.81","6.99","0","10","7","7"
"2014","Employed","(3a) lower tertiary education","7","7","1230","5","6","8","9","10","6.9","7.1","0","10","7","7"
"2014","Employed","(3b) higher tertiary education","6.74","7","2586","4","5","8","9","10","6.67","6.81","0","10","7","7"
"2014","Not Employed","(0) in school","7.23","7.95","238","5","6","9","10","10","6.99","7.47","3","10","7","8"
"2014","Not Employed","(1a) inadequately completed","5.76","6","234","2","3","8","9","10","5.44","6.08","0","10","6","7"
"2014","Not Employed","(1b) general elementary school","6.65","7","1073","4","5","8","9","10","6.52","6.78","0","10","7","7"
"2014","Not Employed","(1c) basic vocational qualification","6.78","7","2246","4","5","8","9","10","6.7","6.86","0","10","7","7"
"2014","Not Employed","(2a) intermediate vocational","6.75","7","1343","4","5","8","9","10","6.64","6.86","0","10","7","7"
"2014","Not Employed","(2b) intermediate general qualification","6.7","7","250","5","5","8","9","10","6.44","6.96","0","10","7","7"
"2014","Not Employed","(2c_gen) general maturity certificate","7.19","7","397","5","6","9","10","10","6.99","7.39","0","10","7","8"
"2014","Not Employed","(2c_voc) vocational maturity certificate","6.88","7","441","4","5","8","9","10","6.68","7.08","0","10","7","7"
"2014","Not Employed","(3a) lower tertiary education","6.9","7","429","5","6","8","9","10","6.72","7.08","0","10","7","7"
"2014","Not Employed","(3b) higher tertiary education","6.85","7","835","5","5","8","9","10","6.72","6.98","0","10","7","8"
"2015","Employed","(0) in school","7.49","7","54","6","7","9","10","10","6.88","8.1","1","10","7","8"
"2015","Employed","(1a) inadequately completed","6.98","7","176","5","6","8","10","10","6.66","7.3","0","10","7","8"
"2015","Employed","(1b) general elementary school","7.03","7","753","4","6","8","10","10","6.87","7.19","0","10","7","7"
"2015","Employed","(1c) basic vocational qualification","6.99","7","2420","5","6","8","9","10","6.91","7.07","0","10","7","7"
"2015","Employed","(2a) intermediate vocational","6.9","7","3833","5","6","8","9","10","6.84","6.96","0","10","7","7"
"2015","Employed","(2b) intermediate general qualification","6.9","7","385","4","6","8","9","10","6.69","7.11","0","10","7","8"
"2015","Employed","(2c_gen) general maturity certificate","7.23","8","648","5","6","9","10","10","7.08","7.38","0","10","7","8"
"2015","Employed","(2c_voc) vocational maturity certificate","6.97","7","1678","5","6","8","9","10","6.88","7.06","0","10","7","7"
"2015","Employed","(3a) lower tertiary education","7.02","7","1155","5","6","8","9","10","6.92","7.12","0","10","7","7"
"2015","Employed","(3b) higher tertiary education","6.91","7","2453","5","6","8","9","10","6.84","6.98","0","10","7","7"
"2015","Not Employed","(0) in school","6.77","7","173","3","5","9","10","10","6.46","7.08","2","10","7","8"
"2015","Not Employed","(1a) inadequately completed","5.93","6","203","2","5","8","9","10","5.63","6.23","0","10","6","7"
"2015","Not Employed","(1b) general elementary school","6.72","7","939","4","5","8","9","10","6.59","6.85","0","10","7","7"
"2015","Not Employed","(1c) basic vocational qualification","6.7","7","2112","4","5","8","9","10","6.61","6.79","0","10","7","7"
"2015","Not Employed","(2a) intermediate vocational","6.64","7","1223","4","5","8","9","10","6.53","6.75","0","10","7","7"
"2015","Not Employed","(2b) intermediate general qualification","7.01","7","233","5","6","8","9","10","6.75","7.27","0","10","7","8"
"2015","Not Employed","(2c_gen) general maturity certificate","7.33","7","361","5","6","9","10","10","7.15","7.51","0","10","7","8"
"2015","Not Employed","(2c_voc) vocational maturity certificate","6.65","7","376","3","5","8","10","10","6.44","6.86","0","10","7","7"
"2015","Not Employed","(3a) lower tertiary education","6.72","7","420","4","6","8","9","10","6.54","6.9","0","10","7","8"
"2015","Not Employed","(3b) higher tertiary education","6.81","7","783","4","5","8","9","10","6.68","6.94","0","10","7","8"
"2016","Employed","(0) in school","7.74","8","53","5","6","9","10","10","7.12","8.36","0","10","7","8"
"2016","Employed","(1a) inadequately completed","6.93","7","189","4","5","8","10","10","6.61","7.25","0","10","7","8"
"2016","Employed","(1b) general elementary school","7.02","7","772","5","5","8","10","10","6.88","7.16","0","10","7","8"
"2016","Employed","(1c) basic vocational qualification","6.94","7","2361","5","5","8","9","10","6.86","7.02","0","10","7","7"
"2016","Employed","(2a) intermediate vocational","6.97","7","3540","5","6","8","9","10","6.91","7.03","0","10","7","7"
"2016","Employed","(2b) intermediate general qualification","6.93","7","358","3","5","9","10","10","6.72","7.14","0","10","7","8"
"2016","Employed","(2c_gen) general maturity certificate","7.22","8","691","5","6","8","9","10","7.08","7.36","0","10","7","8"
"2016","Employed","(2c_voc) vocational maturity certificate","6.99","7","1718","5","6","8","9","10","6.9","7.08","0","10","7","7"
"2016","Employed","(3a) lower tertiary education","7.01","7","1104","5","6","8","9","10","6.91","7.11","1","10","7","7"
"2016","Employed","(3b) higher tertiary education","6.9","7","2590","5","6","8","9","10","6.83","6.97","0","10","7","7"
"2016","Not Employed","(0) in school","7","7","185","5","6","8","10","10","6.71","7.29","0","10","7","8"
"2016","Not Employed","(1a) inadequately completed","6.47","7","193","4","5","8","9","10","6.14","6.8","0","10","6","7"
"2016","Not Employed","(1b) general elementary school","6.61","7","866","4","5","8","9","10","6.47","6.75","0","10","7","7"
"2016","Not Employed","(1c) basic vocational qualification","6.68","7","1970","4","5","8","9","10","6.59","6.77","0","10","7","7"
"2016","Not Employed","(2a) intermediate vocational","6.7","7","1177","4","5","8","9","10","6.59","6.81","0","10","7","7"
"2016","Not Employed","(2b) intermediate general qualification","6.95","7","227","4","5","8","10","10","6.7","7.2","2","10","7","7"
"2016","Not Employed","(2c_gen) general maturity certificate","6.89","7","336","5","6","8","9","10","6.69","7.09","0","10","7","8"
"2016","Not Employed","(2c_voc) vocational maturity certificate","6.51","7","405","3","5","8","9","10","6.31","6.71","0","10","7","7"
"2016","Not Employed","(3a) lower tertiary education","6.53","7","433","3","5","8","9","10","6.35","6.71","0","10","7","7"
"2016","Not Employed","(3b) higher tertiary education","6.92","7","812","4","6","8","9","10","6.79","7.05","0","10","7","8"
"2017","Employed","(0) in school","7.22","8","65","5","6","8","10","10","6.72","7.72","1","10","7","8"
"2017","Employed","(1a) inadequately completed","6.61","7","217","4","5","8","10","10","6.31","6.91","1","10","6","7"
"2017","Employed","(1b) general elementary school","7","7","856","5","6","8","9","10","6.87","7.13","0","10","7","7"
"2017","Employed","(1c) basic vocational qualification","7.01","7","2554","5","6","8","9","10","6.94","7.08","0","10","7","7"
"2017","Employed","(2a) intermediate vocational","6.92","7","4234","5","6","8","9","10","6.87","6.97","0","10","7","7"
"2017","Employed","(2b) intermediate general qualification","7.13","7","417","5","6","8","10","10","6.95","7.31","0","10","7","7"
"2017","Employed","(2c_gen) general maturity certificate","7.16","7","844","5","6","8","10","10","7.03","7.29","0","10","7","7"
"2017","Employed","(2c_voc) vocational maturity certificate","6.96","7","1964","5","6","8","9","10","6.88","7.04","0","10","7","7"
"2017","Employed","(3a) lower tertiary education","7.02","7","1279","5","6","8","9","10","6.92","7.12","0","10","7","7"
"2017","Employed","(3b) higher tertiary education","6.99","7","2988","5","6","8","9","10","6.92","7.06","0","10","7","7"
"2017","Not Employed","(0) in school","7.35","8","218","5","6","9","10","10","7.07","7.63","0","10","7","8"
"2017","Not Employed","(1a) inadequately completed","6.47","6","217","4","5","8","9","10","6.19","6.75","0","10","6","7"
"2017","Not Employed","(1b) general elementary school","6.35","7","878","3","5","8","9","10","6.21","6.49","0","10","7","7"
"2017","Not Employed","(1c) basic vocational qualification","6.75","7","2039","4","5","8","9","10","6.67","6.83","0","10","7","7"
"2017","Not Employed","(2a) intermediate vocational","6.55","7","1271","4","5","8","9","10","6.44","6.66","0","10","7","7"
"2017","Not Employed","(2b) intermediate general qualification","6.66","7","291","4","5","8","10","10","6.42","6.9","0","10","7","7"
"2017","Not Employed","(2c_gen) general maturity certificate","6.97","7","411","5","6","8","9","10","6.78","7.16","2","10","7","8"
"2017","Not Employed","(2c_voc) vocational maturity certificate","6.6","7","424","4","5","8","9","10","6.41","6.79","0","10","7","7"
"2017","Not Employed","(3a) lower tertiary education","6.66","7","456","4","5","8","9","10","6.48","6.84","0","10","7","7"
"2017","Not Employed","(3b) higher tertiary education","6.93","7","884","4","6","8","9","10","6.8","7.06","0","10","7","7"
"2018","Employed","(0) in school","7.95","8","59","5","7","10","10","10","7.46","8.44","2","10","7","9"
"2018","Employed","(1a) inadequately completed","6.73","7","221","5","5","8","9","10","6.47","6.99","0","10","7","7"
"2018","Employed","(1b) general elementary school","6.86","7","853","4","5","8","10","10","6.72","7","0","10","7","7"
"2018","Employed","(1c) basic vocational qualification","6.95","7","2359","5","6","8","9","10","6.87","7.03","0","10","7","7"
"2018","Employed","(2a) intermediate vocational","6.85","7","3981","5","6","8","9","10","6.79","6.91","0","10","7","7"
"2018","Employed","(2b) intermediate general qualification","6.99","7","432","4","6","8","9","10","6.82","7.16","1","10","7","8"
"2018","Employed","(2c_gen) general maturity certificate","7.06","7","863","5","6","8","9","10","6.94","7.18","0","10","7","7"
"2018","Employed","(2c_voc) vocational maturity certificate","6.93","7","1871","5","6","8","9","10","6.85","7.01","0","10","7","7"
"2018","Employed","(3a) lower tertiary education","6.96","7","1274","5","6","8","9","10","6.86","7.06","0","10","7","7"
"2018","Employed","(3b) higher tertiary education","6.86","7","2893","5","6","8","9","10","6.79","6.93","0","10","7","7"
"2018","Not Employed","(0) in school","7.1","7","203","5","6","8","10","10","6.85","7.35","0","10","7","7"
"2018","Not Employed","(1a) inadequately completed","6.29","6.37","248","3","5","8","10","10","5.98","6.6","0","10","6","7"
"2018","Not Employed","(1b) general elementary school","6.59","7","859","4","5","8","9","10","6.45","6.73","0","10","7","7"
"2018","Not Employed","(1c) basic vocational qualification","6.65","7","1946","4","5","8","9","10","6.56","6.74","0","10","7","7"
"2018","Not Employed","(2a) intermediate vocational","6.66","7","1231","4","5","8","9","10","6.55","6.77","0","10","7","7"
"2018","Not Employed","(2b) intermediate general qualification","6.96","7","274","4","6","8","10","10","6.71","7.21","0","10","7","7"
"2018","Not Employed","(2c_gen) general maturity certificate","7.25","7","384","5","6","9","10","10","7.05","7.45","1","10","7","8"
"2018","Not Employed","(2c_voc) vocational maturity certificate","6.56","7","412","4","5","8","9","10","6.37","6.75","0","10","7","7"
"2018","Not Employed","(3a) lower tertiary education","6.94","7","436","5","6","8","9","10","6.77","7.11","0","10","7","8"
"2018","Not Employed","(3b) higher tertiary education","6.83","7","847","5","5","8","9","10","6.7","6.96","0","10","7","7"
"2019","Employed","(0) in school","7.59","7.98","62","5","7","9","10","10","7.11","8.07","3","10","7","9"
"2019","Employed","(1a) inadequately completed","6.46","7","197","3","5","8","10","10","6.16","6.76","0","10","7","7"
"2019","Employed","(1b) general elementary school","6.94","7","709","5","5","8","10","10","6.79","7.09","0","10","7","7"
"2019","Employed","(1c) basic vocational qualification","7.03","7","2151","5","6","8","9","10","6.95","7.11","0","10","7","7"
"2019","Employed","(2a) intermediate vocational","6.97","7","3981","5","6","8","9","10","6.91","7.03","0","10","7","7"
"2019","Employed","(2b) intermediate general qualification","7.03","7","465","5","6","8","10","10","6.85","7.21","0","10","7","7"
"2019","Employed","(2c_gen) general maturity certificate","7.26","7","860","5","6","8","10","10","7.13","7.39","1","10","7","8"
"2019","Employed","(2c_voc) vocational maturity certificate","7.11","7","1954","5","6","8","9","10","7.03","7.19","0","10","7","7"
"2019","Employed","(3a) lower tertiary education","7.04","7","1447","5","6","8","9","10","6.95","7.13","0","10","7","8"
"2019","Employed","(3b) higher tertiary education","6.96","7","3233","5","6","8","9","10","6.9","7.02","0","10","7","7"
"2019","Not Employed","(0) in school","7.18","7","193","5","6","9","10","10","6.92","7.44","2","10","7","8"
"2019","Not Employed","(1a) inadequately completed","6.07","7","185","2","5","8","9","10","5.69","6.45","0","10","6","7"
"2019","Not Employed","(1b) general elementary school","6.61","7","776","4","5","8","9","10","6.46","6.76","0","10","7","7"
"2019","Not Employed","(1c) basic vocational qualification","6.78","7","1848","4","5","8","9","10","6.69","6.87","0","10","7","7"
"2019","Not Employed","(2a) intermediate vocational","6.7","7","1330","4","5","8","9","10","6.6","6.8","0","10","7","7"
"2019","Not Employed","(2b) intermediate general qualification","6.61","7","242","4","5","8","9","10","6.35","6.87","0","10","7","7"
"2019","Not Employed","(2c_gen) general maturity certificate","7.27","7.48","404","5","6","9","10","10","7.08","7.46","0","10","7","8"
"2019","Not Employed","(2c_voc) vocational maturity certificate","6.61","7","421","4","5","8","9","10","6.42","6.8","0","10","7","7"
"2019","Not Employed","(3a) lower tertiary education","6.89","7","452","5","6","8","9","10","6.72","7.06","0","10","7","8"
"2019","Not Employed","(3b) higher tertiary education","6.96","7","934","4","6","8","9","10","6.83","7.09","0","10","7","8"
