"year","education","pgcasmin","mean","median","n","ptile10","ptile25","ptile75","ptile90","ptile99","lowerci_mean","upperci_mean","min","max","lowerci_median","upperci_median"
"1984","college entrance qualification","(0) in school","","","","","","","","","","","","","",""
"1984","college entrance qualification","(1a) inadequately completed","","","","","","","","","","","","","",""
"1984","college entrance qualification","(1b) general elementary school","","","","","","","","","","","","","",""
"1984","college entrance qualification","(1c) basic vocational qualification","","","","","","","","","","","","","",""
"1984","college entrance qualification","(2a) intermediate vocational","","","","","","","","","","","","","",""
"1984","college entrance qualification","(2b) intermediate general qualification","","","","","","","","","","","","","",""
"1984","college entrance qualification","(2c_gen) general maturity certificate","705.76","403.11","96","199","281","869","1664","4587","559.79","851.73","0","4587","320","541"
"1984","college entrance qualification","(2c_voc) vocational maturity certificate","1646.44","1534","211","705","1125","2134","2556","4602","1525.12","1767.76","51","7561","1420","1636"
"1984","college entrance qualification","(3a) lower tertiary education","2134.74","2045","141","920","1534","2633","3068","6135","1959.46","2310.02","0","7748","1829","2250"
"1984","college entrance qualification","(3b) higher tertiary education","2273.06","2188.78","363","869","1534","2812","3477","6180","2140.2","2405.92","0","10143","2045","2250"
"1984","lower secondary degree","(0) in school","","","","","","","","","","","","","",""
"1984","lower secondary degree","(1a) inadequately completed","","","","","","","","","","","","","",""
"1984","lower secondary degree","(1b) general elementary school","835.95","798","894","205","369","1227","1534","2045","801.22","870.68","0","5113","716","833"
"1984","lower secondary degree","(1c) basic vocational qualification","1378.4","1329","2375","562","1008","1666","2045","3681","1346.18","1410.62","0","16873","1278","1329"
"1984","lower secondary degree","(2a) intermediate vocational","","","","","","","","","","","","","",""
"1984","lower secondary degree","(2b) intermediate general qualification","","","","","","","","","","","","","",""
"1984","lower secondary degree","(2c_gen) general maturity certificate","","","","","","","","","","","","","",""
"1984","lower secondary degree","(2c_voc) vocational maturity certificate","","","","","","","","","","","","","",""
"1984","lower secondary degree","(3a) lower tertiary education","","","","","","","","","","","","","",""
"1984","lower secondary degree","(3b) higher tertiary education","","","","","","","","","","","","","",""
"1984","no degree/no degree yet","(0) in school","","","","","","","","","","","","","",""
"1984","no degree/no degree yet","(1a) inadequately completed","1108.37","1147.13","669","440","869","1421","1595","2045","1074.23","1142.51","0","6135","1125","1227"
"1984","no degree/no degree yet","(1b) general elementary school","","","","","","","","","","","","","",""
"1984","no degree/no degree yet","(1c) basic vocational qualification","","","","","","","","","","","","","",""
"1984","no degree/no degree yet","(2a) intermediate vocational","","","","","","","","","","","","","",""
"1984","no degree/no degree yet","(2b) intermediate general qualification","","","","","","","","","","","","","",""
"1984","no degree/no degree yet","(2c_gen) general maturity certificate","","","","","","","","","","","","","",""
"1984","no degree/no degree yet","(2c_voc) vocational maturity certificate","","","","","","","","","","","","","",""
"1984","no degree/no degree yet","(3a) lower tertiary education","","","","","","","","","","","","","",""
"1984","no degree/no degree yet","(3b) higher tertiary education","","","","","","","","","","","","","",""
"1984","Other degree","(0) in school","","","","","","","","","","","","","",""
"1984","Other degree","(1a) inadequately completed","","","","","","","","","","","","","",""
"1984","Other degree","(1b) general elementary school","1151.71","1134.69","531","665","920","1432","1636","2281","1118.13","1185.29","113","2556","1125","1227"
"1984","Other degree","(1c) basic vocational qualification","1396.93","1318.35","369","767","1074","1585","1943","3988","1313.43","1480.43","169","14443","1278","1380"
"1984","Other degree","(2a) intermediate vocational","","","","","","","","","","","","","",""
"1984","Other degree","(2b) intermediate general qualification","","","","","","","","","","","","","",""
"1984","Other degree","(2c_gen) general maturity certificate","1128.25","1125","57","562","920","1432","1585","1841","1020.47","1236.03","150","1841","1023","1329"
"1984","Other degree","(2c_voc) vocational maturity certificate","1323.38","1221.07","87","839","1057","1636","1935","2946","1216.16","1430.6","153","2946","1176","1478"
"1984","Other degree","(3a) lower tertiary education","","","","","","","","","","","","","",""
"1984","Other degree","(3b) higher tertiary education","1972.02","1687","45","818","1023","2431","2914","11248","1435.2","2508.84","716","11248","1278","1831"
"1984","secondary school degree","(0) in school","","","","","","","","","","","","","",""
"1984","secondary school degree","(1a) inadequately completed","","","","","","","","","","","","","",""
"1984","secondary school degree","(1b) general elementary school","","","","","","","","","","","","","",""
"1984","secondary school degree","(1c) basic vocational qualification","","","","","","","","","","","","","",""
"1984","secondary school degree","(2a) intermediate vocational","1450.06","1278","948","511","971","1800","2301","4090","1390.71","1509.41","12","10226","1278","1355"
"1984","secondary school degree","(2b) intermediate general qualification","655.79","394.44","230","191","273","939","1432","2707","584.29","727.29","0","2914","354","501"
"1984","secondary school degree","(2c_gen) general maturity certificate","","","","","","","","","","","","","",""
"1984","secondary school degree","(2c_voc) vocational maturity certificate","","","","","","","","","","","","","",""
"1984","secondary school degree","(3a) lower tertiary education","2253.41","2129.71","44","383","1329","3068","4039","5098","1864.31","2642.51","0","5098","1790","2787"
"1984","secondary school degree","(3b) higher tertiary education","","","","","","","","","","","","","",""
"1985","college entrance qualification","(0) in school","","","","","","","","","","","","","",""
"1985","college entrance qualification","(1a) inadequately completed","","","","","","","","","","","","","",""
"1985","college entrance qualification","(1b) general elementary school","","","","","","","","","","","","","",""
"1985","college entrance qualification","(1c) basic vocational qualification","","","","","","","","","","","","","",""
"1985","college entrance qualification","(2a) intermediate vocational","","","","","","","","","","","","","",""
"1985","college entrance qualification","(2b) intermediate general qualification","","","","","","","","","","","","","",""
"1985","college entrance qualification","(2c_gen) general maturity certificate","662.54","382.79","109","180","266","869","1534","3323","540.1","784.98","51","3323","307","511"
"1985","college entrance qualification","(2c_voc) vocational maturity certificate","1523.2","1432","205","286","1023","2033","2531","4090","1402.15","1644.25","0","5701","1329","1534"
"1985","college entrance qualification","(3a) lower tertiary education","2153.77","1994.58","132","818","1585","2608","3287","6135","1972.35","2335.19","153","7669","1848","2147"
"1985","college entrance qualification","(3b) higher tertiary education","2243.64","2147","353","920","1559","2812","3551","5829","2126.56","2360.72","71","6711","2045","2301"
"1985","lower secondary degree","(0) in school","","","","","","","","","","","","","",""
"1985","lower secondary degree","(1a) inadequately completed","","","","","","","","","","","","","",""
"1985","lower secondary degree","(1b) general elementary school","859.35","818","825","215","358","1249","1518","2390","818.34","900.36","0","9368","767","869"
"1985","lower secondary degree","(1c) basic vocational qualification","1389.91","1332","2148","562","1017","1694","2096","3732","1360.61","1419.21","0","6902","1329","1371"
"1985","lower secondary degree","(2a) intermediate vocational","","","","","","","","","","","","","",""
"1985","lower secondary degree","(2b) intermediate general qualification","","","","","","","","","","","","","",""
"1985","lower secondary degree","(2c_gen) general maturity certificate","","","","","","","","","","","","","",""
"1985","lower secondary degree","(2c_voc) vocational maturity certificate","","","","","","","","","","","","","",""
"1985","lower secondary degree","(3a) lower tertiary education","","","","","","","","","","","","","",""
"1985","lower secondary degree","(3b) higher tertiary education","","","","","","","","","","","","","",""
"1985","no degree/no degree yet","(0) in school","","","","","","","","","","","","","",""
"1985","no degree/no degree yet","(1a) inadequately completed","1117.32","1136.55","524","461","920","1375","1636","2260","1081.73","1152.91","31","2990","1176","1227"
"1985","no degree/no degree yet","(1b) general elementary school","","","","","","","","","","","","","",""
"1985","no degree/no degree yet","(1c) basic vocational qualification","","","","","","","","","","","","","",""
"1985","no degree/no degree yet","(2a) intermediate vocational","","","","","","","","","","","","","",""
"1985","no degree/no degree yet","(2b) intermediate general qualification","","","","","","","","","","","","","",""
"1985","no degree/no degree yet","(2c_gen) general maturity certificate","","","","","","","","","","","","","",""
"1985","no degree/no degree yet","(2c_voc) vocational maturity certificate","","","","","","","","","","","","","",""
"1985","no degree/no degree yet","(3a) lower tertiary education","","","","","","","","","","","","","",""
"1985","no degree/no degree yet","(3b) higher tertiary education","","","","","","","","","","","","","",""
"1985","Other degree","(0) in school","","","","","","","","","","","","","",""
"1985","Other degree","(1a) inadequately completed","","","","","","","","","","","","","",""
"1985","Other degree","(1b) general elementary school","1106.29","1125","451","409","920","1380","1572","2045","1070.57","1142.01","0","2301","1176","1227"
"1985","Other degree","(1c) basic vocational qualification","1407.53","1329","318","844","1125","1636","1994","2863","1335.39","1479.67","102","9395","1278","1380"
"1985","Other degree","(2a) intermediate vocational","","","","","","","","","","","","","",""
"1985","Other degree","(2b) intermediate general qualification","","","","","","","","","","","","","",""
"1985","Other degree","(2c_gen) general maturity certificate","1247.07","1187.51","42","818","951","1534","1790","1968","1103.17","1390.97","0","2352","1023","1457"
"1985","Other degree","(2c_voc) vocational maturity certificate","1383.63","1328.82","72","818","1125","1636","2045","2614","1259.79","1507.47","210","2965","1176","1534"
"1985","Other degree","(3a) lower tertiary education","","","","","","","","","","","","","",""
"1985","Other degree","(3b) higher tertiary education","1677.69","1329","38","716","920","2045","3068","7684","1257.74","2097.64","665","7684","1278","2045"
"1985","secondary school degree","(0) in school","","","","","","","","","","","","","",""
"1985","secondary school degree","(1a) inadequately completed","","","","","","","","","","","","","",""
"1985","secondary school degree","(1b) general elementary school","","","","","","","","","","","","","",""
"1985","secondary school degree","(1c) basic vocational qualification","","","","","","","","","","","","","",""
"1985","secondary school degree","(2a) intermediate vocational","1522.43","1380","913","614","1007","1887","2507","4141","1451.78","1593.08","0","20452","1278","1432"
"1985","secondary school degree","(2b) intermediate general qualification","683.63","390.06","230","198","271","1074","1535","2710","612.26","755","0","2761","333","491"
"1985","secondary school degree","(2c_gen) general maturity certificate","","","","","","","","","","","","","",""
"1985","secondary school degree","(2c_voc) vocational maturity certificate","","","","","","","","","","","","","",""
"1985","secondary school degree","(3a) lower tertiary education","2513.21","2141.19","39","767","1483","3400","4397","7950","1999.15","3027.27","87","7950","1646","3182"
"1985","secondary school degree","(3b) higher tertiary education","","","","","","","","","","","","","",""
"1986","college entrance qualification","(0) in school","","","","","","","","","","","","","",""
"1986","college entrance qualification","(1a) inadequately completed","","","","","","","","","","","","","",""
"1986","college entrance qualification","(1b) general elementary school","","","","","","","","","","","","","",""
"1986","college entrance qualification","(1c) basic vocational qualification","","","","","","","","","","","","","",""
"1986","college entrance qualification","(2a) intermediate vocational","","","","","","","","","","","","","",""
"1986","college entrance qualification","(2b) intermediate general qualification","","","","","","","","","","","","","",""
"1986","college entrance qualification","(2c_gen) general maturity certificate","760.72","428.32","125","256","312","1074","1738","2814","631.4","890.04","117","5117","368","568"
"1986","college entrance qualification","(2c_voc) vocational maturity certificate","1646.96","1489.96","200","767","1176","2147","2556","4421","1529.22","1764.7","15","6187","1380","1611"
"1986","college entrance qualification","(3a) lower tertiary education","2331.75","2099.01","133","1353","1790","2812","3579","6135","2166.01","2497.49","199","6135","2024","2305"
"1986","college entrance qualification","(3b) higher tertiary education","2459.6","2348.01","351","1023","1687","3017","3681","8181","2308.35","2610.85","0","12782","2199","2454"
"1986","lower secondary degree","(0) in school","","","","","","","","","","","","","",""
"1986","lower secondary degree","(1a) inadequately completed","","","","","","","","","","","","","",""
"1986","lower secondary degree","(1b) general elementary school","888.51","869","791","222","371","1278","1626","2301","850.7","926.32","0","2900","792","920"
"1986","lower secondary degree","(1c) basic vocational qualification","1422.64","1380","2066","612","1023","1738","2171","3777","1389.42","1455.86","0","16361","1353","1406"
"1986","lower secondary degree","(2a) intermediate vocational","","","","","","","","","","","","","",""
"1986","lower secondary degree","(2b) intermediate general qualification","","","","","","","","","","","","","",""
"1986","lower secondary degree","(2c_gen) general maturity certificate","","","","","","","","","","","","","",""
"1986","lower secondary degree","(2c_voc) vocational maturity certificate","","","","","","","","","","","","","",""
"1986","lower secondary degree","(3a) lower tertiary education","","","","","","","","","","","","","",""
"1986","lower secondary degree","(3b) higher tertiary education","","","","","","","","","","","","","",""
"1986","no degree/no degree yet","(0) in school","","","","","","","","","","","","","",""
"1986","no degree/no degree yet","(1a) inadequately completed","1158.2","1176","484","614","920","1432","1687","2403","1116.98","1199.42","36","3579","1176","1278"
"1986","no degree/no degree yet","(1b) general elementary school","","","","","","","","","","","","","",""
"1986","no degree/no degree yet","(1c) basic vocational qualification","","","","","","","","","","","","","",""
"1986","no degree/no degree yet","(2a) intermediate vocational","","","","","","","","","","","","","",""
"1986","no degree/no degree yet","(2b) intermediate general qualification","","","","","","","","","","","","","",""
"1986","no degree/no degree yet","(2c_gen) general maturity certificate","","","","","","","","","","","","","",""
"1986","no degree/no degree yet","(2c_voc) vocational maturity certificate","","","","","","","","","","","","","",""
"1986","no degree/no degree yet","(3a) lower tertiary education","","","","","","","","","","","","","",""
"1986","no degree/no degree yet","(3b) higher tertiary education","","","","","","","","","","","","","",""
"1986","Other degree","(0) in school","","","","","","","","","","","","","",""
"1986","Other degree","(1a) inadequately completed","","","","","","","","","","","","","",""
"1986","Other degree","(1b) general elementary school","1173.42","1227","437","358","869","1483","1687","3528","1127.57","1219.27","0","5113","1237","1329"
"1986","Other degree","(1c) basic vocational qualification","1456.48","1380","284","920","1138","1687","1948","3017","1396.6","1516.36","256","4910","1329","1432"
"1986","Other degree","(2a) intermediate vocational","","","","","","","","","","","","","",""
"1986","Other degree","(2b) intermediate general qualification","","","","","","","","","","","","","",""
"1986","Other degree","(2c_gen) general maturity certificate","1205.68","1196.48","42","767","920","1466","1636","2147","1074.28","1337.08","153","2147","1023","1432"
"1986","Other degree","(2c_voc) vocational maturity certificate","1500.32","1483","70","1125","1227","1687","2148","2556","1386.71","1613.93","222","3528","1309","1585"
"1986","Other degree","(3a) lower tertiary education","","","","","","","","","","","","","",""
"1986","Other degree","(3b) higher tertiary education","1888.08","1461.22","41","1023","1145","2506","3502","6376","1548.67","2227.49","777","6376","1278","1985"
"1986","secondary school degree","(0) in school","","","","","","","","","","","","","",""
"1986","secondary school degree","(1a) inadequately completed","","","","","","","","","","","","","",""
"1986","secondary school degree","(1b) general elementary school","","","","","","","","","","","","","",""
"1986","secondary school degree","(1c) basic vocational qualification","","","","","","","","","","","","","",""
"1986","secondary school degree","(2a) intermediate vocational","1549.06","1432","880","614","1023","1892","2505","4434","1486.92","1611.2","51","11248","1329","1483"
"1986","secondary school degree","(2b) intermediate general qualification","696.56","394.91","237","223","297","1023","1483","2735","626.22","766.9","0","2812","358","518"
"1986","secondary school degree","(2c_gen) general maturity certificate","","","","","","","","","","","","","",""
"1986","secondary school degree","(2c_voc) vocational maturity certificate","","","","","","","","","","","","","",""
"1986","secondary school degree","(3a) lower tertiary education","2549.34","2304.23","34","1227","1585","3068","4244","6118","2049.81","3048.87","205","6118","1994","3017"
"1986","secondary school degree","(3b) higher tertiary education","","","","","","","","","","","","","",""
"1987","college entrance qualification","(0) in school","","","","","","","","","","","","","",""
"1987","college entrance qualification","(1a) inadequately completed","","","","","","","","","","","","","",""
"1987","college entrance qualification","(1b) general elementary school","","","","","","","","","","","","","",""
"1987","college entrance qualification","(1c) basic vocational qualification","","","","","","","","","","","","","",""
"1987","college entrance qualification","(2a) intermediate vocational","","","","","","","","","","","","","",""
"1987","college entrance qualification","(2b) intermediate general qualification","","","","","","","","","","","","","",""
"1987","college entrance qualification","(2c_gen) general maturity certificate","763.7","445.98","123","213","353","920","1701","3579","639.53","887.87","87","3579","383","592"
"1987","college entrance qualification","(2c_voc) vocational maturity certificate","1547.81","1437.04","203","307","1023","2147","2556","3937","1428.71","1666.91","36","5880","1324","1534"
"1987","college entrance qualification","(3a) lower tertiary education","2252.89","2199","129","1074","1764","2863","3400","4704","2084.84","2420.94","51","6647","2020","2326"
"1987","college entrance qualification","(3b) higher tertiary education","2482.63","2377.76","358","920","1662","3068","3835","7948","2324.95","2640.31","51","12782","2250","2556"
"1987","lower secondary degree","(0) in school","","","","","","","","","","","","","",""
"1987","lower secondary degree","(1a) inadequately completed","","","","","","","","","","","","","",""
"1987","lower secondary degree","(1b) general elementary school","915.8","869","798","220","409","1326","1636","2546","877.13","954.47","0","3323","818","971"
"1987","lower secondary degree","(1c) basic vocational qualification","1455.28","1432","2043","614","1023","1790","2189","4090","1422.25","1488.31","0","12782","1380","1432"
"1987","lower secondary degree","(2a) intermediate vocational","","","","","","","","","","","","","",""
"1987","lower secondary degree","(2b) intermediate general qualification","","","","","","","","","","","","","",""
"1987","lower secondary degree","(2c_gen) general maturity certificate","","","","","","","","","","","","","",""
"1987","lower secondary degree","(2c_voc) vocational maturity certificate","","","","","","","","","","","","","",""
"1987","lower secondary degree","(3a) lower tertiary education","","","","","","","","","","","","","",""
"1987","lower secondary degree","(3b) higher tertiary education","","","","","","","","","","","","","",""
"1987","no degree/no degree yet","(0) in school","","","","","","","","","","","","","",""
"1987","no degree/no degree yet","(1a) inadequately completed","1215.19","1275.52","466","511","920","1534","1790","2659","1162.43","1267.95","31","7936","1176","1278"
"1987","no degree/no degree yet","(1b) general elementary school","","","","","","","","","","","","","",""
"1987","no degree/no degree yet","(1c) basic vocational qualification","","","","","","","","","","","","","",""
"1987","no degree/no degree yet","(2a) intermediate vocational","","","","","","","","","","","","","",""
"1987","no degree/no degree yet","(2b) intermediate general qualification","","","","","","","","","","","","","",""
"1987","no degree/no degree yet","(2c_gen) general maturity certificate","","","","","","","","","","","","","",""
"1987","no degree/no degree yet","(2c_voc) vocational maturity certificate","","","","","","","","","","","","","",""
"1987","no degree/no degree yet","(3a) lower tertiary education","","","","","","","","","","","","","",""
"1987","no degree/no degree yet","(3b) higher tertiary education","","","","","","","","","","","","","",""
"1987","Other degree","(0) in school","","","","","","","","","","","","","",""
"1987","Other degree","(1a) inadequately completed","","","","","","","","","","","","","",""
"1987","Other degree","(1b) general elementary school","1175.32","1227","418","463","920","1483","1738","2301","1129.53","1221.11","50","5113","1258","1352"
"1987","Other degree","(1c) basic vocational qualification","1470.83","1386.92","284","920","1176","1687","1943","3167","1405.9","1535.76","307","6647","1329","1483"
"1987","Other degree","(2a) intermediate vocational","","","","","","","","","","","","","",""
"1987","Other degree","(2b) intermediate general qualification","","","","","","","","","","","","","",""
"1987","Other degree","(2c_gen) general maturity certificate","1283.67","1227","45","614","1023","1636","1841","2199","1143.25","1424.09","123","2199","1073","1534"
"1987","Other degree","(2c_voc) vocational maturity certificate","1497.44","1339.26","63","1048","1227","1687","2301","2638","1371.29","1623.59","368","2638","1329","1534"
"1987","Other degree","(3a) lower tertiary education","","","","","","","","","","","","","",""
"1987","Other degree","(3b) higher tertiary education","1973.33","1755.95","36","1176","1432","2455","3100","4090","1718.37","2228.29","920","4090","1432","2151"
"1987","secondary school degree","(0) in school","","","","","","","","","","","","","",""
"1987","secondary school degree","(1a) inadequately completed","","","","","","","","","","","","","",""
"1987","secondary school degree","(1b) general elementary school","","","","","","","","","","","","","",""
"1987","secondary school degree","(1c) basic vocational qualification","","","","","","","","","","","","","",""
"1987","secondary school degree","(2a) intermediate vocational","1554.04","1432","904","588","1023","1892","2556","4550","1491.5","1616.58","0","10226","1356","1457"
"1987","secondary school degree","(2b) intermediate general qualification","725.34","386.59","238","220","301","1125","1561","2863","649.76","800.92","31","3068","363","460"
"1987","secondary school degree","(2c_gen) general maturity certificate","","","","","","","","","","","","","",""
"1987","secondary school degree","(2c_voc) vocational maturity certificate","","","","","","","","","","","","","",""
"1987","secondary school degree","(3a) lower tertiary education","2483.34","2165.91","34","339","1534","3579","5113","7732","1869.69","3096.99","205","7732","1777","3221"
"1987","secondary school degree","(3b) higher tertiary education","","","","","","","","","","","","","",""
"1988","college entrance qualification","(0) in school","","","","","","","","","","","","","",""
"1988","college entrance qualification","(1a) inadequately completed","","","","","","","","","","","","","",""
"1988","college entrance qualification","(1b) general elementary school","","","","","","","","","","","","","",""
"1988","college entrance qualification","(1c) basic vocational qualification","","","","","","","","","","","","","",""
"1988","college entrance qualification","(2a) intermediate vocational","","","","","","","","","","","","","",""
"1988","college entrance qualification","(2b) intermediate general qualification","","","","","","","","","","","","","",""
"1988","college entrance qualification","(2c_gen) general maturity certificate","860.38","570.42","111","217","348","1227","1841","3835","722.95","997.81","0","3835","460","614"
"1988","college entrance qualification","(2c_voc) vocational maturity certificate","1640.35","1534","207","532","1023","2058","2812","3835","1479.08","1801.62","0","13294","1380","1636"
"1988","college entrance qualification","(3a) lower tertiary education","2454.84","2243.94","127","1192","1760","3041","3886","6902","2235.06","2674.62","0","9203","2059","2454"
"1988","college entrance qualification","(3b) higher tertiary education","2563.01","2403","347","1045","1790","3068","3835","8181","2407.52","2718.5","0","12782","2301","2556"
"1988","lower secondary degree","(0) in school","","","","","","","","","","","","","",""
"1988","lower secondary degree","(1a) inadequately completed","","","","","","","","","","","","","",""
"1988","lower secondary degree","(1b) general elementary school","974.78","920","773","225","366","1415","1687","2812","927.31","1022.25","0","10159","844","1012"
"1988","lower secondary degree","(1c) basic vocational qualification","1503.5","1483","1936","614","1074","1790","2301","3858","1469.61","1537.39","0","8692","1432","1508"
"1988","lower secondary degree","(2a) intermediate vocational","","","","","","","","","","","","","",""
"1988","lower secondary degree","(2b) intermediate general qualification","","","","","","","","","","","","","",""
"1988","lower secondary degree","(2c_gen) general maturity certificate","","","","","","","","","","","","","",""
"1988","lower secondary degree","(2c_voc) vocational maturity certificate","","","","","","","","","","","","","",""
"1988","lower secondary degree","(3a) lower tertiary education","","","","","","","","","","","","","",""
"1988","lower secondary degree","(3b) higher tertiary education","","","","","","","","","","","","","",""
"1988","no degree/no degree yet","(0) in school","","","","","","","","","","","","","",""
"1988","no degree/no degree yet","(1a) inadequately completed","1288.76","1278","409","613","1023","1534","1892","2353","1229","1348.52","0","6647","1227","1329"
"1988","no degree/no degree yet","(1b) general elementary school","","","","","","","","","","","","","",""
"1988","no degree/no degree yet","(1c) basic vocational qualification","","","","","","","","","","","","","",""
"1988","no degree/no degree yet","(2a) intermediate vocational","","","","","","","","","","","","","",""
"1988","no degree/no degree yet","(2b) intermediate general qualification","","","","","","","","","","","","","",""
"1988","no degree/no degree yet","(2c_gen) general maturity certificate","","","","","","","","","","","","","",""
"1988","no degree/no degree yet","(2c_voc) vocational maturity certificate","","","","","","","","","","","","","",""
"1988","no degree/no degree yet","(3a) lower tertiary education","","","","","","","","","","","","","",""
"1988","no degree/no degree yet","(3b) higher tertiary education","","","","","","","","","","","","","",""
"1988","Other degree","(0) in school","","","","","","","","","","","","","",""
"1988","Other degree","(1a) inadequately completed","","","","","","","","","","","","","",""
"1988","Other degree","(1b) general elementary school","1240.9","1278","395","391","971","1534","1790","3068","1179.76","1302.04","51","5137","1309","1380"
"1988","Other degree","(1c) basic vocational qualification","1514.95","1408.28","261","1002","1227","1687","1994","4090","1439.53","1590.37","0","7528","1406","1534"
"1988","Other degree","(2a) intermediate vocational","","","","","","","","","","","","","",""
"1988","Other degree","(2b) intermediate general qualification","","","","","","","","","","","","","",""
"1988","Other degree","(2c_gen) general maturity certificate","1454.27","1329","34","971","1125","1738","1943","2301","1306.8","1601.74","511","2301","1227","1687"
"1988","Other degree","(2c_voc) vocational maturity certificate","1610.53","1474.71","54","1023","1253","1943","2429","3579","1440.88","1780.18","358","3579","1342","1790"
"1988","Other degree","(3a) lower tertiary education","","","","","","","","","","","","","",""
"1988","Other degree","(3b) higher tertiary education","","","","","","","","","","","","","",""
"1988","secondary school degree","(0) in school","","","","","","","","","","","","","",""
"1988","secondary school degree","(1a) inadequately completed","","","","","","","","","","","","","",""
"1988","secondary school degree","(1b) general elementary school","","","","","","","","","","","","","",""
"1988","secondary school degree","(1c) basic vocational qualification","","","","","","","","","","","","","",""
"1988","secondary school degree","(2a) intermediate vocational","1599.41","1483","865","614","1074","1943","2556","4908","1534.27","1664.55","0","13331","1407","1534"
"1988","secondary school degree","(2b) intermediate general qualification","806.84","533.8","249","220","332","1176","1726","2935","730.45","883.23","0","3323","396","614"
"1988","secondary school degree","(2c_gen) general maturity certificate","","","","","","","","","","","","","",""
"1988","secondary school degree","(2c_voc) vocational maturity certificate","","","","","","","","","","","","","",""
"1988","secondary school degree","(3a) lower tertiary education","2687.86","2372.15","35","767","1738","3579","5113","7732","2057.79","3317.93","161","7732","1956","3173"
"1988","secondary school degree","(3b) higher tertiary education","","","","","","","","","","","","","",""
"1989","college entrance qualification","(0) in school","","","","","","","","","","","","","",""
"1989","college entrance qualification","(1a) inadequately completed","","","","","","","","","","","","","",""
"1989","college entrance qualification","(1b) general elementary school","","","","","","","","","","","","","",""
"1989","college entrance qualification","(1c) basic vocational qualification","","","","","","","","","","","","","",""
"1989","college entrance qualification","(2a) intermediate vocational","","","","","","","","","","","","","",""
"1989","college entrance qualification","(2b) intermediate general qualification","","","","","","","","","","","","","",""
"1989","college entrance qualification","(2c_gen) general maturity certificate","975.37","591.48","123","225","332","1534","2173","3579","821.63","1129.11","0","4400","464","767"
"1989","college entrance qualification","(2c_voc) vocational maturity certificate","1771.85","1631.29","213","767","1227","2122","3068","4090","1635.8","1907.9","151","10226","1489","1751"
"1989","college entrance qualification","(3a) lower tertiary education","2363.88","2266.61","131","1023","1738","2812","3784","7239","2166.13","2561.63","0","7311","2045","2482"
"1989","college entrance qualification","(3b) higher tertiary education","2734.24","2535.56","344","1176","1882","3221","4141","8692","2537.25","2931.23","0","23008","2454","2659"
"1989","lower secondary degree","(0) in school","","","","","","","","","","","","","",""
"1989","lower secondary degree","(1a) inadequately completed","","","","","","","","","","","","","",""
"1989","lower secondary degree","(1b) general elementary school","978.12","942.46","749","229","369","1432","1790","2608","934.43","1021.81","0","3272","920","1053"
"1989","lower secondary degree","(1c) basic vocational qualification","1555.74","1534","1884","665","1125","1866","2352","4346","1520.57","1590.91","0","10226","1483","1534"
"1989","lower secondary degree","(2a) intermediate vocational","","","","","","","","","","","","","",""
"1989","lower secondary degree","(2b) intermediate general qualification","","","","","","","","","","","","","",""
"1989","lower secondary degree","(2c_gen) general maturity certificate","","","","","","","","","","","","","",""
"1989","lower secondary degree","(2c_voc) vocational maturity certificate","","","","","","","","","","","","","",""
"1989","lower secondary degree","(3a) lower tertiary education","","","","","","","","","","","","","",""
"1989","lower secondary degree","(3b) higher tertiary education","","","","","","","","","","","","","",""
"1989","no degree/no degree yet","(0) in school","","","","","","","","","","","","","",""
"1989","no degree/no degree yet","(1a) inadequately completed","1278.73","1278","388","511","1020","1636","1841","2454","1227.12","1330.34","0","4090","1278","1329"
"1989","no degree/no degree yet","(1b) general elementary school","","","","","","","","","","","","","",""
"1989","no degree/no degree yet","(1c) basic vocational qualification","","","","","","","","","","","","","",""
"1989","no degree/no degree yet","(2a) intermediate vocational","","","","","","","","","","","","","",""
"1989","no degree/no degree yet","(2b) intermediate general qualification","","","","","","","","","","","","","",""
"1989","no degree/no degree yet","(2c_gen) general maturity certificate","","","","","","","","","","","","","",""
"1989","no degree/no degree yet","(2c_voc) vocational maturity certificate","","","","","","","","","","","","","",""
"1989","no degree/no degree yet","(3a) lower tertiary education","","","","","","","","","","","","","",""
"1989","no degree/no degree yet","(3b) higher tertiary education","","","","","","","","","","","","","",""
"1989","Other degree","(0) in school","","","","","","","","","","","","","",""
"1989","Other degree","(1a) inadequately completed","","","","","","","","","","","","","",""
"1989","Other degree","(1b) general elementary school","1352.84","1329","380","818","1054","1636","1917","3068","1296.97","1408.71","0","5113","1329","1432"
"1989","Other degree","(1c) basic vocational qualification","1552.26","1483","257","874","1227","1790","2096","5113","1475.67","1628.85","51","5113","1483","1585"
"1989","Other degree","(2a) intermediate vocational","","","","","","","","","","","","","",""
"1989","Other degree","(2b) intermediate general qualification","","","","","","","","","","","","","",""
"1989","Other degree","(2c_gen) general maturity certificate","1632.95","1636","31","920","1432","1975","2301","2393","1462.18","1803.72","537","2393","1432","1790"
"1989","Other degree","(2c_voc) vocational maturity certificate","1558.76","1580.91","51","800","1299","1932","2147","2429","1429.81","1687.71","307","2429","1432","1687"
"1989","Other degree","(3a) lower tertiary education","","","","","","","","","","","","","",""
"1989","Other degree","(3b) higher tertiary education","","","","","","","","","","","","","",""
"1989","secondary school degree","(0) in school","","","","","","","","","","","","","",""
"1989","secondary school degree","(1a) inadequately completed","","","","","","","","","","","","","",""
"1989","secondary school degree","(1b) general elementary school","","","","","","","","","","","","","",""
"1989","secondary school degree","(1c) basic vocational qualification","","","","","","","","","","","","","",""
"1989","secondary school degree","(2a) intermediate vocational","1662.59","1517.78","867","665","1125","2012","2659","4985","1598.38","1726.8","0","10226","1432","1534"
"1989","secondary school degree","(2b) intermediate general qualification","867.17","721.21","239","230","351","1227","1841","3068","788.08","946.26","0","3988","414","736"
"1989","secondary school degree","(2c_gen) general maturity certificate","","","","","","","","","","","","","",""
"1989","secondary school degree","(2c_voc) vocational maturity certificate","","","","","","","","","","","","","",""
"1989","secondary school degree","(3a) lower tertiary education","3320.07","2792.69","32","1790","2147","4090","5880","9382","2581.36","4058.78","511","9382","2147","3889"
"1989","secondary school degree","(3b) higher tertiary education","","","","","","","","","","","","","",""
"1990","college entrance qualification","(0) in school","","","","","","","","","","","","","",""
"1990","college entrance qualification","(1a) inadequately completed","","","","","","","","","","","","","",""
"1990","college entrance qualification","(1b) general elementary school","","","","","","","","","","","","","",""
"1990","college entrance qualification","(1c) basic vocational qualification","","","","","","","","","","","","","",""
"1990","college entrance qualification","(2a) intermediate vocational","","","","","","","","","","","","","",""
"1990","college entrance qualification","(2b) intermediate general qualification","","","","","","","","","","","","","",""
"1990","college entrance qualification","(2c_gen) general maturity certificate","925.11","619.87","134","220","409","1278","1943","3835","800.64","1049.58","56","3835","496","657"
"1990","college entrance qualification","(2c_voc) vocational maturity certificate","1628.8","1481.88","285","527","859","2147","2812","4090","1509.26","1748.34","102","9718","1278","1487"
"1990","college entrance qualification","(3a) lower tertiary education","2072.83","2096","245","588","895","2812","3835","4857","1919.97","2225.69","0","7311","1058","1834"
"1990","college entrance qualification","(3b) higher tertiary education","2308.67","2111.4","595","693","1012","3068","3835","7669","2164.53","2452.81","0","25565","1227","1687"
"1990","lower secondary degree","(0) in school","","","","","","","","","","","","","",""
"1990","lower secondary degree","(1a) inadequately completed","","","","","","","","","","","","","",""
"1990","lower secondary degree","(1b) general elementary school","979.4","890.2","830","240","391","1432","1790","2812","926.37","1032.43","0","9419","764","945"
"1990","lower secondary degree","(1c) basic vocational qualification","1405.58","1432","2798","419","667","1882","2352","3835","1375.03","1436.13","0","10226","1047","1227"
"1990","lower secondary degree","(2a) intermediate vocational","","","","","","","","","","","","","",""
"1990","lower secondary degree","(2b) intermediate general qualification","","","","","","","","","","","","","",""
"1990","lower secondary degree","(2c_gen) general maturity certificate","","","","","","","","","","","","","",""
"1990","lower secondary degree","(2c_voc) vocational maturity certificate","","","","","","","","","","","","","",""
"1990","lower secondary degree","(3a) lower tertiary education","896.78","767","69","475","598","895","1585","2787","801.59","991.97","220","2787","680","818"
"1990","lower secondary degree","(3b) higher tertiary education","","","","","","","","","","","","","",""
"1990","no degree/no degree yet","(0) in school","","","","","","","","","","","","","",""
"1990","no degree/no degree yet","(1a) inadequately completed","1328.39","1422.24","379","475","1023","1644","1892","2556","1272.97","1383.81","0","4602","1329","1432"
"1990","no degree/no degree yet","(1b) general elementary school","","","","","","","","","","","","","",""
"1990","no degree/no degree yet","(1c) basic vocational qualification","","","","","","","","","","","","","",""
"1990","no degree/no degree yet","(2a) intermediate vocational","","","","","","","","","","","","","",""
"1990","no degree/no degree yet","(2b) intermediate general qualification","","","","","","","","","","","","","",""
"1990","no degree/no degree yet","(2c_gen) general maturity certificate","","","","","","","","","","","","","",""
"1990","no degree/no degree yet","(2c_voc) vocational maturity certificate","","","","","","","","","","","","","",""
"1990","no degree/no degree yet","(3a) lower tertiary education","","","","","","","","","","","","","",""
"1990","no degree/no degree yet","(3b) higher tertiary education","","","","","","","","","","","","","",""
"1990","Other degree","(0) in school","","","","","","","","","","","","","",""
"1990","Other degree","(1a) inadequately completed","","","","","","","","","","","","","",""
"1990","Other degree","(1b) general elementary school","1332.02","1329","397","531","1023","1697","1964","2608","1259.1","1404.94","71","9715","1360","1432"
"1990","Other degree","(1c) basic vocational qualification","1395.67","1473.08","256","409","827","1790","2147","3579","1314.86","1476.48","16","5113","1483","1636"
"1990","Other degree","(2a) intermediate vocational","","","","","","","","","","","","","",""
"1990","Other degree","(2b) intermediate general qualification","","","","","","","","","","","","","",""
"1990","Other degree","(2c_gen) general maturity certificate","","","","","","","","","","","","","",""
"1990","Other degree","(2c_voc) vocational maturity certificate","1582.57","1584.58","48","707","1315","1963","2301","2582","1446.42","1718.72","409","2582","1432","1790"
"1990","Other degree","(3a) lower tertiary education","","","","","","","","","","","","","",""
"1990","Other degree","(3b) higher tertiary education","","","","","","","","","","","","","",""
"1990","secondary school degree","(0) in school","","","","","","","","","","","","","",""
"1990","secondary school degree","(1a) inadequately completed","","","","","","","","","","","","","",""
"1990","secondary school degree","(1b) general elementary school","","","","","","","","","","","","","",""
"1990","secondary school degree","(1c) basic vocational qualification","","","","","","","","","","","","","",""
"1990","secondary school degree","(2a) intermediate vocational","1274.34","1058.98","2125","409","562","1738","2442","4862","1239.45","1309.23","0","7732","665","698"
"1990","secondary school degree","(2b) intermediate general qualification","755.05","429","356","113","256","1227","1636","3068","688.9","821.2","0","3579","322","399"
"1990","secondary school degree","(2c_gen) general maturity certificate","","","","","","","","","","","","","",""
"1990","secondary school degree","(2c_voc) vocational maturity certificate","","","","","","","","","","","","","",""
"1990","secondary school degree","(3a) lower tertiary education","1149.2","719.38","411","444","578","971","2556","10226","1045.66","1252.74","95","12782","654","716"
"1990","secondary school degree","(3b) higher tertiary education","1845.38","973.47","31","695","767","3221","3477","12782","1022.48","2668.28","639","12782","767","1051"
"1991","college entrance qualification","(0) in school","","","","","","","","","","","","","",""
"1991","college entrance qualification","(1a) inadequately completed","","","","","","","","","","","","","",""
"1991","college entrance qualification","(1b) general elementary school","","","","","","","","","","","","","",""
"1991","college entrance qualification","(1c) basic vocational qualification","","","","","","","","","","","","","",""
"1991","college entrance qualification","(2a) intermediate vocational","","","","","","","","","","","","","",""
"1991","college entrance qualification","(2b) intermediate general qualification","","","","","","","","","","","","","",""
"1991","college entrance qualification","(2c_gen) general maturity certificate","1063.93","648.29","145","256","409","1534","2301","3835","908.44","1219.42","0","7669","593","716"
"1991","college entrance qualification","(2c_voc) vocational maturity certificate","1653.1","1534","303","542","1023","2096","2812","4602","1555.92","1750.28","102","4857","1380","1550"
"1991","college entrance qualification","(3a) lower tertiary education","2199.88","2045","236","787","1278","2914","3681","6902","2029.77","2369.99","100","8334","1516","1943"
"1991","college entrance qualification","(3b) higher tertiary education","2484.21","2352","572","767","1176","3222","4141","8181","2351.33","2617.09","102","17043","1598","1994"
"1991","lower secondary degree","(0) in school","","","","","","","","","","","","","",""
"1991","lower secondary degree","(1a) inadequately completed","","","","","","","","","","","","","",""
"1991","lower secondary degree","(1b) general elementary school","1032.4","917.69","788","271","436","1525","1878","2952","983.04","1081.76","0","5416","829","1023"
"1991","lower secondary degree","(1c) basic vocational qualification","1511.95","1534","2564","511","818","1960","2531","4090","1479.61","1544.29","0","10635","1278","1381"
"1991","lower secondary degree","(2a) intermediate vocational","","","","","","","","","","","","","",""
"1991","lower secondary degree","(2b) intermediate general qualification","","","","","","","","","","","","","",""
"1991","lower secondary degree","(2c_gen) general maturity certificate","","","","","","","","","","","","","",""
"1991","lower secondary degree","(2c_voc) vocational maturity certificate","","","","","","","","","","","","","",""
"1991","lower secondary degree","(3a) lower tertiary education","1116.03","971","50","716","818","1227","1483","2863","987.25","1244.81","138","2863","869","1125"
"1991","lower secondary degree","(3b) higher tertiary education","","","","","","","","","","","","","",""
"1991","no degree/no degree yet","(0) in school","","","","","","","","","","","","","",""
"1991","no degree/no degree yet","(1a) inadequately completed","1357.56","1380.25","383","562","971","1738","1994","2659","1298.21","1416.91","179","4602","1278","1483"
"1991","no degree/no degree yet","(1b) general elementary school","","","","","","","","","","","","","",""
"1991","no degree/no degree yet","(1c) basic vocational qualification","","","","","","","","","","","","","",""
"1991","no degree/no degree yet","(2a) intermediate vocational","","","","","","","","","","","","","",""
"1991","no degree/no degree yet","(2b) intermediate general qualification","","","","","","","","","","","","","",""
"1991","no degree/no degree yet","(2c_gen) general maturity certificate","","","","","","","","","","","","","",""
"1991","no degree/no degree yet","(2c_voc) vocational maturity certificate","","","","","","","","","","","","","",""
"1991","no degree/no degree yet","(3a) lower tertiary education","","","","","","","","","","","","","",""
"1991","no degree/no degree yet","(3b) higher tertiary education","","","","","","","","","","","","","",""
"1991","Other degree","(0) in school","","","","","","","","","","","","","",""
"1991","Other degree","(1a) inadequately completed","","","","","","","","","","","","","",""
"1991","Other degree","(1b) general elementary school","1433.58","1432","382","746","1084","1764","2045","2663","1372.85","1494.31","153","6647","1432","1534"
"1991","Other degree","(1c) basic vocational qualification","1541.53","1531.47","260","435","1125","1854","2301","7675","1450.57","1632.49","0","7675","1534","1675"
"1991","Other degree","(2a) intermediate vocational","","","","","","","","","","","","","",""
"1991","Other degree","(2b) intermediate general qualification","","","","","","","","","","","","","",""
"1991","Other degree","(2c_gen) general maturity certificate","","","","","","","","","","","","","",""
"1991","Other degree","(2c_voc) vocational maturity certificate","1567.08","1534","52","707","1329","1790","2352","4602","1382.31","1751.85","250","4602","1534","1790"
"1991","Other degree","(3a) lower tertiary education","","","","","","","","","","","","","",""
"1991","Other degree","(3b) higher tertiary education","","","","","","","","","","","","","",""
"1991","secondary school degree","(0) in school","","","","","","","","","","","","","",""
"1991","secondary school degree","(1a) inadequately completed","","","","","","","","","","","","","",""
"1991","secondary school degree","(1b) general elementary school","","","","","","","","","","","","","",""
"1991","secondary school degree","(1c) basic vocational qualification","","","","","","","","","","","","","",""
"1991","secondary school degree","(2a) intermediate vocational","1400.16","1176","1987","511","716","1841","2556","4602","1360.75","1439.57","0","15339","869","959"
"1991","secondary school degree","(2b) intermediate general qualification","862.17","522.08","317","210","332","1380","1790","3068","787.87","936.47","51","4602","420","511"
"1991","secondary school degree","(2c_gen) general maturity certificate","","","","","","","","","","","","","",""
"1991","secondary school degree","(2c_voc) vocational maturity certificate","","","","","","","","","","","","","",""
"1991","secondary school degree","(3a) lower tertiary education","1358.93","878.74","385","562","690","1329","2787","10226","1245","1472.86","0","12782","792","868"
"1991","secondary school degree","(3b) higher tertiary education","","","","","","","","","","","","","",""
"1992","college entrance qualification","(0) in school","","","","","","","","","","","","","",""
"1992","college entrance qualification","(1a) inadequately completed","","","","","","","","","","","","","",""
"1992","college entrance qualification","(1b) general elementary school","","","","","","","","","","","","","",""
"1992","college entrance qualification","(1c) basic vocational qualification","","","","","","","","","","","","","",""
"1992","college entrance qualification","(2a) intermediate vocational","","","","","","","","","","","","","",""
"1992","college entrance qualification","(2b) intermediate general qualification","","","","","","","","","","","","","",""
"1992","college entrance qualification","(2c_gen) general maturity certificate","1187.67","673.57","145","264","383","2045","2812","4039","1033.91","1341.43","97","4092","531","895"
"1992","college entrance qualification","(2c_voc) vocational maturity certificate","1867.31","1687","297","767","1227","2352","3068","5601","1759.49","1975.13","102","5880","1585","1688"
"1992","college entrance qualification","(3a) lower tertiary education","2339.05","2301","226","971","1407","3068","3988","5517","2174.62","2503.48","77","7669","1745","2301"
"1992","college entrance qualification","(3b) higher tertiary education","2718.22","2556","553","1073","1585","3477","4397","7669","2586.83","2849.61","0","17384","1892","2301"
"1992","lower secondary degree","(0) in school","","","","","","","","","","","","","",""
"1992","lower secondary degree","(1a) inadequately completed","","","","","","","","","","","","","",""
"1992","lower secondary degree","(1b) general elementary school","1110.44","1023","714","280","460","1636","2045","3170","1056.47","1164.41","0","5520","971","1176"
"1992","lower secondary degree","(1c) basic vocational qualification","1673.7","1636","2342","665","1074","2096","2563","4602","1637.83","1709.57","0","15339","1493","1585"
"1992","lower secondary degree","(2a) intermediate vocational","","","","","","","","","","","","","",""
"1992","lower secondary degree","(2b) intermediate general qualification","","","","","","","","","","","","","",""
"1992","lower secondary degree","(2c_gen) general maturity certificate","","","","","","","","","","","","","",""
"1992","lower secondary degree","(2c_voc) vocational maturity certificate","","","","","","","","","","","","","",""
"1992","lower secondary degree","(3a) lower tertiary education","1373.04","1227","38","920","1085","1380","2582","2863","1227.84","1518.24","716","2863","1176","1329"
"1992","lower secondary degree","(3b) higher tertiary education","","","","","","","","","","","","","",""
"1992","no degree/no degree yet","(0) in school","","","","","","","","","","","","","",""
"1992","no degree/no degree yet","(1a) inadequately completed","1488.43","1534","341","741","1099","1829","2147","3068","1423.48","1553.38","0","4090","1432","1611"
"1992","no degree/no degree yet","(1b) general elementary school","","","","","","","","","","","","","",""
"1992","no degree/no degree yet","(1c) basic vocational qualification","","","","","","","","","","","","","",""
"1992","no degree/no degree yet","(2a) intermediate vocational","","","","","","","","","","","","","",""
"1992","no degree/no degree yet","(2b) intermediate general qualification","","","","","","","","","","","","","",""
"1992","no degree/no degree yet","(2c_gen) general maturity certificate","","","","","","","","","","","","","",""
"1992","no degree/no degree yet","(2c_voc) vocational maturity certificate","","","","","","","","","","","","","",""
"1992","no degree/no degree yet","(3a) lower tertiary education","","","","","","","","","","","","","",""
"1992","no degree/no degree yet","(3b) higher tertiary education","","","","","","","","","","","","","",""
"1992","Other degree","(0) in school","","","","","","","","","","","","","",""
"1992","Other degree","(1a) inadequately completed","","","","","","","","","","","","","",""
"1992","Other degree","(1b) general elementary school","1520.49","1534","364","971","1176","1790","2147","3068","1450.79","1590.19","51","7669","1534","1663"
"1992","Other degree","(1c) basic vocational qualification","1749.32","1663.85","236","818","1329","2045","2454","10234","1641.19","1857.45","0","10234","1636","1790"
"1992","Other degree","(2a) intermediate vocational","","","","","","","","","","","","","",""
"1992","Other degree","(2b) intermediate general qualification","","","","","","","","","","","","","",""
"1992","Other degree","(2c_gen) general maturity certificate","","","","","","","","","","","","","",""
"1992","Other degree","(2c_voc) vocational maturity certificate","1717.33","1645.32","46","1278","1360","2045","2556","2965","1553.54","1881.12","460","2965","1534","1977"
"1992","Other degree","(3a) lower tertiary education","","","","","","","","","","","","","",""
"1992","Other degree","(3b) higher tertiary education","","","","","","","","","","","","","",""
"1992","secondary school degree","(0) in school","","","","","","","","","","","","","",""
"1992","secondary school degree","(1a) inadequately completed","","","","","","","","","","","","","",""
"1992","secondary school degree","(1b) general elementary school","","","","","","","","","","","","","",""
"1992","secondary school degree","(1c) basic vocational qualification","","","","","","","","","","","","","",""
"1992","secondary school degree","(2a) intermediate vocational","1596.56","1409.94","1851","665","920","2045","2688","5011","1556.82","1636.3","0","10226","1125","1227"
"1992","secondary school degree","(2b) intermediate general qualification","999.72","683.94","316","256","409","1585","1943","3068","923.6","1075.84","76","4090","486","608"
"1992","secondary school degree","(2c_gen) general maturity certificate","","","","","","","","","","","","","",""
"1992","secondary school degree","(2c_voc) vocational maturity certificate","","","","","","","","","","","","","",""
"1992","secondary school degree","(3a) lower tertiary education","1685.85","1227","364","716","920","1738","3079","10226","1564.64","1807.06","66","12782","1114","1227"
"1992","secondary school degree","(3b) higher tertiary education","2148.87","1793.27","30","920","1080","2914","3579","7669","1628.26","2669.48","123","7669","1183","1943"
"1993","college entrance qualification","(0) in school","","","","","","","","","","","","","",""
"1993","college entrance qualification","(1a) inadequately completed","","","","","","","","","","","","","",""
"1993","college entrance qualification","(1b) general elementary school","","","","","","","","","","","","","",""
"1993","college entrance qualification","(1c) basic vocational qualification","","","","","","","","","","","","","",""
"1993","college entrance qualification","(2a) intermediate vocational","","","","","","","","","","","","","",""
"1993","college entrance qualification","(2b) intermediate general qualification","","","","","","","","","","","","","",""
"1993","college entrance qualification","(2c_gen) general maturity certificate","1281.39","920","152","256","501","1943","2556","5266","1126","1436.78","55","5266","575","1023"
"1993","college entrance qualification","(2c_voc) vocational maturity certificate","1906.3","1789.75","301","727","1297","2480","3221","5113","1803.7","2008.9","102","5113","1663","1790"
"1993","college entrance qualification","(3a) lower tertiary education","2634.01","2431.24","228","1125","1738","3307","4090","6902","2460.4","2807.62","130","8845","1950","2403"
"1993","college entrance qualification","(3b) higher tertiary education","2999.52","2812","544","1120","1943","3784","4602","10226","2857.07","3141.97","0","19173","2352","2710"
"1993","lower secondary degree","(0) in school","","","","","","","","","","","","","",""
"1993","lower secondary degree","(1a) inadequately completed","","","","","","","","","","","","","",""
"1993","lower secondary degree","(1b) general elementary school","1159.52","1074","686","266","511","1687","2096","3068","1103.71","1215.33","0","5113","1074","1278"
"1993","lower secondary degree","(1c) basic vocational qualification","1790.44","1738","2200","665","1176","2233","2812","5113","1751.99","1828.89","0","10719","1611","1687"
"1993","lower secondary degree","(2a) intermediate vocational","","","","","","","","","","","","","",""
"1993","lower secondary degree","(2b) intermediate general qualification","","","","","","","","","","","","","",""
"1993","lower secondary degree","(2c_gen) general maturity certificate","","","","","","","","","","","","","",""
"1993","lower secondary degree","(2c_voc) vocational maturity certificate","","","","","","","","","","","","","",""
"1993","lower secondary degree","(3a) lower tertiary education","1687.65","1483","31","1125","1329","1790","3068","3068","1508.17","1867.13","818","3068","1380","1636"
"1993","lower secondary degree","(3b) higher tertiary education","","","","","","","","","","","","","",""
"1993","no degree/no degree yet","(0) in school","","","","","","","","","","","","","",""
"1993","no degree/no degree yet","(1a) inadequately completed","1441.86","1534","331","535","1130","1790","2067","2914","1376.53","1507.19","58","4602","1432","1636"
"1993","no degree/no degree yet","(1b) general elementary school","","","","","","","","","","","","","",""
"1993","no degree/no degree yet","(1c) basic vocational qualification","","","","","","","","","","","","","",""
"1993","no degree/no degree yet","(2a) intermediate vocational","","","","","","","","","","","","","",""
"1993","no degree/no degree yet","(2b) intermediate general qualification","","","","","","","","","","","","","",""
"1993","no degree/no degree yet","(2c_gen) general maturity certificate","","","","","","","","","","","","","",""
"1993","no degree/no degree yet","(2c_voc) vocational maturity certificate","","","","","","","","","","","","","",""
"1993","no degree/no degree yet","(3a) lower tertiary education","","","","","","","","","","","","","",""
"1993","no degree/no degree yet","(3b) higher tertiary education","","","","","","","","","","","","","",""
"1993","Other degree","(0) in school","","","","","","","","","","","","","",""
"1993","Other degree","(1a) inadequately completed","","","","","","","","","","","","","",""
"1993","Other degree","(1b) general elementary school","1598.44","1585","343","920","1227","1841","2147","3835","1518.63","1678.25","179","7669","1585","1687"
"1993","Other degree","(1c) basic vocational qualification","1760.59","1789.04","218","869","1483","2045","2454","3579","1669.93","1851.25","230","6647","1687","1841"
"1993","Other degree","(2a) intermediate vocational","","","","","","","","","","","","","",""
"1993","Other degree","(2b) intermediate general qualification","","","","","","","","","","","","","",""
"1993","Other degree","(2c_gen) general maturity certificate","","","","","","","","","","","","","",""
"1993","Other degree","(2c_voc) vocational maturity certificate","1721.29","1591.05","43","1150","1227","2147","2641","3257","1537.82","1904.76","460","3257","1578","2045"
"1993","Other degree","(3a) lower tertiary education","","","","","","","","","","","","","",""
"1993","Other degree","(3b) higher tertiary education","","","","","","","","","","","","","",""
"1993","secondary school degree","(0) in school","","","","","","","","","","","","","",""
"1993","secondary school degree","(1a) inadequately completed","","","","","","","","","","","","","",""
"1993","secondary school degree","(1b) general elementary school","","","","","","","","","","","","","",""
"1993","secondary school degree","(1c) basic vocational qualification","","","","","","","","","","","","","",""
"1993","secondary school degree","(2a) intermediate vocational","1780.62","1547","1868","767","1074","2179","2965","5624","1727.93","1833.31","0","28121","1351","1432"
"1993","secondary school degree","(2b) intermediate general qualification","1109.31","753.01","300","281","460","1636","2170","3835","1021.97","1196.65","0","4602","511","665"
"1993","secondary school degree","(2c_gen) general maturity certificate","","","","","","","","","","","","","",""
"1993","secondary school degree","(2c_voc) vocational maturity certificate","","","","","","","","","","","","","",""
"1993","secondary school degree","(3a) lower tertiary education","2049.83","1534","362","920","1183","2147","3349","14073","1890.47","2209.19","154","20452","1432","1570"
"1993","secondary school degree","(3b) higher tertiary education","2409.25","2136.5","30","992","1636","3170","4729","4729","2048.62","2769.88","545","4729","1636","2301"
"1994","college entrance qualification","(0) in school","","","","","","","","","","","","","",""
"1994","college entrance qualification","(1a) inadequately completed","","","","","","","","","","","","","",""
"1994","college entrance qualification","(1b) general elementary school","","","","","","","","","","","","","",""
"1994","college entrance qualification","(1c) basic vocational qualification","","","","","","","","","","","","","",""
"1994","college entrance qualification","(2a) intermediate vocational","","","","","","","","","","","","","",""
"1994","college entrance qualification","(2b) intermediate general qualification","","","","","","","","","","","","","",""
"1994","college entrance qualification","(2c_gen) general maturity certificate","1329.28","931.32","164","358","499","1738","2863","5624","1162.72","1495.84","51","5624","562","920"
"1994","college entrance qualification","(2c_voc) vocational maturity certificate","1811.28","1727.87","304","664","1227","2301","2973","4602","1709.69","1912.87","0","5113","1669","1790"
"1994","college entrance qualification","(3a) lower tertiary education","2562.86","2443.18","240","1023","1790","3272","4346","5721","2409.77","2715.95","205","6135","2096","2497"
"1994","college entrance qualification","(3b) higher tertiary education","2959.37","2812","570","1023","1892","3835","4653","9202","2818.25","3100.49","0","19088","2454","2761"
"1994","lower secondary degree","(0) in school","","","","","","","","","","","","","",""
"1994","lower secondary degree","(1a) inadequately completed","","","","","","","","","","","","","",""
"1994","lower secondary degree","(1b) general elementary school","1220.74","1180.33","586","286","511","1781","2147","3261","1158.2","1283.28","0","4857","1115","1329"
"1994","lower secondary degree","(1c) basic vocational qualification","1861.08","1838.41","2064","767","1278","2301","2838","4602","1816.25","1905.91","0","25565","1687","1779"
"1994","lower secondary degree","(2a) intermediate vocational","","","","","","","","","","","","","",""
"1994","lower secondary degree","(2b) intermediate general qualification","","","","","","","","","","","","","",""
"1994","lower secondary degree","(2c_gen) general maturity certificate","","","","","","","","","","","","","",""
"1994","lower secondary degree","(2c_voc) vocational maturity certificate","","","","","","","","","","","","","",""
"1994","lower secondary degree","(3a) lower tertiary education","1921.77","1744.06","32","1278","1446","2173","3068","3323","1734.27","2109.27","1278","3323","1636","2045"
"1994","lower secondary degree","(3b) higher tertiary education","","","","","","","","","","","","","",""
"1994","no degree/no degree yet","(0) in school","","","","","","","","","","","","","",""
"1994","no degree/no degree yet","(1a) inadequately completed","1477.84","1534","295","614","1125","1841","2132","3426","1402.13","1553.55","92","4090","1483","1636"
"1994","no degree/no degree yet","(1b) general elementary school","","","","","","","","","","","","","",""
"1994","no degree/no degree yet","(1c) basic vocational qualification","","","","","","","","","","","","","",""
"1994","no degree/no degree yet","(2a) intermediate vocational","","","","","","","","","","","","","",""
"1994","no degree/no degree yet","(2b) intermediate general qualification","","","","","","","","","","","","","",""
"1994","no degree/no degree yet","(2c_gen) general maturity certificate","","","","","","","","","","","","","",""
"1994","no degree/no degree yet","(2c_voc) vocational maturity certificate","","","","","","","","","","","","","",""
"1994","no degree/no degree yet","(3a) lower tertiary education","","","","","","","","","","","","","",""
"1994","no degree/no degree yet","(3b) higher tertiary education","","","","","","","","","","","","","",""
"1994","Other degree","(0) in school","","","","","","","","","","","","","",""
"1994","Other degree","(1a) inadequately completed","","","","","","","","","","","","","",""
"1994","Other degree","(1b) general elementary school","1674.25","1636","288","869","1278","1994","2352","5113","1570.99","1777.51","205","7669","1636","1790"
"1994","Other degree","(1c) basic vocational qualification","1708.88","1714.03","201","920","1329","2002","2556","3784","1612.62","1805.14","0","4960","1687","1841"
"1994","Other degree","(2a) intermediate vocational","","","","","","","","","","","","","",""
"1994","Other degree","(2b) intermediate general qualification","","","","","","","","","","","","","",""
"1994","Other degree","(2c_gen) general maturity certificate","","","","","","","","","","","","","",""
"1994","Other degree","(2c_voc) vocational maturity certificate","1766.69","1530.36","39","971","1278","2147","2659","4125","1533.83","1999.55","286","4125","1498","2045"
"1994","Other degree","(3a) lower tertiary education","","","","","","","","","","","","","",""
"1994","Other degree","(3b) higher tertiary education","","","","","","","","","","","","","",""
"1994","secondary school degree","(0) in school","","","","","","","","","","","","","",""
"1994","secondary school degree","(1a) inadequately completed","","","","","","","","","","","","","",""
"1994","secondary school degree","(1b) general elementary school","","","","","","","","","","","","","",""
"1994","secondary school degree","(1c) basic vocational qualification","","","","","","","","","","","","","",""
"1994","secondary school degree","(2a) intermediate vocational","1844.36","1645.33","1852","767","1176","2301","3016","5741","1796.48","1892.24","0","20452","1483","1534"
"1994","secondary school degree","(2b) intermediate general qualification","1128.7","762.63","268","266","435","1687","2301","3835","1018.8","1238.6","0","7669","535","675"
"1994","secondary school degree","(2c_gen) general maturity certificate","","","","","","","","","","","","","",""
"1994","secondary school degree","(2c_voc) vocational maturity certificate","","","","","","","","","","","","","",""
"1994","secondary school degree","(3a) lower tertiary education","2319.95","1790","338","1023","1278","2352","3475","20452","2129.73","2510.17","174","20452","1585","1790"
"1994","secondary school degree","(3b) higher tertiary education","2699.24","2556","31","1074","1859","3272","4857","4857","2346.28","3052.2","971","4857","1790","2608"
"1995","college entrance qualification","(0) in school","","","","","","","","","","","","","",""
"1995","college entrance qualification","(1a) inadequately completed","","","","","","","","","","","","","",""
"1995","college entrance qualification","(1b) general elementary school","","","","","","","","","","","","","",""
"1995","college entrance qualification","(1c) basic vocational qualification","","","","","","","","","","","","","",""
"1995","college entrance qualification","(2a) intermediate vocational","","","","","","","","","","","","","",""
"1995","college entrance qualification","(2b) intermediate general qualification","","","","","","","","","","","","","",""
"1995","college entrance qualification","(2c_gen) general maturity certificate","1327.04","683.25","178","264","473","1943","3068","5624","1160.64","1493.44","0","6135","588","734"
"1995","college entrance qualification","(2c_voc) vocational maturity certificate","1909.17","1744.81","321","716","1380","2505","3141","5113","1809.94","2008.4","0","5369","1697","1892"
"1995","college entrance qualification","(3a) lower tertiary education","2851.87","2556","257","1278","1922","3579","4346","7669","2668.47","3035.27","102","15273","2250","2556"
"1995","college entrance qualification","(3b) higher tertiary education","3037.58","2814.56","595","1074","1804","3835","5036","7669","2825.64","3249.52","0","40903","2556","2784"
"1995","lower secondary degree","(0) in school","","","","","","","","","","","","","",""
"1995","lower secondary degree","(1a) inadequately completed","","","","","","","","","","","","","",""
"1995","lower secondary degree","(1b) general elementary school","1274.5","1227","574","297","562","1790","2250","3323","1209.02","1339.98","0","5624","1125","1380"
"1995","lower secondary degree","(1c) basic vocational qualification","1860.75","1790","2043","665","1278","2303","2965","5113","1819.96","1901.54","0","12075","1688","1790"
"1995","lower secondary degree","(2a) intermediate vocational","","","","","","","","","","","","","",""
"1995","lower secondary degree","(2b) intermediate general qualification","","","","","","","","","","","","","",""
"1995","lower secondary degree","(2c_gen) general maturity certificate","","","","","","","","","","","","","",""
"1995","lower secondary degree","(2c_voc) vocational maturity certificate","","","","","","","","","","","","","",""
"1995","lower secondary degree","(3a) lower tertiary education","1991.97","1790","37","1278","1432","2301","3323","3579","1779.7","2204.24","920","3579","1738","1994"
"1995","lower secondary degree","(3b) higher tertiary education","","","","","","","","","","","","","",""
"1995","no degree/no degree yet","(0) in school","","","","","","","","","","","","","",""
"1995","no degree/no degree yet","(1a) inadequately completed","1502.16","1632.87","264","486","1125","1943","2147","3068","1421.07","1583.25","0","3579","1534","1738"
"1995","no degree/no degree yet","(1b) general elementary school","","","","","","","","","","","","","",""
"1995","no degree/no degree yet","(1c) basic vocational qualification","","","","","","","","","","","","","",""
"1995","no degree/no degree yet","(2a) intermediate vocational","","","","","","","","","","","","","",""
"1995","no degree/no degree yet","(2b) intermediate general qualification","","","","","","","","","","","","","",""
"1995","no degree/no degree yet","(2c_gen) general maturity certificate","","","","","","","","","","","","","",""
"1995","no degree/no degree yet","(2c_voc) vocational maturity certificate","","","","","","","","","","","","","",""
"1995","no degree/no degree yet","(3a) lower tertiary education","","","","","","","","","","","","","",""
"1995","no degree/no degree yet","(3b) higher tertiary education","","","","","","","","","","","","","",""
"1995","Other degree","(0) in school","","","","","","","","","","","","","",""
"1995","Other degree","(1a) inadequately completed","","","","","","","","","","","","","",""
"1995","Other degree","(1b) general elementary school","1541.7","1585","303","484","1207","1943","2250","3732","1458.28","1625.12","0","5113","1585","1789"
"1995","Other degree","(1c) basic vocational qualification","2009.66","1841","249","894","1457","2147","2556","3579","1612.04","2407.28","0","51128","1743","1943"
"1995","Other degree","(2a) intermediate vocational","","","","","","","","","","","","","",""
"1995","Other degree","(2b) intermediate general qualification","","","","","","","","","","","","","",""
"1995","Other degree","(2c_gen) general maturity certificate","1168.15","1274.26","40","266","506","1601","2050","3085","948.87","1387.43","261","3085","1227","1636"
"1995","Other degree","(2c_voc) vocational maturity certificate","1783.72","1687","75","614","1227","2274","2965","4547","1590.56","1976.88","184","4547","1483","1943"
"1995","Other degree","(3a) lower tertiary education","","","","","","","","","","","","","",""
"1995","Other degree","(3b) higher tertiary education","2090.86","2045","57","917","1432","2301","3301","8692","1735.41","2446.31","230","8692","1844","2148"
"1995","secondary school degree","(0) in school","","","","","","","","","","","","","",""
"1995","secondary school degree","(1a) inadequately completed","","","","","","","","","","","","","",""
"1995","secondary school degree","(1b) general elementary school","","","","","","","","","","","","","",""
"1995","secondary school degree","(1c) basic vocational qualification","","","","","","","","","","","","","",""
"1995","secondary school degree","(2a) intermediate vocational","1908.98","1738","1931","802","1245","2301","3068","6135","1861.72","1956.24","0","19429","1544","1636"
"1995","secondary school degree","(2b) intermediate general qualification","1123.12","665","292","281","455","1790","2147","3579","1022.64","1223.6","0","6135","542","716"
"1995","secondary school degree","(2c_gen) general maturity certificate","","","","","","","","","","","","","",""
"1995","secondary school degree","(2c_voc) vocational maturity certificate","","","","","","","","","","","","","",""
"1995","secondary school degree","(3a) lower tertiary education","2277.67","1790","343","1023","1380","2531","3835","12782","2131.12","2424.22","0","15339","1687","1810"
"1995","secondary school degree","(3b) higher tertiary education","2617.19","2375.36","32","1125","1607","3579","4857","4857","2255.8","2978.58","614","4857","1534","2454"
"1996","college entrance qualification","(0) in school","","","","","","","","","","","","","",""
"1996","college entrance qualification","(1a) inadequately completed","","","","","","","","","","","","","",""
"1996","college entrance qualification","(1b) general elementary school","","","","","","","","","","","","","",""
"1996","college entrance qualification","(1c) basic vocational qualification","","","","","","","","","","","","","",""
"1996","college entrance qualification","(2a) intermediate vocational","","","","","","","","","","","","","",""
"1996","college entrance qualification","(2b) intermediate general qualification","","","","","","","","","","","","","",""
"1996","college entrance qualification","(2c_gen) general maturity certificate","1659.76","891.33","167","307","511","2147","3477","20452","1364.09","1955.43","51","20452","614","913"
"1996","college entrance qualification","(2c_voc) vocational maturity certificate","1982.1","1790","342","614","1339","2608","3415","4737","1878.21","2085.99","52","5880","1738","1943"
"1996","college entrance qualification","(3a) lower tertiary education","2891.94","2705.61","274","1204","1943","3683","4704","7158","2729.98","3053.9","199","7669","2352","2705"
"1996","college entrance qualification","(3b) higher tertiary education","3316.88","2914","572","1336","2096","4090","5297","11760","3173.97","3459.79","61","20441","2617","2812"
"1996","lower secondary degree","(0) in school","","","","","","","","","","","","","",""
"1996","lower secondary degree","(1a) inadequately completed","","","","","","","","","","","","","",""
"1996","lower secondary degree","(1b) general elementary school","1275.79","1227","543","307","529","1790","2250","3243","1207.55","1344.03","51","7669","1125","1380"
"1996","lower secondary degree","(1c) basic vocational qualification","2003.09","1906.69","2000","741","1329","2454","3068","5215","1939.92","2066.26","51","44617","1790","1841"
"1996","lower secondary degree","(2a) intermediate vocational","","","","","","","","","","","","","",""
"1996","lower secondary degree","(2b) intermediate general qualification","","","","","","","","","","","","","",""
"1996","lower secondary degree","(2c_gen) general maturity certificate","","","","","","","","","","","","","",""
"1996","lower secondary degree","(2c_voc) vocational maturity certificate","","","","","","","","","","","","","",""
"1996","lower secondary degree","(3a) lower tertiary education","","","","","","","","","","","","","",""
"1996","lower secondary degree","(3b) higher tertiary education","","","","","","","","","","","","","",""
"1996","no degree/no degree yet","(0) in school","","","","","","","","","","","","","",""
"1996","no degree/no degree yet","(1a) inadequately completed","1536.2","1738","242","501","1074","1968","2250","2965","1448.19","1624.21","102","4960","1585","1790"
"1996","no degree/no degree yet","(1b) general elementary school","","","","","","","","","","","","","",""
"1996","no degree/no degree yet","(1c) basic vocational qualification","","","","","","","","","","","","","",""
"1996","no degree/no degree yet","(2a) intermediate vocational","","","","","","","","","","","","","",""
"1996","no degree/no degree yet","(2b) intermediate general qualification","","","","","","","","","","","","","",""
"1996","no degree/no degree yet","(2c_gen) general maturity certificate","","","","","","","","","","","","","",""
"1996","no degree/no degree yet","(2c_voc) vocational maturity certificate","","","","","","","","","","","","","",""
"1996","no degree/no degree yet","(3a) lower tertiary education","","","","","","","","","","","","","",""
"1996","no degree/no degree yet","(3b) higher tertiary education","","","","","","","","","","","","","",""
"1996","Other degree","(0) in school","","","","","","","","","","","","","",""
"1996","Other degree","(1a) inadequately completed","","","","","","","","","","","","","",""
"1996","Other degree","(1b) general elementary school","1562.62","1636","263","506","1125","1994","2331","3579","1473.95","1651.29","36","5113","1636","1789"
"1996","Other degree","(1c) basic vocational qualification","1870.22","1892","229","869","1534","2199","2659","4601","1776.52","1963.92","102","5370","1790","1994"
"1996","Other degree","(2a) intermediate vocational","","","","","","","","","","","","","",""
"1996","Other degree","(2b) intermediate general qualification","","","","","","","","","","","","","",""
"1996","Other degree","(2c_gen) general maturity certificate","1296.14","1278","38","297","716","1687","2454","3119","1039.22","1553.06","245","3119","869","1687"
"1996","Other degree","(2c_voc) vocational maturity certificate","1657.85","1709.59","60","713","1278","2115","2403","3068","1480.92","1834.78","266","3579","1585","2045"
"1996","Other degree","(3a) lower tertiary education","","","","","","","","","","","","","",""
"1996","Other degree","(3b) higher tertiary education","2301.39","2277.49","51","716","1790","2556","4361","8948","1863.58","2739.2","153","8948","2045","2480"
"1996","secondary school degree","(0) in school","","","","","","","","","","","","","",""
"1996","secondary school degree","(1a) inadequately completed","","","","","","","","","","","","","",""
"1996","secondary school degree","(1b) general elementary school","","","","","","","","","","","","","",""
"1996","secondary school degree","(1c) basic vocational qualification","","","","","","","","","","","","","",""
"1996","secondary school degree","(2a) intermediate vocational","1998.41","1790","1890","844","1278","2448","3221","5936","1940.85","2055.97","82","35790","1588","1662"
"1996","secondary school degree","(2b) intermediate general qualification","1143.52","673.32","286","272","460","1790","2424","3579","1039.13","1247.91","20","6135","562","716"
"1996","secondary school degree","(2c_gen) general maturity certificate","","","","","","","","","","","","","",""
"1996","secondary school degree","(2c_voc) vocational maturity certificate","","","","","","","","","","","","","",""
"1996","secondary school degree","(3a) lower tertiary education","2413.99","2045","334","1023","1534","2761","4346","7669","2283.95","2544.03","286","12782","1790","2036"
"1996","secondary school degree","(3b) higher tertiary education","3058.63","2411.48","38","1152","1534","3835","5369","17504","2141.02","3976.24","302","17504","1841","2812"
"1997","college entrance qualification","(0) in school","","","","","","","","","","","","","",""
"1997","college entrance qualification","(1a) inadequately completed","","","","","","","","","","","","","",""
"1997","college entrance qualification","(1b) general elementary school","","","","","","","","","","","","","",""
"1997","college entrance qualification","(1c) basic vocational qualification","","","","","","","","","","","","","",""
"1997","college entrance qualification","(2a) intermediate vocational","","","","","","","","","","","","","",""
"1997","college entrance qualification","(2b) intermediate general qualification","","","","","","","","","","","","","",""
"1997","college entrance qualification","(2c_gen) general maturity certificate","1618.83","920","174","307","562","2301","3323","7669","1362.55","1875.11","51","18151","672","1176"
"1997","college entrance qualification","(2c_voc) vocational maturity certificate","2043.67","1892","356","741","1304","2643","3544","5829","1936.98","2150.36","25","6332","1790","1978"
"1997","college entrance qualification","(3a) lower tertiary education","2896.78","2659","280","1204","1866","3641","4960","7363","2735.84","3057.72","153","7925","2377","2710"
"1997","college entrance qualification","(3b) higher tertiary education","3235.98","3068","587","1278","2096","4090","5215","8254","3085.27","3386.69","61","25565","2781","3066"
"1997","lower secondary degree","(0) in school","","","","","","","","","","","","","",""
"1997","lower secondary degree","(1a) inadequately completed","","","","","","","","","","","","","",""
"1997","lower secondary degree","(1b) general elementary school","1309.26","1320.4","524","312","557","1841","2250","3309","1239.21","1379.31","51","5624","1125","1432"
"1997","lower secondary degree","(1c) basic vocational qualification","1969.72","1943","1877","757","1360","2462","3068","5113","1926.73","2012.71","51","9203","1790","1892"
"1997","lower secondary degree","(2a) intermediate vocational","","","","","","","","","","","","","",""
"1997","lower secondary degree","(2b) intermediate general qualification","","","","","","","","","","","","","",""
"1997","lower secondary degree","(2c_gen) general maturity certificate","","","","","","","","","","","","","",""
"1997","lower secondary degree","(2c_voc) vocational maturity certificate","","","","","","","","","","","","","",""
"1997","lower secondary degree","(3a) lower tertiary education","","","","","","","","","","","","","",""
"1997","lower secondary degree","(3b) higher tertiary education","","","","","","","","","","","","","",""
"1997","no degree/no degree yet","(0) in school","","","","","","","","","","","","","",""
"1997","no degree/no degree yet","(1a) inadequately completed","1650.73","1738","216","763","1219","2027","2403","3068","1559.84","1741.62","299","4602","1534","1838"
"1997","no degree/no degree yet","(1b) general elementary school","","","","","","","","","","","","","",""
"1997","no degree/no degree yet","(1c) basic vocational qualification","","","","","","","","","","","","","",""
"1997","no degree/no degree yet","(2a) intermediate vocational","","","","","","","","","","","","","",""
"1997","no degree/no degree yet","(2b) intermediate general qualification","","","","","","","","","","","","","",""
"1997","no degree/no degree yet","(2c_gen) general maturity certificate","","","","","","","","","","","","","",""
"1997","no degree/no degree yet","(2c_voc) vocational maturity certificate","","","","","","","","","","","","","",""
"1997","no degree/no degree yet","(3a) lower tertiary education","","","","","","","","","","","","","",""
"1997","no degree/no degree yet","(3b) higher tertiary education","","","","","","","","","","","","","",""
"1997","Other degree","(0) in school","","","","","","","","","","","","","",""
"1997","Other degree","(1a) inadequately completed","","","","","","","","","","","","","",""
"1997","Other degree","(1b) general elementary school","1723.27","1738","227","684","1432","2045","2352","5113","1597.72","1848.82","213","8692","1687","1815"
"1997","Other degree","(1c) basic vocational qualification","1815.79","1790","210","920","1483","2199","2659","5370","1721.41","1910.17","256","5370","1790","1943"
"1997","Other degree","(2a) intermediate vocational","","","","","","","","","","","","","",""
"1997","Other degree","(2b) intermediate general qualification","","","","","","","","","","","","","",""
"1997","Other degree","(2c_gen) general maturity certificate","","","","","","","","","","","","","",""
"1997","Other degree","(2c_voc) vocational maturity certificate","1994.07","1637.64","53","1074","1227","2118","3037","6567","1726.84","2261.3","205","6567","1585","2050"
"1997","Other degree","(3a) lower tertiary education","","","","","","","","","","","","","",""
"1997","Other degree","(3b) higher tertiary education","2108.66","1977.43","51","409","948","2454","4704","8692","1676.96","2540.36","173","8692","1943","2336"
"1997","secondary school degree","(0) in school","","","","","","","","","","","","","",""
"1997","secondary school degree","(1a) inadequately completed","","","","","","","","","","","","","",""
"1997","secondary school degree","(1b) general elementary school","","","","","","","","","","","","","",""
"1997","secondary school degree","(1c) basic vocational qualification","","","","","","","","","","","","","",""
"1997","secondary school degree","(2a) intermediate vocational","1994.8","1820.29","1844","790","1299","2516","3298","5624","1949.24","2040.36","31","10226","1636","1738"
"1997","secondary school degree","(2b) intermediate general qualification","1199.18","673.4","293","297","460","1790","2608","4047","1102.18","1296.18","102","5599","562","665"
"1997","secondary school degree","(2c_gen) general maturity certificate","","","","","","","","","","","","","",""
"1997","secondary school degree","(2c_voc) vocational maturity certificate","","","","","","","","","","","","","",""
"1997","secondary school degree","(3a) lower tertiary education","2665.02","2045","336","1125","1534","2710","4755","12782","2464.24","2865.8","266","25565","1790","2045"
"1997","secondary school degree","(3b) higher tertiary education","2556.34","2045","39","1181","1432","3681","5113","5624","2160.39","2952.29","256","5624","1687","2608"
"1998","college entrance qualification","(0) in school","","","","","","","","","","","","","",""
"1998","college entrance qualification","(1a) inadequately completed","","","","","","","","","","","","","",""
"1998","college entrance qualification","(1b) general elementary school","","","","","","","","","","","","","",""
"1998","college entrance qualification","(1c) basic vocational qualification","","","","","","","","","","","","","",""
"1998","college entrance qualification","(2a) intermediate vocational","","","","","","","","","","","","","",""
"1998","college entrance qualification","(2b) intermediate general qualification","","","","","","","","","","","","","",""
"1998","college entrance qualification","(2c_gen) general maturity certificate","1530.77","948.62","193","291","427","2045","3391","7669","1322.02","1739.52","64","14316","741","1355"
"1998","college entrance qualification","(2c_voc) vocational maturity certificate","2072.3","1943","410","767","1432","2651","3579","5465","1972.14","2172.46","0","7669","1882","2045"
"1998","college entrance qualification","(3a) lower tertiary education","2885.14","2764.06","316","1023","1841","3688","4908","7669","2728.22","3042.06","128","8845","2508","2812"
"1998","college entrance qualification","(3b) higher tertiary education","3147.08","3068","646","1176","2078","3988","5190","7567","3025.31","3268.85","51","10737","2761","3017"
"1998","lower secondary degree","(0) in school","","","","","","","","","","","","","",""
"1998","lower secondary degree","(1a) inadequately completed","","","","","","","","","","","","","",""
"1998","lower secondary degree","(1b) general elementary school","1313.81","1276.55","562","317","557","1917","2403","3323","1242.59","1385.03","0","6135","1111","1411"
"1998","lower secondary degree","(1c) basic vocational qualification","2007.05","1986.69","1984","712","1278","2556","3170","5164","1961.27","2052.83","0","10226","1841","1943"
"1998","lower secondary degree","(2a) intermediate vocational","","","","","","","","","","","","","",""
"1998","lower secondary degree","(2b) intermediate general qualification","","","","","","","","","","","","","",""
"1998","lower secondary degree","(2c_gen) general maturity certificate","","","","","","","","","","","","","",""
"1998","lower secondary degree","(2c_voc) vocational maturity certificate","","","","","","","","","","","","","",""
"1998","lower secondary degree","(3a) lower tertiary education","2475","2125.21","32","1227","1636","3581","3988","4704","2085.4","2864.6","256","4704","1534","2965"
"1998","lower secondary degree","(3b) higher tertiary education","","","","","","","","","","","","","",""
"1998","no degree/no degree yet","(0) in school","","","","","","","","","","","","","",""
"1998","no degree/no degree yet","(1a) inadequately completed","1583.34","1636","204","465","1125","2045","2301","4874","1480.77","1685.91","61","4874","1534","1790"
"1998","no degree/no degree yet","(1b) general elementary school","","","","","","","","","","","","","",""
"1998","no degree/no degree yet","(1c) basic vocational qualification","","","","","","","","","","","","","",""
"1998","no degree/no degree yet","(2a) intermediate vocational","","","","","","","","","","","","","",""
"1998","no degree/no degree yet","(2b) intermediate general qualification","","","","","","","","","","","","","",""
"1998","no degree/no degree yet","(2c_gen) general maturity certificate","","","","","","","","","","","","","",""
"1998","no degree/no degree yet","(2c_voc) vocational maturity certificate","","","","","","","","","","","","","",""
"1998","no degree/no degree yet","(3a) lower tertiary education","","","","","","","","","","","","","",""
"1998","no degree/no degree yet","(3b) higher tertiary education","","","","","","","","","","","","","",""
"1998","Other degree","(0) in school","","","","","","","","","","","","","",""
"1998","Other degree","(1a) inadequately completed","","","","","","","","","","","","","",""
"1998","Other degree","(1b) general elementary school","1630.29","1738","220","312","1227","2045","2352","3835","1489.94","1770.64","51","12215","1662","1866"
"1998","Other degree","(1c) basic vocational qualification","1941.56","1841","210","798","1432","2301","2887","6677","1836.56","2046.56","0","6677","1790","1943"
"1998","Other degree","(2a) intermediate vocational","","","","","","","","","","","","","",""
"1998","Other degree","(2b) intermediate general qualification","","","","","","","","","","","","","",""
"1998","Other degree","(2c_gen) general maturity certificate","1451.24","1529.79","32","312","1074","1841","2418","2659","1152.17","1750.31","153","2659","921","2045"
"1998","Other degree","(2c_voc) vocational maturity certificate","1719.28","1790","57","317","1125","2199","2914","3068","1500.59","1937.97","194","3170","1432","2084"
"1998","Other degree","(3a) lower tertiary education","","","","","","","","","","","","","",""
"1998","Other degree","(3b) higher tertiary education","2606.47","2231.03","54","767","1696","2914","5118","8692","2111.96","3100.98","77","8692","1943","2454"
"1998","secondary school degree","(0) in school","","","","","","","","","","","","","",""
"1998","secondary school degree","(1a) inadequately completed","","","","","","","","","","","","","",""
"1998","secondary school degree","(1b) general elementary school","","","","","","","","","","","","","",""
"1998","secondary school degree","(1c) basic vocational qualification","","","","","","","","","","","","","",""
"1998","secondary school degree","(2a) intermediate vocational","2014.04","1840.64","2043","818","1278","2556","3366","6135","1969.85","2058.23","0","10226","1679","1767"
"1998","secondary school degree","(2b) intermediate general qualification","1276.03","882.94","311","307","486","1841","2776","4090","1174.45","1377.61","0","5113","588","775"
"1998","secondary school degree","(2c_gen) general maturity certificate","","","","","","","","","","","","","",""
"1998","secondary school degree","(2c_voc) vocational maturity certificate","","","","","","","","","","","","","",""
"1998","secondary school degree","(3a) lower tertiary education","2712.95","2147","339","1074","1585","2812","4602","13625","2528.57","2897.33","0","15339","1841","2096"
"1998","secondary school degree","(3b) higher tertiary education","2680.11","2347.05","46","1181","1483","3375","5341","8436","2242.61","3117.61","665","8436","1943","2764"
"1999","college entrance qualification","(0) in school","","","","","","","","","","","","","",""
"1999","college entrance qualification","(1a) inadequately completed","","","","","","","","","","","","","",""
"1999","college entrance qualification","(1b) general elementary school","","","","","","","","","","","","","",""
"1999","college entrance qualification","(1c) basic vocational qualification","","","","","","","","","","","","","",""
"1999","college entrance qualification","(2a) intermediate vocational","","","","","","","","","","","","","",""
"1999","college entrance qualification","(2b) intermediate general qualification","","","","","","","","","","","","","",""
"1999","college entrance qualification","(2c_gen) general maturity certificate","1401.48","768.95","220","302","507","1790","3414","5113","1241.42","1561.54","0","10226","588","771"
"1999","college entrance qualification","(2c_voc) vocational maturity certificate","2117.86","2045","423","690","1534","2680","3502","5871","2013.35","2222.37","0","10226","1943","2096"
"1999","college entrance qualification","(3a) lower tertiary education","2947.47","2863","323","1227","2045","3743","4755","7516","2797.45","3097.49","102","8845","2505","2863"
"1999","college entrance qualification","(3b) higher tertiary education","3259.49","3119","681","1125","2096","4142","5624","8436","3134.07","3384.91","0","11760","2761","3068"
"1999","lower secondary degree","(0) in school","","","","","","","","","","","","","",""
"1999","lower secondary degree","(1a) inadequately completed","","","","","","","","","","","","","",""
"1999","lower secondary degree","(1b) general elementary school","1320.39","1292.07","561","294","511","1968","2454","4039","1245.3","1395.48","0","5113","1116","1380"
"1999","lower secondary degree","(1c) basic vocational qualification","2073.65","2020","1991","731","1330","2556","3313","5317","2025.4","2121.9","0","16463","1841","1943"
"1999","lower secondary degree","(2a) intermediate vocational","","","","","","","","","","","","","",""
"1999","lower secondary degree","(2b) intermediate general qualification","","","","","","","","","","","","","",""
"1999","lower secondary degree","(2c_gen) general maturity certificate","","","","","","","","","","","","","",""
"1999","lower secondary degree","(2c_voc) vocational maturity certificate","","","","","","","","","","","","","",""
"1999","lower secondary degree","(3a) lower tertiary education","2396.01","2192.39","31","716","1432","3605","3835","4602","1984.06","2807.96","0","4602","1496","2761"
"1999","lower secondary degree","(3b) higher tertiary education","","","","","","","","","","","","","",""
"1999","no degree/no degree yet","(0) in school","","","","","","","","","","","","","",""
"1999","no degree/no degree yet","(1a) inadequately completed","1617.58","1636","203","716","1125","2045","2403","6038","1507.07","1728.09","61","6038","1534","1790"
"1999","no degree/no degree yet","(1b) general elementary school","","","","","","","","","","","","","",""
"1999","no degree/no degree yet","(1c) basic vocational qualification","","","","","","","","","","","","","",""
"1999","no degree/no degree yet","(2a) intermediate vocational","","","","","","","","","","","","","",""
"1999","no degree/no degree yet","(2b) intermediate general qualification","","","","","","","","","","","","","",""
"1999","no degree/no degree yet","(2c_gen) general maturity certificate","","","","","","","","","","","","","",""
"1999","no degree/no degree yet","(2c_voc) vocational maturity certificate","","","","","","","","","","","","","",""
"1999","no degree/no degree yet","(3a) lower tertiary education","","","","","","","","","","","","","",""
"1999","no degree/no degree yet","(3b) higher tertiary education","","","","","","","","","","","","","",""
"1999","Other degree","(0) in school","","","","","","","","","","","","","",""
"1999","Other degree","(1a) inadequately completed","","","","","","","","","","","","","",""
"1999","Other degree","(1b) general elementary school","1670.99","1790","203","317","1227","2045","2556","3579","1538.78","1803.2","61","7669","1723","1892"
"1999","Other degree","(1c) basic vocational qualification","1908.52","1790","196","869","1466","2250","2910","6137","1795.65","2021.39","269","6137","1790","1943"
"1999","Other degree","(2a) intermediate vocational","","","","","","","","","","","","","",""
"1999","Other degree","(2b) intermediate general qualification","","","","","","","","","","","","","",""
"1999","Other degree","(2c_gen) general maturity certificate","","","","","","","","","","","","","",""
"1999","Other degree","(2c_voc) vocational maturity certificate","1747.47","1775.44","52","409","1200","2199","2556","4917","1494.74","2000.2","230","4917","1227","2045"
"1999","Other degree","(3a) lower tertiary education","","","","","","","","","","","","","",""
"1999","Other degree","(3b) higher tertiary education","2528.73","2199","48","1534","2045","2761","3835","7669","2116.84","2940.62","317","7669","2066","2761"
"1999","secondary school degree","(0) in school","","","","","","","","","","","","","",""
"1999","secondary school degree","(1a) inadequately completed","","","","","","","","","","","","","",""
"1999","secondary school degree","(1b) general elementary school","","","","","","","","","","","","","",""
"1999","secondary school degree","(1c) basic vocational qualification","","","","","","","","","","","","","",""
"1999","secondary school degree","(2a) intermediate vocational","2021.42","1790","2077","741","1283","2476","3369","6187","1976.31","2066.53","0","10226","1687","1764"
"1999","secondary school degree","(2b) intermediate general qualification","1127.18","667.76","332","281","442","1636","2505","4090","1031.45","1222.91","0","5624","588","767"
"1999","secondary school degree","(2c_gen) general maturity certificate","","","","","","","","","","","","","",""
"1999","secondary school degree","(2c_voc) vocational maturity certificate","","","","","","","","","","","","","",""
"1999","secondary school degree","(3a) lower tertiary education","3078.47","2207.14","329","1084","1586","2839","4602","33234","2819.65","3337.29","0","33234","1852","2096"
"1999","secondary school degree","(3b) higher tertiary education","2665.49","2323.98","46","1181","1636","3579","4704","6033","2304.28","3026.7","1023","6033","2096","2673"
"2000","college entrance qualification","(0) in school","","","","","","","","","","","","","",""
"2000","college entrance qualification","(1a) inadequately completed","","","","","","","","","","","","","",""
"2000","college entrance qualification","(1b) general elementary school","","","","","","","","","","","","","",""
"2000","college entrance qualification","(1c) basic vocational qualification","","","","","","","","","","","","","",""
"2000","college entrance qualification","(2a) intermediate vocational","","","","","","","","","","","","","",""
"2000","college entrance qualification","(2b) intermediate general qualification","","","","","","","","","","","","","",""
"2000","college entrance qualification","(2c_gen) general maturity certificate","1165.11","614","332","232","322","1534","2659","6647","1044.01","1286.21","0","9031","522","614"
"2000","college entrance qualification","(2c_voc) vocational maturity certificate","2294.57","2147","912","614","1432","2863","3988","7669","2203.98","2385.16","0","10226","2045","2186"
"2000","college entrance qualification","(3a) lower tertiary education","3140.08","2812","706","1125","1983","4090","5115","8845","2999.14","3281.02","0","25565","2556","2812"
"2000","college entrance qualification","(3b) higher tertiary education","3456.05","3170","1381","1176","2141","4244","5624","12782","3345.6","3566.5","0","18406","3068","3216"
"2000","lower secondary degree","(0) in school","","","","","","","","","","","","","",""
"2000","lower secondary degree","(1a) inadequately completed","","","","","","","","","","","","","",""
"2000","lower secondary degree","(1b) general elementary school","1258.53","1124.64","797","322","516","1790","2301","3579","1183.86","1333.2","0","17895","921","1125"
"2000","lower secondary degree","(1c) basic vocational qualification","2014.34","1994","3601","537","1278","2556","3235","5624","1975.32","2053.36","0","18101","1943","1994"
"2000","lower secondary degree","(2a) intermediate vocational","","","","","","","","","","","","","",""
"2000","lower secondary degree","(2b) intermediate general qualification","","","","","","","","","","","","","",""
"2000","lower secondary degree","(2c_gen) general maturity certificate","","","","","","","","","","","","","",""
"2000","lower secondary degree","(2c_voc) vocational maturity certificate","","","","","","","","","","","","","",""
"2000","lower secondary degree","(3a) lower tertiary education","2541","2222.48","55","869","1534","3170","4361","7669","2125.79","2956.21","61","7669","1790","2812"
"2000","lower secondary degree","(3b) higher tertiary education","","","","","","","","","","","","","",""
"2000","no degree/no degree yet","(0) in school","524.54","257.71","48","74","153","419","992","4242","294.8","754.28","15","4242","163","322"
"2000","no degree/no degree yet","(1a) inadequately completed","1506.73","1510.37","154","300","971","2016","2464","4627","1364.54","1648.92","51","4627","1321","1687"
"2000","no degree/no degree yet","(1b) general elementary school","","","","","","","","","","","","","",""
"2000","no degree/no degree yet","(1c) basic vocational qualification","","","","","","","","","","","","","",""
"2000","no degree/no degree yet","(2a) intermediate vocational","","","","","","","","","","","","","",""
"2000","no degree/no degree yet","(2b) intermediate general qualification","","","","","","","","","","","","","",""
"2000","no degree/no degree yet","(2c_gen) general maturity certificate","","","","","","","","","","","","","",""
"2000","no degree/no degree yet","(2c_voc) vocational maturity certificate","","","","","","","","","","","","","",""
"2000","no degree/no degree yet","(3a) lower tertiary education","","","","","","","","","","","","","",""
"2000","no degree/no degree yet","(3b) higher tertiary education","","","","","","","","","","","","","",""
"2000","Other degree","(0) in school","","","","","","","","","","","","","",""
"2000","Other degree","(1a) inadequately completed","","","","","","","","","","","","","",""
"2000","Other degree","(1b) general elementary school","1391.91","1497.76","243","245","461","2040","2301","3323","1281.75","1502.07","0","5116","1432","1790"
"2000","Other degree","(1c) basic vocational qualification","1847.47","1790","301","355","1216","2280","2812","7669","1717.13","1977.81","56","8487","1790","2020"
"2000","Other degree","(2a) intermediate vocational","","","","","","","","","","","","","",""
"2000","Other degree","(2b) intermediate general qualification","","","","","","","","","","","","","",""
"2000","Other degree","(2c_gen) general maturity certificate","1512.78","1633.99","37","281","461","2301","2792","3068","1206.85","1818.71","0","3068","639","1892"
"2000","Other degree","(2c_voc) vocational maturity certificate","1762.99","1741.13","126","614","1329","2199","2761","4090","1621.16","1904.82","102","4550","1723","1994"
"2000","Other degree","(3a) lower tertiary education","","","","","","","","","","","","","",""
"2000","Other degree","(3b) higher tertiary education","2718.72","1943","123","322","1176","3068","6391","10226","2232.4","3205.04","0","15339","1820","2505"
"2000","secondary school degree","(0) in school","","","","","","","","","","","","","",""
"2000","secondary school degree","(1a) inadequately completed","","","","","","","","","","","","","",""
"2000","secondary school degree","(1b) general elementary school","","","","","","","","","","","","","",""
"2000","secondary school degree","(1c) basic vocational qualification","","","","","","","","","","","","","",""
"2000","secondary school degree","(2a) intermediate vocational","1968.17","1790","3969","716","1238","2505","3264","6135","1933.03","2003.31","0","13294","1738","1790"
"2000","secondary school degree","(2b) intermediate general qualification","892.9","562","426","293","391","1112","1994","3744","819.91","965.89","0","6135","532","573"
"2000","secondary school degree","(2c_gen) general maturity certificate","","","","","","","","","","","","","",""
"2000","secondary school degree","(2c_voc) vocational maturity certificate","","","","","","","","","","","","","",""
"2000","secondary school degree","(3a) lower tertiary education","2778.25","2394.79","419","1125","1636","3221","4397","11248","2606.12","2950.38","102","14827","2045","2352"
"2000","secondary school degree","(3b) higher tertiary education","2473.4","2147","76","818","1636","3068","4423","6851","2140.06","2806.74","100","8181","2045","2710"
"2001","college entrance qualification","(0) in school","","","","","","","","","","","","","",""
"2001","college entrance qualification","(1a) inadequately completed","","","","","","","","","","","","","",""
"2001","college entrance qualification","(1b) general elementary school","","","","","","","","","","","","","",""
"2001","college entrance qualification","(1c) basic vocational qualification","","","","","","","","","","","","","",""
"2001","college entrance qualification","(2a) intermediate vocational","","","","","","","","","","","","","",""
"2001","college entrance qualification","(2b) intermediate general qualification","","","","","","","","","","","","","",""
"2001","college entrance qualification","(2c_gen) general maturity certificate","1149.85","617.41","354","256","383","1180","2812","6442","1026.46","1273.24","0","8692","562","639"
"2001","college entrance qualification","(2c_voc) vocational maturity certificate","2342.52","2300.51","826","538","1483","2985","4090","6749","2247.36","2437.68","0","12782","2096","2301"
"2001","college entrance qualification","(3a) lower tertiary education","3178.35","2911.28","671","1176","1994","4078","5113","12782","3041.19","3315.51","0","20452","2582","2886"
"2001","college entrance qualification","(3b) higher tertiary education","3553.96","3272","1272","1310","2301","4326","6135","10226","3443.64","3664.28","0","20452","3068","3272"
"2001","lower secondary degree","(0) in school","","","","","","","","","","","","","",""
"2001","lower secondary degree","(1a) inadequately completed","","","","","","","","","","","","","",""
"2001","lower secondary degree","(1b) general elementary school","1203.74","1023","699","307","478","1790","2352","3579","1138.16","1269.32","0","7669","920","1125"
"2001","lower secondary degree","(1c) basic vocational qualification","2006.33","2045","3144","406","1278","2556","3272","5624","1964.44","2048.22","0","17895","1943","2045"
"2001","lower secondary degree","(2a) intermediate vocational","","","","","","","","","","","","","",""
"2001","lower secondary degree","(2b) intermediate general qualification","","","","","","","","","","","","","",""
"2001","lower secondary degree","(2c_gen) general maturity certificate","","","","","","","","","","","","","",""
"2001","lower secondary degree","(2c_voc) vocational maturity certificate","","","","","","","","","","","","","",""
"2001","lower secondary degree","(3a) lower tertiary education","2595.05","2352","48","322","1483","3579","5113","7669","2111.05","3079.05","164","7669","1585","2710"
"2001","lower secondary degree","(3b) higher tertiary education","","","","","","","","","","","","","",""
"2001","no degree/no degree yet","(0) in school","300.15","230.82","80","61","143","322","617","1892","213.5","386.8","0","2608","156","276"
"2001","no degree/no degree yet","(1a) inadequately completed","1657.97","1636","118","322","1176","2147","2812","4602","1496.14","1819.8","64","4602","1355","1790"
"2001","no degree/no degree yet","(1b) general elementary school","","","","","","","","","","","","","",""
"2001","no degree/no degree yet","(1c) basic vocational qualification","","","","","","","","","","","","","",""
"2001","no degree/no degree yet","(2a) intermediate vocational","","","","","","","","","","","","","",""
"2001","no degree/no degree yet","(2b) intermediate general qualification","","","","","","","","","","","","","",""
"2001","no degree/no degree yet","(2c_gen) general maturity certificate","","","","","","","","","","","","","",""
"2001","no degree/no degree yet","(2c_voc) vocational maturity certificate","","","","","","","","","","","","","",""
"2001","no degree/no degree yet","(3a) lower tertiary education","","","","","","","","","","","","","",""
"2001","no degree/no degree yet","(3b) higher tertiary education","","","","","","","","","","","","","",""
"2001","Other degree","(0) in school","","","","","","","","","","","","","",""
"2001","Other degree","(1a) inadequately completed","","","","","","","","","","","","","",""
"2001","Other degree","(1b) general elementary school","1497.29","1636","216","322","767","2045","2352","3426","1382.76","1611.82","54","4561","1483","1790"
"2001","Other degree","(1c) basic vocational qualification","1902.87","1892","272","768","1295","2311","2812","7671","1780.68","2025.06","205","8487","1841","2045"
"2001","Other degree","(2a) intermediate vocational","","","","","","","","","","","","","",""
"2001","Other degree","(2b) intermediate general qualification","","","","","","","","","","","","","",""
"2001","Other degree","(2c_gen) general maturity certificate","1281.58","1278","38","307","322","2199","2454","2679","1010.14","1553.02","176","2679","614","1432"
"2001","Other degree","(2c_voc) vocational maturity certificate","1669.7","1636","116","322","1278","2045","2587","4806","1520.25","1819.15","99","4806","1534","1943"
"2001","Other degree","(3a) lower tertiary education","","","","","","","","","","","","","",""
"2001","Other degree","(3b) higher tertiary education","2615.34","1866.81","101","511","1023","2751","5113","13294","2095.1","3135.58","322","15339","1841","2556"
"2001","secondary school degree","(0) in school","","","","","","","","","","","","","",""
"2001","secondary school degree","(1a) inadequately completed","","","","","","","","","","","","","",""
"2001","secondary school degree","(1b) general elementary school","","","","","","","","","","","","","",""
"2001","secondary school degree","(1c) basic vocational qualification","","","","","","","","","","","","","",""
"2001","secondary school degree","(2a) intermediate vocational","2001.19","1882","3667","717","1278","2556","3323","6135","1965.46","2036.92","0","15339","1739","1800"
"2001","secondary school degree","(2b) intermediate general qualification","892.41","588","390","266","409","1023","2045","4125","814.66","970.16","0","5164","547","614"
"2001","secondary school degree","(2c_gen) general maturity certificate","","","","","","","","","","","","","",""
"2001","secondary school degree","(2c_voc) vocational maturity certificate","","","","","","","","","","","","","",""
"2001","secondary school degree","(3a) lower tertiary education","2567.6","2250","388","1054","1636","3067","4346","9715","2418.79","2716.41","0","13294","2045","2301"
"2001","secondary school degree","(3b) higher tertiary education","2808.04","2352.54","70","1534","2045","3364","4090","8692","2455.21","3160.87","322","8692","2175","2826"
"2002","college entrance qualification","(0) in school","","","","","","","","","","","","","",""
"2002","college entrance qualification","(1a) inadequately completed","","","","","","","","","","","","","",""
"2002","college entrance qualification","(1b) general elementary school","","","","","","","","","","","","","",""
"2002","college entrance qualification","(1c) basic vocational qualification","","","","","","","","","","","","","",""
"2002","college entrance qualification","(2a) intermediate vocational","","","","","","","","","","","","","",""
"2002","college entrance qualification","(2b) intermediate general qualification","","","","","","","","","","","","","",""
"2002","college entrance qualification","(2c_gen) general maturity certificate","1126.77","606.25","390","200","359","1380","2990","7365","974.07","1279.47","0","12000","562","650"
"2002","college entrance qualification","(2c_voc) vocational maturity certificate","2404.44","2300","951","700","1500","3070","4000","6782","2291.2","2517.68","0","21000","2200","2467"
"2002","college entrance qualification","(3a) lower tertiary education","3300.93","2993.73","806","1208","2058","4000","5600","10006","3152.09","3449.77","0","16000","2882","3156"
"2002","college entrance qualification","(3b) higher tertiary education","4042.8","3379","1912","1350","2400","4652","6500","18000","3818.19","4267.41","0","132569","3500","3720"
"2002","lower secondary degree","(0) in school","","","","","","","","","","","","","",""
"2002","lower secondary degree","(1a) inadequately completed","","","","","","","","","","","","","",""
"2002","lower secondary degree","(1b) general elementary school","1253.44","1100","643","298","473","1828","2450","3802","1176.72","1330.16","0","7000","880","1129"
"2002","lower secondary degree","(1c) basic vocational qualification","2090.37","2046","2978","452","1250","2699","3400","6002","2036.08","2144.66","0","24890","2000","2100"
"2002","lower secondary degree","(2a) intermediate vocational","","","","","","","","","","","","","",""
"2002","lower secondary degree","(2b) intermediate general qualification","","","","","","","","","","","","","",""
"2002","lower secondary degree","(2c_gen) general maturity certificate","","","","","","","","","","","","","",""
"2002","lower secondary degree","(2c_voc) vocational maturity certificate","","","","","","","","","","","","","",""
"2002","lower secondary degree","(3a) lower tertiary education","2749.09","2466.34","49","1500","1894","3250","5000","7000","2244.41","3253.77","245","7200","2200","3300"
"2002","lower secondary degree","(3b) higher tertiary education","","","","","","","","","","","","","",""
"2002","no degree/no degree yet","(0) in school","356.72","299.27","71","60","200","325","516","2500","247.61","465.83","0","2550","200","314"
"2002","no degree/no degree yet","(1a) inadequately completed","1535.39","1393.16","108","300","644","2100","3000","5601","1322.64","1748.14","0","6000","1300","1655"
"2002","no degree/no degree yet","(1b) general elementary school","","","","","","","","","","","","","",""
"2002","no degree/no degree yet","(1c) basic vocational qualification","","","","","","","","","","","","","",""
"2002","no degree/no degree yet","(2a) intermediate vocational","","","","","","","","","","","","","",""
"2002","no degree/no degree yet","(2b) intermediate general qualification","","","","","","","","","","","","","",""
"2002","no degree/no degree yet","(2c_gen) general maturity certificate","","","","","","","","","","","","","",""
"2002","no degree/no degree yet","(2c_voc) vocational maturity certificate","","","","","","","","","","","","","",""
"2002","no degree/no degree yet","(3a) lower tertiary education","","","","","","","","","","","","","",""
"2002","no degree/no degree yet","(3b) higher tertiary education","","","","","","","","","","","","","",""
"2002","Other degree","(0) in school","","","","","","","","","","","","","",""
"2002","Other degree","(1a) inadequately completed","","","","","","","","","","","","","",""
"2002","Other degree","(1b) general elementary school","1531.64","1572.99","190","220","920","2000","2500","5000","1387.85","1675.43","0","6002","1500","1900"
"2002","Other degree","(1c) basic vocational qualification","1898.17","1850.29","245","325","1210","2454","2800","7735","1676.6","2119.74","46","23000","1850","2200"
"2002","Other degree","(2a) intermediate vocational","","","","","","","","","","","","","",""
"2002","Other degree","(2b) intermediate general qualification","","","","","","","","","","","","","",""
"2002","Other degree","(2c_gen) general maturity certificate","1438.33","1069.08","38","300","665","1950","2300","18000","496.23","2380.43","0","18000","665","1800"
"2002","Other degree","(2c_voc) vocational maturity certificate","1853.02","1841.62","111","800","1300","2250","2976","4600","1678.7","2027.34","98","4700","1700","2100"
"2002","Other degree","(3a) lower tertiary education","","","","","","","","","","","","","",""
"2002","Other degree","(3b) higher tertiary education","2560.8","1938.19","127","320","900","2980","6000","11000","2047.46","3074.14","0","17800","2045","3100"
"2002","secondary school degree","(0) in school","","","","","","","","","","","","","",""
"2002","secondary school degree","(1a) inadequately completed","","","","","","","","","","","","","",""
"2002","secondary school degree","(1b) general elementary school","","","","","","","","","","","","","",""
"2002","secondary school degree","(1c) basic vocational qualification","","","","","","","","","","","","","",""
"2002","secondary school degree","(2a) intermediate vocational","2068.77","1900","3784","620","1263","2600","3450","6647","2018.66","2118.88","0","28000","1815","1921"
"2002","secondary school degree","(2b) intermediate general qualification","911.73","580","385","281","400","1100","2150","4500","807.96","1015.5","0","8000","520","600"
"2002","secondary school degree","(2c_gen) general maturity certificate","","","","","","","","","","","","","",""
"2002","secondary school degree","(2c_voc) vocational maturity certificate","","","","","","","","","","","","","",""
"2002","secondary school degree","(3a) lower tertiary education","2887.66","2413.29","414","1025","1738","3400","5000","12000","2649.94","3125.38","0","24695","2224","2500"
"2002","secondary school degree","(3b) higher tertiary education","3038.67","2617.74","91","1400","2147","3700","4600","11993","2603.2","3474.14","1000","12000","2620","3600"
"2003","college entrance qualification","(0) in school","","","","","","","","","","","","","",""
"2003","college entrance qualification","(1a) inadequately completed","","","","","","","","","","","","","",""
"2003","college entrance qualification","(1b) general elementary school","","","","","","","","","","","","","",""
"2003","college entrance qualification","(1c) basic vocational qualification","","","","","","","","","","","","","",""
"2003","college entrance qualification","(2a) intermediate vocational","","","","","","","","","","","","","",""
"2003","college entrance qualification","(2b) intermediate general qualification","","","","","","","","","","","","","",""
"2003","college entrance qualification","(2c_gen) general maturity certificate","1207.73","697.8","384","255","350","1600","3070","7000","1048.29","1367.17","0","15000","565","700"
"2003","college entrance qualification","(2c_voc) vocational maturity certificate","2408.66","2300","954","489","1360","3070","4200","8000","2275.78","2541.54","0","30000","2200","2400"
"2003","college entrance qualification","(3a) lower tertiary education","3409.2","3000","759","1283","2100","4000","6000","11000","3247.85","3570.55","0","17500","3000","3227"
"2003","college entrance qualification","(3b) higher tertiary education","4039.34","3400","1784","1300","2445","4800","7000","17940","3848","4230.68","0","98107","3584","3800"
"2003","lower secondary degree","(0) in school","","","","","","","","","","","","","",""
"2003","lower secondary degree","(1a) inadequately completed","","","","","","","","","","","","","",""
"2003","lower secondary degree","(1b) general elementary school","1360.92","1100.59","601","298","486","2045","2600","4100","1283.28","1438.56","0","6206","995","1150"
"2003","lower secondary degree","(1c) basic vocational qualification","2158.74","2053.81","2776","474","1258","2800","3531","6999","2102.31","2215.17","0","20000","2000","2100"
"2003","lower secondary degree","(2a) intermediate vocational","","","","","","","","","","","","","",""
"2003","lower secondary degree","(2b) intermediate general qualification","","","","","","","","","","","","","",""
"2003","lower secondary degree","(2c_gen) general maturity certificate","","","","","","","","","","","","","",""
"2003","lower secondary degree","(2c_voc) vocational maturity certificate","","","","","","","","","","","","","",""
"2003","lower secondary degree","(3a) lower tertiary education","2652.18","2500","43","325","1728","2900","6000","7780","2025.51","3278.85","165","7780","2000","3750"
"2003","lower secondary degree","(3b) higher tertiary education","","","","","","","","","","","","","",""
"2003","no degree/no degree yet","(0) in school","261.39","150","58","50","100","270","349","3500","126.02","396.76","0","3500","146","210"
"2003","no degree/no degree yet","(1a) inadequately completed","1582.54","1400","97","283","800","2155","3100","5000","1360.36","1804.72","60","5000","1300","1789"
"2003","no degree/no degree yet","(1b) general elementary school","","","","","","","","","","","","","",""
"2003","no degree/no degree yet","(1c) basic vocational qualification","","","","","","","","","","","","","",""
"2003","no degree/no degree yet","(2a) intermediate vocational","","","","","","","","","","","","","",""
"2003","no degree/no degree yet","(2b) intermediate general qualification","","","","","","","","","","","","","",""
"2003","no degree/no degree yet","(2c_gen) general maturity certificate","","","","","","","","","","","","","",""
"2003","no degree/no degree yet","(2c_voc) vocational maturity certificate","","","","","","","","","","","","","",""
"2003","no degree/no degree yet","(3a) lower tertiary education","","","","","","","","","","","","","",""
"2003","no degree/no degree yet","(3b) higher tertiary education","","","","","","","","","","","","","",""
"2003","Other degree","(0) in school","","","","","","","","","","","","","",""
"2003","Other degree","(1a) inadequately completed","","","","","","","","","","","","","",""
"2003","Other degree","(1b) general elementary school","1525.86","1500","171","256","429","2000","2600","8000","1358.46","1693.26","81","8000","1420","1800"
"2003","Other degree","(1c) basic vocational qualification","1906.24","2000","226","326","1004","2500","3000","7515","1753.46","2059.02","0","9003","2000","2216"
"2003","Other degree","(2a) intermediate vocational","","","","","","","","","","","","","",""
"2003","Other degree","(2b) intermediate general qualification","","","","","","","","","","","","","",""
"2003","Other degree","(2c_gen) general maturity certificate","1188.52","1144.09","32","300","670","1500","2200","3200","853.03","1524.01","0","3500","670","2000"
"2003","Other degree","(2c_voc) vocational maturity certificate","1854.52","1800","100","670","1300","2400","3200","5065","1652.64","2056.4","90","6200","1600","2100"
"2003","Other degree","(3a) lower tertiary education","","","","","","","","","","","","","",""
"2003","Other degree","(3b) higher tertiary education","2544.86","2001.78","117","300","840","3300","4750","10000","1939.65","3150.07","120","26000","1934","3100"
"2003","secondary school degree","(0) in school","","","","","","","","","","","","","",""
"2003","secondary school degree","(1a) inadequately completed","","","","","","","","","","","","","",""
"2003","secondary school degree","(1b) general elementary school","","","","","","","","","","","","","",""
"2003","secondary school degree","(1c) basic vocational qualification","","","","","","","","","","","","","",""
"2003","secondary school degree","(2a) intermediate vocational","2148.65","2000","3609","700","1300","2750","3600","7000","2099.34","2197.96","0","17000","1900","2000"
"2003","secondary school degree","(2b) intermediate general qualification","1097.38","714.5","375","315","500","1500","2300","5400","1000.58","1194.18","0","7800","600","680"
"2003","secondary school degree","(2c_gen) general maturity certificate","","","","","","","","","","","","","",""
"2003","secondary school degree","(2c_voc) vocational maturity certificate","","","","","","","","","","","","","",""
"2003","secondary school degree","(3a) lower tertiary education","2899.08","2500","379","1050","1700","3500","4651","10000","2675.96","3122.2","0","23000","2300","2600"
"2003","secondary school degree","(3b) higher tertiary education","3191.27","3021.08","83","1323","2234","3770","4700","10000","2681.37","3701.17","0","15000","2500","3600"
"2004","college entrance qualification","(0) in school","","","","","","","","","","","","","",""
"2004","college entrance qualification","(1a) inadequately completed","","","","","","","","","","","","","",""
"2004","college entrance qualification","(1b) general elementary school","","","","","","","","","","","","","",""
"2004","college entrance qualification","(1c) basic vocational qualification","","","","","","","","","","","","","",""
"2004","college entrance qualification","(2a) intermediate vocational","","","","","","","","","","","","","",""
"2004","college entrance qualification","(2b) intermediate general qualification","","","","","","","","","","","","","",""
"2004","college entrance qualification","(2c_gen) general maturity certificate","1233.74","667.23","381","250","360","1300","2900","8457","1076.76","1390.72","0","12000","550","664"
"2004","college entrance qualification","(2c_voc) vocational maturity certificate","2381.34","2200","958","500","1360","3100","4150","8500","2266.86","2495.82","0","17850","2100","2382"
"2004","college entrance qualification","(3a) lower tertiary education","3573.65","3172.34","747","1275","2100","4200","6177","14000","3413.84","3733.46","0","15500","3000","3304"
"2004","college entrance qualification","(3b) higher tertiary education","4081.09","3500","1753","1050","2300","4900","7000","19635","3905.93","4256.25","0","60000","3600","3837"
"2004","lower secondary degree","(0) in school","","","","","","","","","","","","","",""
"2004","lower secondary degree","(1a) inadequately completed","","","","","","","","","","","","","",""
"2004","lower secondary degree","(1b) general elementary school","1351.32","1147.07","546","320","530","2000","2600","3900","1271.36","1431.28","0","5393","980","1200"
"2004","lower secondary degree","(1c) basic vocational qualification","2147.19","2100","2642","400","1200","2800","3580","6870","2080.95","2213.43","0","50000","2000","2132"
"2004","lower secondary degree","(2a) intermediate vocational","","","","","","","","","","","","","",""
"2004","lower secondary degree","(2b) intermediate general qualification","","","","","","","","","","","","","",""
"2004","lower secondary degree","(2c_gen) general maturity certificate","","","","","","","","","","","","","",""
"2004","lower secondary degree","(2c_voc) vocational maturity certificate","","","","","","","","","","","","","",""
"2004","lower secondary degree","(3a) lower tertiary education","2947.57","2946.5","42","780","2000","4145","5000","6000","2403.12","3492.02","200","6490","2300","3821"
"2004","lower secondary degree","(3b) higher tertiary education","","","","","","","","","","","","","",""
"2004","no degree/no degree yet","(0) in school","325.7","240.71","47","70","130","357","881","1561","215.71","435.69","40","1800","136","342"
"2004","no degree/no degree yet","(1a) inadequately completed","1591.88","1500","91","216","560","2200","3144","4708","1363.15","1820.61","60","5000","1300","1983"
"2004","no degree/no degree yet","(1b) general elementary school","","","","","","","","","","","","","",""
"2004","no degree/no degree yet","(1c) basic vocational qualification","","","","","","","","","","","","","",""
"2004","no degree/no degree yet","(2a) intermediate vocational","","","","","","","","","","","","","",""
"2004","no degree/no degree yet","(2b) intermediate general qualification","","","","","","","","","","","","","",""
"2004","no degree/no degree yet","(2c_gen) general maturity certificate","","","","","","","","","","","","","",""
"2004","no degree/no degree yet","(2c_voc) vocational maturity certificate","","","","","","","","","","","","","",""
"2004","no degree/no degree yet","(3a) lower tertiary education","","","","","","","","","","","","","",""
"2004","no degree/no degree yet","(3b) higher tertiary education","","","","","","","","","","","","","",""
"2004","Other degree","(0) in school","","","","","","","","","","","","","",""
"2004","Other degree","(1a) inadequately completed","","","","","","","","","","","","","",""
"2004","Other degree","(1b) general elementary school","1542.94","1539.31","150","300","600","2050","3000","4057","1376.7","1709.18","0","4300","1450","1900"
"2004","Other degree","(1c) basic vocational qualification","1903.53","1800","213","400","920","2500","3200","8595","1723.94","2083.12","0","9003","1800","2170"
"2004","Other degree","(2a) intermediate vocational","","","","","","","","","","","","","",""
"2004","Other degree","(2b) intermediate general qualification","","","","","","","","","","","","","",""
"2004","Other degree","(2c_gen) general maturity certificate","1255.8","1211.51","32","313","700","1600","2200","4000","900.5","1611.1","0","4000","700","1600"
"2004","Other degree","(2c_voc) vocational maturity certificate","1954.58","1853.76","98","580","1300","2200","3200","5290","1742.4","2166.76","0","5290","1700","2100"
"2004","Other degree","(3a) lower tertiary education","","","","","","","","","","","","","",""
"2004","Other degree","(3b) higher tertiary education","2612.66","1874.82","119","300","580","3800","6500","12083","2057.52","3167.8","0","14700","2000","3400"
"2004","secondary school degree","(0) in school","","","","","","","","","","","","","",""
"2004","secondary school degree","(1a) inadequately completed","","","","","","","","","","","","","",""
"2004","secondary school degree","(1b) general elementary school","","","","","","","","","","","","","",""
"2004","secondary school degree","(1c) basic vocational qualification","","","","","","","","","","","","","",""
"2004","secondary school degree","(2a) intermediate vocational","2179.75","2000","3494","670","1300","2800","3670","6500","2130.3","2229.2","0","21000","1900","2000"
"2004","secondary school degree","(2b) intermediate general qualification","1055.5","713.85","361","282","450","1500","2300","4200","951.57","1159.43","25","12405","621","700"
"2004","secondary school degree","(2c_gen) general maturity certificate","","","","","","","","","","","","","",""
"2004","secondary school degree","(2c_voc) vocational maturity certificate","","","","","","","","","","","","","",""
"2004","secondary school degree","(3a) lower tertiary education","2889.67","2433.17","380","1000","1675","3501","5530","10000","2681.43","3097.91","0","15500","2283","2500"
"2004","secondary school degree","(3b) higher tertiary education","3120.85","2549.24","80","1323","2000","3950","5200","14500","2528.32","3713.38","325","15000","2490","3800"
"2005","college entrance qualification","(0) in school","","","","","","","","","","","","","",""
"2005","college entrance qualification","(1a) inadequately completed","","","","","","","","","","","","","",""
"2005","college entrance qualification","(1b) general elementary school","","","","","","","","","","","","","",""
"2005","college entrance qualification","(1c) basic vocational qualification","","","","","","","","","","","","","",""
"2005","college entrance qualification","(2a) intermediate vocational","","","","","","","","","","","","","",""
"2005","college entrance qualification","(2b) intermediate general qualification","","","","","","","","","","","","","",""
"2005","college entrance qualification","(2c_gen) general maturity certificate","1251.44","720","343","220","400","1510","3000","6500","1062.24","1440.64","0","18000","580","728"
"2005","college entrance qualification","(2c_voc) vocational maturity certificate","2366.82","2300","943","500","1400","3200","4000","6900","2255.47","2478.17","0","18800","2100","2335"
"2005","college entrance qualification","(3a) lower tertiary education","3295.56","3000","722","1200","2046","4100","5500","10500","3143.05","3448.07","0","15500","3000","3260"
"2005","college entrance qualification","(3b) higher tertiary education","4106.49","3500","1671","1135","2500","4900","6700","20472","3944.5","4268.48","0","40000","3600","3820"
"2005","lower secondary degree","(0) in school","","","","","","","","","","","","","",""
"2005","lower secondary degree","(1a) inadequately completed","","","","","","","","","","","","","",""
"2005","lower secondary degree","(1b) general elementary school","1286.57","1100","475","245","404","1880","2674","4095","1199.91","1373.23","0","5800","947","1200"
"2005","lower secondary degree","(1c) basic vocational qualification","2148.18","2123.5","2433","400","1200","2800","3550","6000","2087.62","2208.74","0","30000","2030","2200"
"2005","lower secondary degree","(2a) intermediate vocational","","","","","","","","","","","","","",""
"2005","lower secondary degree","(2b) intermediate general qualification","","","","","","","","","","","","","",""
"2005","lower secondary degree","(2c_gen) general maturity certificate","","","","","","","","","","","","","",""
"2005","lower secondary degree","(2c_voc) vocational maturity certificate","","","","","","","","","","","","","",""
"2005","lower secondary degree","(3a) lower tertiary education","2791.2","2818.18","34","380","1700","3500","5400","8000","2079.89","3502.51","165","8000","2180","4000"
"2005","lower secondary degree","(3b) higher tertiary education","","","","","","","","","","","","","",""
"2005","no degree/no degree yet","(0) in school","283.82","155.7","50","64","120","400","521","1870","187.87","379.77","10","1870","130","340"
"2005","no degree/no degree yet","(1a) inadequately completed","1563.33","1456.03","80","230","400","2265","2800","4127","1292.59","1834.07","100","7000","1300","2000"
"2005","no degree/no degree yet","(1b) general elementary school","","","","","","","","","","","","","",""
"2005","no degree/no degree yet","(1c) basic vocational qualification","","","","","","","","","","","","","",""
"2005","no degree/no degree yet","(2a) intermediate vocational","","","","","","","","","","","","","",""
"2005","no degree/no degree yet","(2b) intermediate general qualification","","","","","","","","","","","","","",""
"2005","no degree/no degree yet","(2c_gen) general maturity certificate","","","","","","","","","","","","","",""
"2005","no degree/no degree yet","(2c_voc) vocational maturity certificate","","","","","","","","","","","","","",""
"2005","no degree/no degree yet","(3a) lower tertiary education","","","","","","","","","","","","","",""
"2005","no degree/no degree yet","(3b) higher tertiary education","","","","","","","","","","","","","",""
"2005","Other degree","(0) in school","","","","","","","","","","","","","",""
"2005","Other degree","(1a) inadequately completed","","","","","","","","","","","","","",""
"2005","Other degree","(1b) general elementary school","1393.29","1300","149","150","400","2000","2870","4200","1219.84","1566.74","0","5700","1200","1700"
"2005","Other degree","(1c) basic vocational qualification","1864.85","1800","198","388","1099","2500","3100","4330","1697.15","2032.55","120","9987","1863","2300"
"2005","Other degree","(2a) intermediate vocational","","","","","","","","","","","","","",""
"2005","Other degree","(2b) intermediate general qualification","","","","","","","","","","","","","",""
"2005","Other degree","(2c_gen) general maturity certificate","1260.15","1057.63","30","380","700","1800","2400","3000","904.19","1616.11","0","3600","750","1700"
"2005","Other degree","(2c_voc) vocational maturity certificate","1929.52","2000","92","719","1234","2250","2700","9047","1682.52","2176.52","43","9047","1720","2100"
"2005","Other degree","(3a) lower tertiary education","","","","","","","","","","","","","",""
"2005","Other degree","(3b) higher tertiary education","3024.79","2222.85","104","350","1000","4000","6500","12300","2462.96","3586.62","100","13500","2100","3454"
"2005","secondary school degree","(0) in school","","","","","","","","","","","","","",""
"2005","secondary school degree","(1a) inadequately completed","","","","","","","","","","","","","",""
"2005","secondary school degree","(1b) general elementary school","","","","","","","","","","","","","",""
"2005","secondary school degree","(1c) basic vocational qualification","","","","","","","","","","","","","",""
"2005","secondary school degree","(2a) intermediate vocational","2172.45","2015","3362","625","1280","2800","3699","6985","2123.36","2221.54","0","15000","1900","2000"
"2005","secondary school degree","(2b) intermediate general qualification","1132.81","750","341","350","480","1500","2300","3800","1046.04","1219.58","0","5550","665","750"
"2005","secondary school degree","(2c_gen) general maturity certificate","","","","","","","","","","","","","",""
"2005","secondary school degree","(2c_voc) vocational maturity certificate","","","","","","","","","","","","","",""
"2005","secondary school degree","(3a) lower tertiary education","2961.5","2500","356","900","1538","3500","5001","15000","2735.34","3187.66","80","19439","2250","2500"
"2005","secondary school degree","(3b) higher tertiary education","3055.07","2793.72","79","1323","2200","3956","4700","8025","2652.82","3457.32","325","9400","2725","3470"
"2006","college entrance qualification","(0) in school","","","","","","","","","","","","","",""
"2006","college entrance qualification","(1a) inadequately completed","","","","","","","","","","","","","",""
"2006","college entrance qualification","(1b) general elementary school","","","","","","","","","","","","","",""
"2006","college entrance qualification","(1c) basic vocational qualification","","","","","","","","","","","","","",""
"2006","college entrance qualification","(2a) intermediate vocational","","","","","","","","","","","","","",""
"2006","college entrance qualification","(2b) intermediate general qualification","","","","","","","","","","","","","",""
"2006","college entrance qualification","(2c_gen) general maturity certificate","1159.63","700","338","190","400","1500","2921","6000","993.18","1326.08","0","15000","580","720"
"2006","college entrance qualification","(2c_voc) vocational maturity certificate","2374.05","2200","998","527","1400","3100","4000","7500","2266.87","2481.23","0","18000","2100","2300"
"2006","college entrance qualification","(3a) lower tertiary education","3512.93","3100","773","1100","2170","4270","5500","20000","3343.28","3682.58","0","29038","3000","3300"
"2006","college entrance qualification","(3b) higher tertiary education","4120.8","3500","1802","1185","2400","5000","7012","18000","3942.37","4299.23","0","94300","3540","3801"
"2006","lower secondary degree","(0) in school","","","","","","","","","","","","","",""
"2006","lower secondary degree","(1a) inadequately completed","","","","","","","","","","","","","",""
"2006","lower secondary degree","(1b) general elementary school","1282.84","1079.42","459","296","440","2000","2500","3800","1194.5","1371.18","0","6360","905","1108"
"2006","lower secondary degree","(1c) basic vocational qualification","2121.83","2100","2568","400","1172","2800","3500","7000","2062.32","2181.34","0","32000","2000","2100"
"2006","lower secondary degree","(2a) intermediate vocational","","","","","","","","","","","","","",""
"2006","lower secondary degree","(2b) intermediate general qualification","","","","","","","","","","","","","",""
"2006","lower secondary degree","(2c_gen) general maturity certificate","","","","","","","","","","","","","",""
"2006","lower secondary degree","(2c_voc) vocational maturity certificate","","","","","","","","","","","","","",""
"2006","lower secondary degree","(3a) lower tertiary education","3039.54","2771.45","36","1099","1673","4200","6000","7500","2372.89","3706.19","320","7500","2041","3800"
"2006","lower secondary degree","(3b) higher tertiary education","","","","","","","","","","","","","",""
"2006","no degree/no degree yet","(0) in school","738.46","304","44","140","200","554","2500","3179","499.07","977.85","30","3179","236","350"
"2006","no degree/no degree yet","(1a) inadequately completed","1661.08","1600","72","120","600","2343","3000","5248","1269.39","2052.77","0","12000","1100","2000"
"2006","no degree/no degree yet","(1b) general elementary school","","","","","","","","","","","","","",""
"2006","no degree/no degree yet","(1c) basic vocational qualification","","","","","","","","","","","","","",""
"2006","no degree/no degree yet","(2a) intermediate vocational","","","","","","","","","","","","","",""
"2006","no degree/no degree yet","(2b) intermediate general qualification","","","","","","","","","","","","","",""
"2006","no degree/no degree yet","(2c_gen) general maturity certificate","","","","","","","","","","","","","",""
"2006","no degree/no degree yet","(2c_voc) vocational maturity certificate","","","","","","","","","","","","","",""
"2006","no degree/no degree yet","(3a) lower tertiary education","","","","","","","","","","","","","",""
"2006","no degree/no degree yet","(3b) higher tertiary education","","","","","","","","","","","","","",""
"2006","Other degree","(0) in school","","","","","","","","","","","","","",""
"2006","Other degree","(1a) inadequately completed","","","","","","","","","","","","","",""
"2006","Other degree","(1b) general elementary school","1408.06","1400","149","239","580","2030","2600","4207","1240.28","1575.84","81","4800","1190","1600"
"2006","Other degree","(1c) basic vocational qualification","1898.99","1900","201","320","1160","2500","3200","4190","1727.81","2070.17","120","10487","1823","2200"
"2006","Other degree","(2a) intermediate vocational","","","","","","","","","","","","","",""
"2006","Other degree","(2b) intermediate general qualification","","","","","","","","","","","","","",""
"2006","Other degree","(2c_gen) general maturity certificate","","","","","","","","","","","","","",""
"2006","Other degree","(2c_voc) vocational maturity certificate","1936.37","2000","101","400","1015","2500","3000","5200","1721.24","2151.5","82","5200","1672","2200"
"2006","Other degree","(3a) lower tertiary education","","","","","","","","","","","","","",""
"2006","Other degree","(3b) higher tertiary education","2658.15","1995.84","113","200","495","4000","5348","11020","2136.86","3179.44","0","13500","2000","3250"
"2006","secondary school degree","(0) in school","","","","","","","","","","","","","",""
"2006","secondary school degree","(1a) inadequately completed","","","","","","","","","","","","","",""
"2006","secondary school degree","(1b) general elementary school","","","","","","","","","","","","","",""
"2006","secondary school degree","(1c) basic vocational qualification","","","","","","","","","","","","","",""
"2006","secondary school degree","(2a) intermediate vocational","2120.03","2000","3564","600","1250","2751","3600","6100","2072.87","2167.19","0","17989","1850","1960"
"2006","secondary school degree","(2b) intermediate general qualification","1174.71","786.31","339","300","480","1650","2600","5000","1076.74","1272.68","0","7500","640","780"
"2006","secondary school degree","(2c_gen) general maturity certificate","","","","","","","","","","","","","",""
"2006","secondary school degree","(2c_voc) vocational maturity certificate","","","","","","","","","","","","","",""
"2006","secondary school degree","(3a) lower tertiary education","3174.82","2555.07","385","1010","1750","3660","5000","11000","2554.98","3794.66","80","115926","2300","2600"
"2006","secondary school degree","(3b) higher tertiary education","3250.01","2800","91","1323","1900","4100","5383","10000","2852.5","3647.52","300","10000","2320","3570"
"2007","college entrance qualification","(0) in school","","","","","","","","","","","","","",""
"2007","college entrance qualification","(1a) inadequately completed","","","","","","","","","","","","","",""
"2007","college entrance qualification","(1b) general elementary school","","","","","","","","","","","","","",""
"2007","college entrance qualification","(1c) basic vocational qualification","","","","","","","","","","","","","",""
"2007","college entrance qualification","(2a) intermediate vocational","","","","","","","","","","","","","",""
"2007","college entrance qualification","(2b) intermediate general qualification","","","","","","","","","","","","","",""
"2007","college entrance qualification","(2c_gen) general maturity certificate","1098.11","657.08","358","200","400","1400","2605","4787","925.99","1270.23","0","20000","600","750"
"2007","college entrance qualification","(2c_voc) vocational maturity certificate","2428.53","2232.37","975","614","1350","3150","4400","7000","2317.13","2539.93","0","20000","2100","2300"
"2007","college entrance qualification","(3a) lower tertiary education","3289.66","3000","744","1000","1900","4160","5500","10000","3104.97","3474.35","0","42000","2845","3201"
"2007","college entrance qualification","(3b) higher tertiary education","4174.38","3500","1748","1300","2400","5000","7000","20044","4010.08","4338.68","0","40329","3540","3800"
"2007","lower secondary degree","(0) in school","","","","","","","","","","","","","",""
"2007","lower secondary degree","(1a) inadequately completed","","","","","","","","","","","","","",""
"2007","lower secondary degree","(1b) general elementary school","1298.37","1100","428","296","410","2000","2777","4200","1200.12","1396.62","0","6500","995","1240"
"2007","lower secondary degree","(1c) basic vocational qualification","2213.54","2100","2422","400","1200","2825","3565","7700","2137.83","2289.25","0","50000","2000","2100"
"2007","lower secondary degree","(2a) intermediate vocational","","","","","","","","","","","","","",""
"2007","lower secondary degree","(2b) intermediate general qualification","","","","","","","","","","","","","",""
"2007","lower secondary degree","(2c_gen) general maturity certificate","","","","","","","","","","","","","",""
"2007","lower secondary degree","(2c_voc) vocational maturity certificate","","","","","","","","","","","","","",""
"2007","lower secondary degree","(3a) lower tertiary education","2802.17","2800","35","313","1500","3630","4970","6000","2175.39","3428.95","250","6800","2300","3589"
"2007","lower secondary degree","(3b) higher tertiary education","","","","","","","","","","","","","",""
"2007","no degree/no degree yet","(0) in school","","","","","","","","","","","","","",""
"2007","no degree/no degree yet","(1a) inadequately completed","1587.84","1425.61","70","168","450","2433","3500","4900","1269.01","1906.67","7","7500","1100","1900"
"2007","no degree/no degree yet","(1b) general elementary school","","","","","","","","","","","","","",""
"2007","no degree/no degree yet","(1c) basic vocational qualification","","","","","","","","","","","","","",""
"2007","no degree/no degree yet","(2a) intermediate vocational","","","","","","","","","","","","","",""
"2007","no degree/no degree yet","(2b) intermediate general qualification","","","","","","","","","","","","","",""
"2007","no degree/no degree yet","(2c_gen) general maturity certificate","","","","","","","","","","","","","",""
"2007","no degree/no degree yet","(2c_voc) vocational maturity certificate","","","","","","","","","","","","","",""
"2007","no degree/no degree yet","(3a) lower tertiary education","","","","","","","","","","","","","",""
"2007","no degree/no degree yet","(3b) higher tertiary education","","","","","","","","","","","","","",""
"2007","Other degree","(0) in school","","","","","","","","","","","","","",""
"2007","Other degree","(1a) inadequately completed","","","","","","","","","","","","","",""
"2007","Other degree","(1b) general elementary school","1677.6","1500","118","300","840","2200","4000","5134","1470.26","1884.94","100","5134","1200","1800"
"2007","Other degree","(1c) basic vocational qualification","1921.46","2000","177","350","1000","2600","3200","5000","1705.22","2137.7","125","15000","1800","2200"
"2007","Other degree","(2a) intermediate vocational","","","","","","","","","","","","","",""
"2007","Other degree","(2b) intermediate general qualification","","","","","","","","","","","","","",""
"2007","Other degree","(2c_gen) general maturity certificate","","","","","","","","","","","","","",""
"2007","Other degree","(2c_voc) vocational maturity certificate","1995.86","2048.93","88","450","1000","2600","3275","5600","1750.27","2241.45","120","5600","1750","2200"
"2007","Other degree","(3a) lower tertiary education","","","","","","","","","","","","","",""
"2007","Other degree","(3b) higher tertiary education","2573.12","1996.99","111","379","670","4300","5000","9600","1895.55","3250.69","20","30000","1900","3500"
"2007","secondary school degree","(0) in school","","","","","","","","","","","","","",""
"2007","secondary school degree","(1a) inadequately completed","","","","","","","","","","","","","",""
"2007","secondary school degree","(1b) general elementary school","","","","","","","","","","","","","",""
"2007","secondary school degree","(1c) basic vocational qualification","","","","","","","","","","","","","",""
"2007","secondary school degree","(2a) intermediate vocational","2154.51","2030","3427","630","1300","2800","3600","7000","2105.59","2203.43","0","20000","1900","2000"
"2007","secondary school degree","(2b) intermediate general qualification","1212.13","819.2","286","400","522","1700","2300","4500","1090.06","1334.2","0","12000","700","801"
"2007","secondary school degree","(2c_gen) general maturity certificate","","","","","","","","","","","","","",""
"2007","secondary school degree","(2c_voc) vocational maturity certificate","","","","","","","","","","","","","",""
"2007","secondary school degree","(3a) lower tertiary education","2899.6","2558.76","348","1050","1750","3436","4500","10000","2682.94","3116.26","0","20000","2201","2571"
"2007","secondary school degree","(3b) higher tertiary education","3105.26","3013.73","76","420","1944","4116","5400","7005","2637.25","3573.27","160","12500","2400","3770"
"2008","college entrance qualification","(0) in school","","","","","","","","","","","","","",""
"2008","college entrance qualification","(1a) inadequately completed","","","","","","","","","","","","","",""
"2008","college entrance qualification","(1b) general elementary school","","","","","","","","","","","","","",""
"2008","college entrance qualification","(1c) basic vocational qualification","","","","","","","","","","","","","",""
"2008","college entrance qualification","(2a) intermediate vocational","","","","","","","","","","","","","",""
"2008","college entrance qualification","(2b) intermediate general qualification","","","","","","","","","","","","","",""
"2008","college entrance qualification","(2c_gen) general maturity certificate","1183.81","700","329","245","400","1500","3000","5400","1002.66","1364.96","0","16203","604","775"
"2008","college entrance qualification","(2c_voc) vocational maturity certificate","2461.86","2199.15","941","620","1350","3300","4377","8500","2336.26","2587.46","0","25000","2017","2280"
"2008","college entrance qualification","(3a) lower tertiary education","3296.11","3000","712","900","2000","4011","5500","10130","3111.2","3481.02","0","33000","2800","3250"
"2008","college entrance qualification","(3b) higher tertiary education","4195.51","3500","1646","1300","2500","5005","7500","16000","4032","4359.02","0","35288","3500","3800"
"2008","lower secondary degree","(0) in school","","","","","","","","","","","","","",""
"2008","lower secondary degree","(1a) inadequately completed","","","","","","","","","","","","","",""
"2008","lower secondary degree","(1b) general elementary school","1343.34","1154.51","395","249","400","2000","2676","4300","1235.98","1450.7","0","6600","1000","1300"
"2008","lower secondary degree","(1c) basic vocational qualification","2184.71","2100","2225","400","1200","2811","3600","7999","2120.56","2248.86","0","25000","2000","2200"
"2008","lower secondary degree","(2a) intermediate vocational","","","","","","","","","","","","","",""
"2008","lower secondary degree","(2b) intermediate general qualification","","","","","","","","","","","","","",""
"2008","lower secondary degree","(2c_gen) general maturity certificate","","","","","","","","","","","","","",""
"2008","lower secondary degree","(2c_voc) vocational maturity certificate","","","","","","","","","","","","","",""
"2008","lower secondary degree","(3a) lower tertiary education","3601.71","3181.03","30","1490","2300","4800","6500","8000","2880.18","4323.24","380","8000","2600","4056"
"2008","lower secondary degree","(3b) higher tertiary education","","","","","","","","","","","","","",""
"2008","no degree/no degree yet","(0) in school","280.33","155.22","33","23","92","366","514","1800","142.41","418.25","0","1800","100","296"
"2008","no degree/no degree yet","(1a) inadequately completed","1591.91","1382.07","67","189","420","2300","3562","5000","1277.91","1905.91","0","6000","1119","1985"
"2008","no degree/no degree yet","(1b) general elementary school","","","","","","","","","","","","","",""
"2008","no degree/no degree yet","(1c) basic vocational qualification","","","","","","","","","","","","","",""
"2008","no degree/no degree yet","(2a) intermediate vocational","","","","","","","","","","","","","",""
"2008","no degree/no degree yet","(2b) intermediate general qualification","","","","","","","","","","","","","",""
"2008","no degree/no degree yet","(2c_gen) general maturity certificate","","","","","","","","","","","","","",""
"2008","no degree/no degree yet","(2c_voc) vocational maturity certificate","","","","","","","","","","","","","",""
"2008","no degree/no degree yet","(3a) lower tertiary education","","","","","","","","","","","","","",""
"2008","no degree/no degree yet","(3b) higher tertiary education","","","","","","","","","","","","","",""
"2008","Other degree","(0) in school","","","","","","","","","","","","","",""
"2008","Other degree","(1a) inadequately completed","","","","","","","","","","","","","",""
"2008","Other degree","(1b) general elementary school","1545.76","1500","115","390","800","2300","2700","5400","1355.15","1736.37","0","5400","1000","1588"
"2008","Other degree","(1c) basic vocational qualification","1859.68","1907.54","168","325","800","2400","2950","4999","1591.53","2127.83","0","20024","1750","2200"
"2008","Other degree","(2a) intermediate vocational","","","","","","","","","","","","","",""
"2008","Other degree","(2b) intermediate general qualification","","","","","","","","","","","","","",""
"2008","Other degree","(2c_gen) general maturity certificate","","","","","","","","","","","","","",""
"2008","Other degree","(2c_voc) vocational maturity certificate","1828.13","1700","78","397","900","2500","3400","4560","1561.58","2094.68","100","4800","1650","2400"
"2008","Other degree","(3a) lower tertiary education","","","","","","","","","","","","","",""
"2008","Other degree","(3b) higher tertiary education","2442.12","1893.1","101","370","800","3416","4900","10980","1837.76","3046.48","0","20000","1500","2651"
"2008","secondary school degree","(0) in school","","","","","","","","","","","","","",""
"2008","secondary school degree","(1a) inadequately completed","","","","","","","","","","","","","",""
"2008","secondary school degree","(1b) general elementary school","","","","","","","","","","","","","",""
"2008","secondary school degree","(1c) basic vocational qualification","","","","","","","","","","","","","",""
"2008","secondary school degree","(2a) intermediate vocational","2163.86","2099.12","3280","600","1264","2800","3600","6492","2114.22","2213.5","0","15000","1900","2000"
"2008","secondary school degree","(2b) intermediate general qualification","1124.75","793.91","276","289","458","1600","2285","4500","1024.81","1224.69","0","4800","650","789"
"2008","secondary school degree","(2c_gen) general maturity certificate","","","","","","","","","","","","","",""
"2008","secondary school degree","(2c_voc) vocational maturity certificate","","","","","","","","","","","","","",""
"2008","secondary school degree","(3a) lower tertiary education","3174.64","2703.15","330","1130","1920","3900","5780","11000","2937.84","3411.44","0","21000","2300","2600"
"2008","secondary school degree","(3b) higher tertiary education","3094.86","2856.96","69","420","1833","3910","5601","7500","2650.88","3538.84","160","8500","2500","3500"
"2009","college entrance qualification","(0) in school","","","","","","","","","","","","","",""
"2009","college entrance qualification","(1a) inadequately completed","","","","","","","","","","","","","",""
"2009","college entrance qualification","(1b) general elementary school","","","","","","","","","","","","","",""
"2009","college entrance qualification","(1c) basic vocational qualification","","","","","","","","","","","","","",""
"2009","college entrance qualification","(2a) intermediate vocational","","","","","","","","","","","","","",""
"2009","college entrance qualification","(2b) intermediate general qualification","","","","","","","","","","","","","",""
"2009","college entrance qualification","(2c_gen) general maturity certificate","1123.97","750","331","200","440","1520","2900","4850","973.92","1274.02","0","10000","679","800"
"2009","college entrance qualification","(2c_voc) vocational maturity certificate","2566.72","2400","856","700","1518","3400","4490","7600","2441.16","2692.28","0","19000","2296","2500"
"2009","college entrance qualification","(3a) lower tertiary education","3487.47","3200","700","1000","2000","4220","6000","9700","3297.64","3677.3","0","30000","3000","3300"
"2009","college entrance qualification","(3b) higher tertiary education","4170.02","3530.86","1552","1200","2500","5000","7000","20000","4000.39","4339.65","0","46856","3577","3854"
"2009","lower secondary degree","(0) in school","","","","","","","","","","","","","",""
"2009","lower secondary degree","(1a) inadequately completed","","","","","","","","","","","","","",""
"2009","lower secondary degree","(1b) general elementary school","1335.13","1200","349","256","470","1980","2500","4099","1227.44","1442.82","0","6500","980","1280"
"2009","lower secondary degree","(1c) basic vocational qualification","2168.98","2160","2020","400","1220","2900","3500","7500","2104.05","2233.91","0","14000","2000","2200"
"2009","lower secondary degree","(2a) intermediate vocational","","","","","","","","","","","","","",""
"2009","lower secondary degree","(2b) intermediate general qualification","","","","","","","","","","","","","",""
"2009","lower secondary degree","(2c_gen) general maturity certificate","","","","","","","","","","","","","",""
"2009","lower secondary degree","(2c_voc) vocational maturity certificate","","","","","","","","","","","","","",""
"2009","lower secondary degree","(3a) lower tertiary education","","","","","","","","","","","","","",""
"2009","lower secondary degree","(3b) higher tertiary education","","","","","","","","","","","","","",""
"2009","no degree/no degree yet","(0) in school","227.73","171.54","38","80","102","200","380","2600","93.19","362.27","32","2600","150","299"
"2009","no degree/no degree yet","(1a) inadequately completed","1571.95","1500","59","200","510","2500","3488","4000","1253.49","1890.41","70","6000","1200","2000"
"2009","no degree/no degree yet","(1b) general elementary school","","","","","","","","","","","","","",""
"2009","no degree/no degree yet","(1c) basic vocational qualification","","","","","","","","","","","","","",""
"2009","no degree/no degree yet","(2a) intermediate vocational","","","","","","","","","","","","","",""
"2009","no degree/no degree yet","(2b) intermediate general qualification","","","","","","","","","","","","","",""
"2009","no degree/no degree yet","(2c_gen) general maturity certificate","","","","","","","","","","","","","",""
"2009","no degree/no degree yet","(2c_voc) vocational maturity certificate","","","","","","","","","","","","","",""
"2009","no degree/no degree yet","(3a) lower tertiary education","","","","","","","","","","","","","",""
"2009","no degree/no degree yet","(3b) higher tertiary education","","","","","","","","","","","","","",""
"2009","Other degree","(0) in school","","","","","","","","","","","","","",""
"2009","Other degree","(1a) inadequately completed","","","","","","","","","","","","","",""
"2009","Other degree","(1b) general elementary school","1424.4","1400","95","323","600","2000","2500","4000","1222.39","1626.41","0","4500","900","1500"
"2009","Other degree","(1c) basic vocational qualification","1846.34","2000","131","200","720","2606","3195","5000","1631.31","2061.37","143","10000","1820","2200"
"2009","Other degree","(2a) intermediate vocational","","","","","","","","","","","","","",""
"2009","Other degree","(2b) intermediate general qualification","","","","","","","","","","","","","",""
"2009","Other degree","(2c_gen) general maturity certificate","","","","","","","","","","","","","",""
"2009","Other degree","(2c_voc) vocational maturity certificate","1760.63","1755.3","62","350","680","2400","3200","6300","1460.21","2061.05","0","6300","1342","2200"
"2009","Other degree","(3a) lower tertiary education","","","","","","","","","","","","","",""
"2009","Other degree","(3b) higher tertiary education","2410.64","1500","100","303","400","4400","5300","8000","1870.43","2950.85","100","13800","1500","2500"
"2009","secondary school degree","(0) in school","","","","","","","","","","","","","",""
"2009","secondary school degree","(1a) inadequately completed","","","","","","","","","","","","","",""
"2009","secondary school degree","(1b) general elementary school","","","","","","","","","","","","","",""
"2009","secondary school degree","(1c) basic vocational qualification","","","","","","","","","","","","","",""
"2009","secondary school degree","(2a) intermediate vocational","2224.05","2100","3096","549","1300","2900","3750","7000","2169.43","2278.67","0","24269","1932","2000"
"2009","secondary school degree","(2b) intermediate general qualification","1160.5","831.95","254","310","468","1600","2400","3500","1060.4","1260.6","0","4501","720","983"
"2009","secondary school degree","(2c_gen) general maturity certificate","","","","","","","","","","","","","",""
"2009","secondary school degree","(2c_voc) vocational maturity certificate","","","","","","","","","","","","","",""
"2009","secondary school degree","(3a) lower tertiary education","3180.03","2700","311","1124","1786","3800","5201","18000","2883.77","3476.29","0","29945","2455","2753"
"2009","secondary school degree","(3b) higher tertiary education","2989.5","2742.41","67","700","1800","3800","6000","8496","2568.25","3410.75","160","8496","2400","3200"
"2010","college entrance qualification","(0) in school","","","","","","","","","","","","","",""
"2010","college entrance qualification","(1a) inadequately completed","","","","","","","","","","","","","",""
"2010","college entrance qualification","(1b) general elementary school","","","","","","","","","","","","","",""
"2010","college entrance qualification","(1c) basic vocational qualification","","","","","","","","","","","","","",""
"2010","college entrance qualification","(2a) intermediate vocational","","","","","","","","","","","","","",""
"2010","college entrance qualification","(2b) intermediate general qualification","","","","","","","","","","","","","",""
"2010","college entrance qualification","(2c_gen) general maturity certificate","1166.94","750","385","201","400","1400","2950","5000","947.92","1385.96","0","25000","687","872"
"2010","college entrance qualification","(2c_voc) vocational maturity certificate","2679.28","2348.35","1332","600","1500","3300","4500","8042","2563.07","2795.49","0","38446","2135","2300"
"2010","college entrance qualification","(3a) lower tertiary education","3395.55","3100","923","1060","2009","4200","5600","10900","3236.84","3554.26","0","30000","3000","3205"
"2010","college entrance qualification","(3b) higher tertiary education","4118.02","3500","2103","1200","2400","5000","7000","17500","3971.19","4264.85","0","35000","3600","3881"
"2010","lower secondary degree","(0) in school","","","","","","","","","","","","","",""
"2010","lower secondary degree","(1a) inadequately completed","","","","","","","","","","","","","",""
"2010","lower secondary degree","(1b) general elementary school","1395.64","1200","478","300","500","2000","2600","7000","1299.33","1491.95","0","8000","950","1200"
"2010","lower secondary degree","(1c) basic vocational qualification","2098.67","2100","2510","400","1150","2824","3500","6000","2043.49","2153.85","0","14000","2000","2100"
"2010","lower secondary degree","(2a) intermediate vocational","","","","","","","","","","","","","",""
"2010","lower secondary degree","(2b) intermediate general qualification","","","","","","","","","","","","","",""
"2010","lower secondary degree","(2c_gen) general maturity certificate","","","","","","","","","","","","","",""
"2010","lower secondary degree","(2c_voc) vocational maturity certificate","","","","","","","","","","","","","",""
"2010","lower secondary degree","(3a) lower tertiary education","","","","","","","","","","","","","",""
"2010","lower secondary degree","(3b) higher tertiary education","","","","","","","","","","","","","",""
"2010","no degree/no degree yet","(0) in school","266.44","176.97","46","38","102","400","400","900","204.25","328.63","0","900","102","320"
"2010","no degree/no degree yet","(1a) inadequately completed","1748.34","1500","117","241","400","2377","3960","5817","1508.67","1988.01","0","5817","900","1800"
"2010","no degree/no degree yet","(1b) general elementary school","","","","","","","","","","","","","",""
"2010","no degree/no degree yet","(1c) basic vocational qualification","","","","","","","","","","","","","",""
"2010","no degree/no degree yet","(2a) intermediate vocational","","","","","","","","","","","","","",""
"2010","no degree/no degree yet","(2b) intermediate general qualification","","","","","","","","","","","","","",""
"2010","no degree/no degree yet","(2c_gen) general maturity certificate","","","","","","","","","","","","","",""
"2010","no degree/no degree yet","(2c_voc) vocational maturity certificate","","","","","","","","","","","","","",""
"2010","no degree/no degree yet","(3a) lower tertiary education","","","","","","","","","","","","","",""
"2010","no degree/no degree yet","(3b) higher tertiary education","","","","","","","","","","","","","",""
"2010","Other degree","(0) in school","","","","","","","","","","","","","",""
"2010","Other degree","(1a) inadequately completed","","","","","","","","","","","","","",""
"2010","Other degree","(1b) general elementary school","1394.05","1197.16","183","328","400","2000","2600","3700","1237.05","1551.05","0","8000","1189","1682"
"2010","Other degree","(1c) basic vocational qualification","1809.63","1900.01","222","300","682","2700","2991","5500","1655.15","1964.11","80","9819","1800","2100"
"2010","Other degree","(2a) intermediate vocational","","","","","","","","","","","","","",""
"2010","Other degree","(2b) intermediate general qualification","","","","","","","","","","","","","",""
"2010","Other degree","(2c_gen) general maturity certificate","1322.84","799.85","69","20","379","1845","3000","5500","1060.64","1585.04","0","5500","678","1700"
"2010","Other degree","(2c_voc) vocational maturity certificate","1894.24","2053.63","123","456","1200","2600","2768","4500","1701.58","2086.9","0","5000","1300","1800"
"2010","Other degree","(3a) lower tertiary education","","","","","","","","","","","","","",""
"2010","Other degree","(3b) higher tertiary education","2446.5","1784.31","196","270","600","3500","5423","9000","2072.54","2820.46","0","16000","2000","2700"
"2010","secondary school degree","(0) in school","","","","","","","","","","","","","",""
"2010","secondary school degree","(1a) inadequately completed","","","","","","","","","","","","","",""
"2010","secondary school degree","(1b) general elementary school","","","","","","","","","","","","","",""
"2010","secondary school degree","(1c) basic vocational qualification","","","","","","","","","","","","","",""
"2010","secondary school degree","(2a) intermediate vocational","2238.97","2100","4261","521","1300","2943","3800","7000","2189.39","2288.55","0","23859","1800","1950"
"2010","secondary school degree","(2b) intermediate general qualification","1021.62","761.42","344","267","455","1500","2147","3500","935.58","1107.66","0","4200","650","818"
"2010","secondary school degree","(2c_gen) general maturity certificate","","","","","","","","","","","","","",""
"2010","secondary school degree","(2c_voc) vocational maturity certificate","","","","","","","","","","","","","",""
"2010","secondary school degree","(3a) lower tertiary education","3175.24","2700","335","850","1850","3850","5200","11342","2829.72","3520.76","0","40000","2400","2700"
"2010","secondary school degree","(3b) higher tertiary education","3063.34","3001.22","81","400","2000","3800","6000","7000","2661.96","3464.72","0","9400","2500","3300"
"2011","college entrance qualification","(0) in school","","","","","","","","","","","","","",""
"2011","college entrance qualification","(1a) inadequately completed","","","","","","","","","","","","","",""
"2011","college entrance qualification","(1b) general elementary school","","","","","","","","","","","","","",""
"2011","college entrance qualification","(1c) basic vocational qualification","","","","","","","","","","","","","",""
"2011","college entrance qualification","(2a) intermediate vocational","","","","","","","","","","","","","",""
"2011","college entrance qualification","(2b) intermediate general qualification","","","","","","","","","","","","","",""
"2011","college entrance qualification","(2c_gen) general maturity certificate","1223.57","774.2","427","250","400","1600","2950","5600","1015.56","1431.58","0","25000","780","950"
"2011","college entrance qualification","(2c_voc) vocational maturity certificate","2673.49","2410.24","1627","800","1550","3500","4892","9526","2580.04","2766.94","0","35000","2158","2300"
"2011","college entrance qualification","(3a) lower tertiary education","3498.44","3200","1134","1200","2150","4500","6000","9200","3366.28","3630.6","0","25000","3074","3337"
"2011","college entrance qualification","(3b) higher tertiary education","4208.58","3600","2473","1300","2500","5001","7200","15600","4062.56","4354.6","0","70000","3660","3900"
"2011","lower secondary degree","(0) in school","","","","","","","","","","","","","",""
"2011","lower secondary degree","(1a) inadequately completed","","","","","","","","","","","","","",""
"2011","lower secondary degree","(1b) general elementary school","1358.11","1197.57","584","320","474","2000","2700","4500","1271.05","1445.17","0","10000","934","1200"
"2011","lower secondary degree","(1c) basic vocational qualification","2194.39","2150","2923","400","1200","2900","3700","6600","2141.19","2247.59","0","19000","2000","2123"
"2011","lower secondary degree","(2a) intermediate vocational","","","","","","","","","","","","","",""
"2011","lower secondary degree","(2b) intermediate general qualification","","","","","","","","","","","","","",""
"2011","lower secondary degree","(2c_gen) general maturity certificate","","","","","","","","","","","","","",""
"2011","lower secondary degree","(2c_voc) vocational maturity certificate","","","","","","","","","","","","","",""
"2011","lower secondary degree","(3a) lower tertiary education","","","","","","","","","","","","","",""
"2011","lower secondary degree","(3b) higher tertiary education","","","","","","","","","","","","","",""
"2011","no degree/no degree yet","(0) in school","303.18","259.75","57","80","120","400","560","960","241.67","364.69","17","970","120","288"
"2011","no degree/no degree yet","(1a) inadequately completed","1711.5","1526.4","170","190","587","2300","3150","7112","1512.73","1910.27","0","8000","1000","1600"
"2011","no degree/no degree yet","(1b) general elementary school","","","","","","","","","","","","","",""
"2011","no degree/no degree yet","(1c) basic vocational qualification","","","","","","","","","","","","","",""
"2011","no degree/no degree yet","(2a) intermediate vocational","","","","","","","","","","","","","",""
"2011","no degree/no degree yet","(2b) intermediate general qualification","","","","","","","","","","","","","",""
"2011","no degree/no degree yet","(2c_gen) general maturity certificate","","","","","","","","","","","","","",""
"2011","no degree/no degree yet","(2c_voc) vocational maturity certificate","","","","","","","","","","","","","",""
"2011","no degree/no degree yet","(3a) lower tertiary education","","","","","","","","","","","","","",""
"2011","no degree/no degree yet","(3b) higher tertiary education","","","","","","","","","","","","","",""
"2011","Other degree","(0) in school","","","","","","","","","","","","","",""
"2011","Other degree","(1a) inadequately completed","","","","","","","","","","","","","",""
"2011","Other degree","(1b) general elementary school","1471.99","1300","207","320","500","2200","2800","5000","1321.86","1622.12","0","7000","1280","1650"
"2011","Other degree","(1c) basic vocational qualification","2045.45","2094.49","291","394","950","2712","3350","5500","1895","2195.9","0","15000","1700","2080"
"2011","Other degree","(2a) intermediate vocational","","","","","","","","","","","","","",""
"2011","Other degree","(2b) intermediate general qualification","","","","","","","","","","","","","",""
"2011","Other degree","(2c_gen) general maturity certificate","1465.63","1075.14","89","395","600","2400","2900","3900","1245.78","1685.48","100","4500","980","1738"
"2011","Other degree","(2c_voc) vocational maturity certificate","2116.09","2000","153","400","1300","2640","3500","6160","1939.16","2293.02","0","6160","1500","2000"
"2011","Other degree","(3a) lower tertiary education","","","","","","","","","","","","","",""
"2011","Other degree","(3b) higher tertiary education","2708.92","2100","241","350","730","4300","6200","9000","2391.08","3026.76","0","15000","1820","2500"
"2011","secondary school degree","(0) in school","","","","","","","","","","","","","",""
"2011","secondary school degree","(1a) inadequately completed","","","","","","","","","","","","","",""
"2011","secondary school degree","(1b) general elementary school","","","","","","","","","","","","","",""
"2011","secondary school degree","(1c) basic vocational qualification","","","","","","","","","","","","","",""
"2011","secondary school degree","(2a) intermediate vocational","2233.16","2100","5088","550","1300","2900","3800","6715","2191.41","2274.91","0","20000","1852","1950"
"2011","secondary school degree","(2b) intermediate general qualification","1094.19","800","444","310","510","1544","2300","3500","1012.13","1176.25","0","4500","680","800"
"2011","secondary school degree","(2c_gen) general maturity certificate","","","","","","","","","","","","","",""
"2011","secondary school degree","(2c_voc) vocational maturity certificate","","","","","","","","","","","","","",""
"2011","secondary school degree","(3a) lower tertiary education","3049.81","2659.07","386","845","1850","3837","5000","10000","2801.03","3298.59","0","30000","2400","2790"
"2011","secondary school degree","(3b) higher tertiary education","2973.87","3079.35","110","530","1683","3800","5300","7000","2650.12","3297.62","0","8000","2500","3300"
"2012","college entrance qualification","(0) in school","","","","","","","","","","","","","",""
"2012","college entrance qualification","(1a) inadequately completed","","","","","","","","","","","","","",""
"2012","college entrance qualification","(1b) general elementary school","","","","","","","","","","","","","",""
"2012","college entrance qualification","(1c) basic vocational qualification","","","","","","","","","","","","","",""
"2012","college entrance qualification","(2a) intermediate vocational","","","","","","","","","","","","","",""
"2012","college entrance qualification","(2b) intermediate general qualification","","","","","","","","","","","","","",""
"2012","college entrance qualification","(2c_gen) general maturity certificate","1166.1","650","465","200","350","1700","2800","5850","974.6","1357.6","0","25000","650","800"
"2012","college entrance qualification","(2c_voc) vocational maturity certificate","2663.74","2483.3","1652","800","1600","3400","4790","7700","2578.24","2749.24","0","19000","2200","2344"
"2012","college entrance qualification","(3a) lower tertiary education","3555.54","3265.11","1125","1238","2250","4600","6000","10000","3424.81","3686.27","0","25000","3100","3438"
"2012","college entrance qualification","(3b) higher tertiary education","4266.93","3700","2426","1290","2500","5200","7200","15000","4111.88","4421.98","0","65000","3700","3900"
"2012","lower secondary degree","(0) in school","","","","","","","","","","","","","",""
"2012","lower secondary degree","(1a) inadequately completed","","","","","","","","","","","","","",""
"2012","lower secondary degree","(1b) general elementary school","1365.35","1200","624","287","476","2000","2678","4300","1273.09","1457.61","0","15000","990","1200"
"2012","lower secondary degree","(1c) basic vocational qualification","2201.54","2200","2819","400","1230","2900","3700","6200","2144.5","2258.58","0","22000","2000","2176"
"2012","lower secondary degree","(2a) intermediate vocational","","","","","","","","","","","","","",""
"2012","lower secondary degree","(2b) intermediate general qualification","","","","","","","","","","","","","",""
"2012","lower secondary degree","(2c_gen) general maturity certificate","","","","","","","","","","","","","",""
"2012","lower secondary degree","(2c_voc) vocational maturity certificate","","","","","","","","","","","","","",""
"2012","lower secondary degree","(3a) lower tertiary education","","","","","","","","","","","","","",""
"2012","lower secondary degree","(3b) higher tertiary education","","","","","","","","","","","","","",""
"2012","no degree/no degree yet","(0) in school","270.85","234.91","73","80","160","393","411","1550","219.54","322.16","13","1550","180","270"
"2012","no degree/no degree yet","(1a) inadequately completed","1731.5","1580.01","175","350","500","2300","3924","4500","1559.15","1903.85","0","5000","1000","1550"
"2012","no degree/no degree yet","(1b) general elementary school","","","","","","","","","","","","","",""
"2012","no degree/no degree yet","(1c) basic vocational qualification","","","","","","","","","","","","","",""
"2012","no degree/no degree yet","(2a) intermediate vocational","","","","","","","","","","","","","",""
"2012","no degree/no degree yet","(2b) intermediate general qualification","","","","","","","","","","","","","",""
"2012","no degree/no degree yet","(2c_gen) general maturity certificate","","","","","","","","","","","","","",""
"2012","no degree/no degree yet","(2c_voc) vocational maturity certificate","","","","","","","","","","","","","",""
"2012","no degree/no degree yet","(3a) lower tertiary education","","","","","","","","","","","","","",""
"2012","no degree/no degree yet","(3b) higher tertiary education","","","","","","","","","","","","","",""
"2012","Other degree","(0) in school","","","","","","","","","","","","","",""
"2012","Other degree","(1a) inadequately completed","","","","","","","","","","","","","",""
"2012","Other degree","(1b) general elementary school","1496.59","1381.01","225","360","457","2200","2900","4300","1353.27","1639.91","0","8000","1100","1500"
"2012","Other degree","(1c) basic vocational qualification","2060.8","2000","292","400","1100","2800","3541","5545","1923.31","2198.29","0","9017","1700","2100"
"2012","Other degree","(2a) intermediate vocational","","","","","","","","","","","","","",""
"2012","Other degree","(2b) intermediate general qualification","","","","","","","","","","","","","",""
"2012","Other degree","(2c_gen) general maturity certificate","1492.12","1173.44","94","395","400","2400","2700","11987","1202.79","1781.45","0","11987","900","1680"
"2012","Other degree","(2c_voc) vocational maturity certificate","1856.28","1800","178","400","1100","2600","3300","4300","1692.83","2019.73","0","5105","1500","1900"
"2012","Other degree","(3a) lower tertiary education","","","","","","","","","","","","","",""
"2012","Other degree","(3b) higher tertiary education","2901.18","2200","243","400","1172","4251","6000","9000","2429.91","3372.45","0","48688","1941","2580"
"2012","secondary school degree","(0) in school","","","","","","","","","","","","","",""
"2012","secondary school degree","(1a) inadequately completed","","","","","","","","","","","","","",""
"2012","secondary school degree","(1b) general elementary school","","","","","","","","","","","","","",""
"2012","secondary school degree","(1c) basic vocational qualification","","","","","","","","","","","","","",""
"2012","secondary school degree","(2a) intermediate vocational","2269.47","2100","4997","570","1300","3000","3950","6506","2227.34","2311.6","0","20000","1860","1960"
"2012","secondary school degree","(2b) intermediate general qualification","1256.49","869.48","423","325","520","1800","2600","3800","1138.99","1373.99","0","15000","750","850"
"2012","secondary school degree","(2c_gen) general maturity certificate","","","","","","","","","","","","","",""
"2012","secondary school degree","(2c_voc) vocational maturity certificate","","","","","","","","","","","","","",""
"2012","secondary school degree","(3a) lower tertiary education","3355.92","2941.72","355","1100","2100","4000","5400","10000","3085.67","3626.17","110","35000","2500","2900"
"2012","secondary school degree","(3b) higher tertiary education","3050.93","3312.11","100","560","1200","4000","5400","7965","2702.64","3399.22","160","8000","2300","3460"
"2013","college entrance qualification","(0) in school","","","","","","","","","","","","","",""
"2013","college entrance qualification","(1a) inadequately completed","","","","","","","","","","","","","",""
"2013","college entrance qualification","(1b) general elementary school","","","","","","","","","","","","","",""
"2013","college entrance qualification","(1c) basic vocational qualification","","","","","","","","","","","","","",""
"2013","college entrance qualification","(2a) intermediate vocational","","","","","","","","","","","","","",""
"2013","college entrance qualification","(2b) intermediate general qualification","","","","","","","","","","","","","",""
"2013","college entrance qualification","(2c_gen) general maturity certificate","1233.54","750","594","200","400","1500","2950","6400","1063.23","1403.85","0","25000","714","820"
"2013","college entrance qualification","(2c_voc) vocational maturity certificate","2715.41","2500","1695","800","1618","3500","5000","7500","2627.82","2803","0","20000","2200","2400"
"2013","college entrance qualification","(3a) lower tertiary education","3657.72","3300","1154","1200","2250","4641","6300","10172","3518.55","3796.89","0","24000","3200","3500"
"2013","college entrance qualification","(3b) higher tertiary education","4289.69","3706.95","2497","1300","2500","5300","7500","16000","4142.17","4437.21","0","65000","3635","3860"
"2013","lower secondary degree","(0) in school","","","","","","","","","","","","","",""
"2013","lower secondary degree","(1a) inadequately completed","","","","","","","","","","","","","",""
"2013","lower secondary degree","(1b) general elementary school","1406.16","1198.93","729","250","401","2050","2800","5199","1324.91","1487.41","0","10000","869","1100"
"2013","lower secondary degree","(1c) basic vocational qualification","2199.16","2100","2805","420","1200","3000","3800","6099","2141.18","2257.14","0","30000","2000","2100"
"2013","lower secondary degree","(2a) intermediate vocational","","","","","","","","","","","","","",""
"2013","lower secondary degree","(2b) intermediate general qualification","","","","","","","","","","","","","",""
"2013","lower secondary degree","(2c_gen) general maturity certificate","","","","","","","","","","","","","",""
"2013","lower secondary degree","(2c_voc) vocational maturity certificate","","","","","","","","","","","","","",""
"2013","lower secondary degree","(3a) lower tertiary education","","","","","","","","","","","","","",""
"2013","lower secondary degree","(3b) higher tertiary education","","","","","","","","","","","","","",""
"2013","no degree/no degree yet","(0) in school","288.06","276.37","104","50","120","400","518","971","233.29","342.83","0","2100","200","340"
"2013","no degree/no degree yet","(1a) inadequately completed","1536.95","1200","291","250","420","2200","3112","7000","1409.67","1664.23","0","7000","900","1300"
"2013","no degree/no degree yet","(1b) general elementary school","","","","","","","","","","","","","",""
"2013","no degree/no degree yet","(1c) basic vocational qualification","","","","","","","","","","","","","",""
"2013","no degree/no degree yet","(2a) intermediate vocational","","","","","","","","","","","","","",""
"2013","no degree/no degree yet","(2b) intermediate general qualification","","","","","","","","","","","","","",""
"2013","no degree/no degree yet","(2c_gen) general maturity certificate","","","","","","","","","","","","","",""
"2013","no degree/no degree yet","(2c_voc) vocational maturity certificate","","","","","","","","","","","","","",""
"2013","no degree/no degree yet","(3a) lower tertiary education","","","","","","","","","","","","","",""
"2013","no degree/no degree yet","(3b) higher tertiary education","","","","","","","","","","","","","",""
"2013","Other degree","(0) in school","","","","","","","","","","","","","",""
"2013","Other degree","(1a) inadequately completed","","","","","","","","","","","","","",""
"2013","Other degree","(1b) general elementary school","1452.83","1450","537","380","588","2200","2700","4000","1371.36","1534.3","0","6000","1250","1500"
"2013","Other degree","(1c) basic vocational qualification","2336.81","2000","601","450","1200","2700","3600","15700","2231.91","2441.71","0","16079","1700","2000"
"2013","Other degree","(2a) intermediate vocational","","","","","","","","","","","","","",""
"2013","Other degree","(2b) intermediate general qualification","","","","","","","","","","","","","",""
"2013","Other degree","(2c_gen) general maturity certificate","1604.22","1500","314","400","720","2300","3000","5000","1487.48","1720.96","0","6600","1400","1700"
"2013","Other degree","(2c_voc) vocational maturity certificate","1758.58","1800","463","400","1000","2500","2980","4046","1661.07","1856.09","0","8606","1500","1800"
"2013","Other degree","(3a) lower tertiary education","","","","","","","","","","","","","",""
"2013","Other degree","(3b) higher tertiary education","3064.93","2400","760","400","1200","4493","6550","9500","2880.96","3248.9","0","35000","2000","2300"
"2013","secondary school degree","(0) in school","","","","","","","","","","","","","",""
"2013","secondary school degree","(1a) inadequately completed","","","","","","","","","","","","","",""
"2013","secondary school degree","(1b) general elementary school","","","","","","","","","","","","","",""
"2013","secondary school degree","(1c) basic vocational qualification","","","","","","","","","","","","","",""
"2013","secondary school degree","(2a) intermediate vocational","2301.59","2200","4963","630","1300","3000","4000","7000","2259.26","2343.92","0","30000","1900","2000"
"2013","secondary school degree","(2b) intermediate general qualification","1214.51","822.99","568","318","511","1800","2500","4000","1120.13","1308.89","0","12509","710","800"
"2013","secondary school degree","(2c_gen) general maturity certificate","","","","","","","","","","","","","",""
"2013","secondary school degree","(2c_voc) vocational maturity certificate","","","","","","","","","","","","","",""
"2013","secondary school degree","(3a) lower tertiary education","3343.96","2992.39","347","1084","1900","4100","5500","15000","3062.54","3625.38","0","30000","2600","2970"
"2013","secondary school degree","(3b) higher tertiary education","2783.83","2737.28","97","350","1100","3833","5000","6800","2402.93","3164.73","0","10000","2400","3300"
"2014","college entrance qualification","(0) in school","","","","","","","","","","","","","",""
"2014","college entrance qualification","(1a) inadequately completed","","","","","","","","","","","","","",""
"2014","college entrance qualification","(1b) general elementary school","","","","","","","","","","","","","",""
"2014","college entrance qualification","(1c) basic vocational qualification","","","","","","","","","","","","","",""
"2014","college entrance qualification","(2a) intermediate vocational","","","","","","","","","","","","","",""
"2014","college entrance qualification","(2b) intermediate general qualification","","","","","","","","","","","","","",""
"2014","college entrance qualification","(2c_gen) general maturity certificate","1242.49","731.26","594","235","423","1463","2850","8800","1066.02","1418.96","0","25121","693","810"
"2014","college entrance qualification","(2c_voc) vocational maturity certificate","2696.06","2500","1575","880","1700","3500","4500","7259","2611.06","2781.06","0","15000","2300","2450"
"2014","college entrance qualification","(3a) lower tertiary education","3609.38","3300","1060","1000","2111","4600","6300","11228","3470.63","3748.13","0","20000","3208","3500"
"2014","college entrance qualification","(3b) higher tertiary education","4292.87","3800.83","2244","1200","2500","5200","7500","16000","4134.72","4451.02","0","50000","3800","4000"
"2014","lower secondary degree","(0) in school","","","","","","","","","","","","","",""
"2014","lower secondary degree","(1a) inadequately completed","","","","","","","","","","","","","",""
"2014","lower secondary degree","(1b) general elementary school","1423.6","1195.11","622","298","450","2103","2900","4500","1325.56","1521.64","0","16000","924","1200"
"2014","lower secondary degree","(1c) basic vocational qualification","2249.18","2200","2466","436","1200","3000","3900","6000","2186.31","2312.05","0","30000","2100","2200"
"2014","lower secondary degree","(2a) intermediate vocational","","","","","","","","","","","","","",""
"2014","lower secondary degree","(2b) intermediate general qualification","","","","","","","","","","","","","",""
"2014","lower secondary degree","(2c_gen) general maturity certificate","","","","","","","","","","","","","",""
"2014","lower secondary degree","(2c_voc) vocational maturity certificate","","","","","","","","","","","","","",""
"2014","lower secondary degree","(3a) lower tertiary education","","","","","","","","","","","","","",""
"2014","lower secondary degree","(3b) higher tertiary education","","","","","","","","","","","","","",""
"2014","no degree/no degree yet","(0) in school","346.67","234.21","67","30","35","385","650","2180","253.47","439.87","0","2180","200","300"
"2014","no degree/no degree yet","(1a) inadequately completed","1686.04","1296.29","211","250","400","2400","3500","8000","1482.8","1889.28","0","12000","1000","1600"
"2014","no degree/no degree yet","(1b) general elementary school","","","","","","","","","","","","","",""
"2014","no degree/no degree yet","(1c) basic vocational qualification","","","","","","","","","","","","","",""
"2014","no degree/no degree yet","(2a) intermediate vocational","","","","","","","","","","","","","",""
"2014","no degree/no degree yet","(2b) intermediate general qualification","","","","","","","","","","","","","",""
"2014","no degree/no degree yet","(2c_gen) general maturity certificate","","","","","","","","","","","","","",""
"2014","no degree/no degree yet","(2c_voc) vocational maturity certificate","","","","","","","","","","","","","",""
"2014","no degree/no degree yet","(3a) lower tertiary education","","","","","","","","","","","","","",""
"2014","no degree/no degree yet","(3b) higher tertiary education","","","","","","","","","","","","","",""
"2014","Other degree","(0) in school","","","","","","","","","","","","","",""
"2014","Other degree","(1a) inadequately completed","","","","","","","","","","","","","",""
"2014","Other degree","(1b) general elementary school","1478.63","1274.79","416","391","530","2100","2800","6000","1377.39","1579.87","0","7500","1200","1500"
"2014","Other degree","(1c) basic vocational qualification","2043.33","1900","483","450","1200","2600","3500","5700","1934.04","2152.62","0","16000","1700","2000"
"2014","Other degree","(2a) intermediate vocational","","","","","","","","","","","","","",""
"2014","Other degree","(2b) intermediate general qualification","","","","","","","","","","","","","",""
"2014","Other degree","(2c_gen) general maturity certificate","1868.64","1650","244","450","850","2500","3300","5020","1727.02","2010.26","0","7400","1300","1750"
"2014","Other degree","(2c_voc) vocational maturity certificate","1842.18","1600","353","450","1200","2600","3000","4600","1732.94","1951.42","0","5500","1500","1900"
"2014","Other degree","(3a) lower tertiary education","","","","","","","","","","","","","",""
"2014","Other degree","(3b) higher tertiary education","2871.79","2267.61","609","385","1100","4300","6000","11000","2657.06","3086.52","0","35000","2009","2400"
"2014","secondary school degree","(0) in school","","","","","","","","","","","","","",""
"2014","secondary school degree","(1a) inadequately completed","","","","","","","","","","","","","",""
"2014","secondary school degree","(1b) general elementary school","","","","","","","","","","","","","",""
"2014","secondary school degree","(1c) basic vocational qualification","","","","","","","","","","","","","",""
"2014","secondary school degree","(2a) intermediate vocational","2384.54","2200","4391","700","1350","3066","4000","8000","2337.44","2431.64","0","20000","2000","2100"
"2014","secondary school degree","(2b) intermediate general qualification","1268.55","862.15","484","395","530","1800","2600","5000","1165.1","1372","0","12000","750","900"
"2014","secondary school degree","(2c_gen) general maturity certificate","","","","","","","","","","","","","",""
"2014","secondary school degree","(2c_voc) vocational maturity certificate","","","","","","","","","","","","","",""
"2014","secondary school degree","(3a) lower tertiary education","3574.15","3073.98","309","910","2000","4300","5646","15000","3239.65","3908.65","0","35000","2641","3080"
"2014","secondary school degree","(3b) higher tertiary education","3289.51","3308.81","92","450","2200","4300","5600","7100","2921.08","3657.94","0","7500","2700","3400"
"2015","college entrance qualification","(0) in school","","","","","","","","","","","","","",""
"2015","college entrance qualification","(1a) inadequately completed","","","","","","","","","","","","","",""
"2015","college entrance qualification","(1b) general elementary school","","","","","","","","","","","","","",""
"2015","college entrance qualification","(1c) basic vocational qualification","","","","","","","","","","","","","",""
"2015","college entrance qualification","(2a) intermediate vocational","","","","","","","","","","","","","",""
"2015","college entrance qualification","(2b) intermediate general qualification","","","","","","","","","","","","","",""
"2015","college entrance qualification","(2c_gen) general maturity certificate","1352.72","864.23","573","210","422","1700","2850","9000","1199.74","1505.7","0","15000","800","920"
"2015","college entrance qualification","(2c_voc) vocational maturity certificate","2831.8","2600","1474","750","1800","3600","4980","8000","2738.4","2925.2","0","22000","2305","2500"
"2015","college entrance qualification","(3a) lower tertiary education","3884.57","3400","1007","1000","2250","5000","6700","13000","3727.42","4041.72","0","20000","3400","3700"
"2015","college entrance qualification","(3b) higher tertiary education","4401.08","3900","2181","1288","2500","5500","7500","18000","4235.19","4566.97","0","56500","3800","4000"
"2015","lower secondary degree","(0) in school","","","","","","","","","","","","","",""
"2015","lower secondary degree","(1a) inadequately completed","","","","","","","","","","","","","",""
"2015","lower secondary degree","(1b) general elementary school","1487.15","1200","555","300","500","2100","2900","5000","1367.71","1606.59","0","15000","1000","1300"
"2015","lower secondary degree","(1c) basic vocational qualification","2283.16","2300","2228","430","1200","3200","4000","6023","2219.34","2346.98","0","19700","2109","2300"
"2015","lower secondary degree","(2a) intermediate vocational","","","","","","","","","","","","","",""
"2015","lower secondary degree","(2b) intermediate general qualification","","","","","","","","","","","","","",""
"2015","lower secondary degree","(2c_gen) general maturity certificate","","","","","","","","","","","","","",""
"2015","lower secondary degree","(2c_voc) vocational maturity certificate","","","","","","","","","","","","","",""
"2015","lower secondary degree","(3a) lower tertiary education","","","","","","","","","","","","","",""
"2015","lower secondary degree","(3b) higher tertiary education","","","","","","","","","","","","","",""
"2015","no degree/no degree yet","(0) in school","420.75","293.59","62","90","120","400","1395","2400","302.55","538.95","0","2400","135","330"
"2015","no degree/no degree yet","(1a) inadequately completed","1575.29","1300","244","200","450","2400","3300","5700","1429.84","1720.74","0","6501","1200","1500"
"2015","no degree/no degree yet","(1b) general elementary school","","","","","","","","","","","","","",""
"2015","no degree/no degree yet","(1c) basic vocational qualification","","","","","","","","","","","","","",""
"2015","no degree/no degree yet","(2a) intermediate vocational","","","","","","","","","","","","","",""
"2015","no degree/no degree yet","(2b) intermediate general qualification","","","","","","","","","","","","","",""
"2015","no degree/no degree yet","(2c_gen) general maturity certificate","","","","","","","","","","","","","",""
"2015","no degree/no degree yet","(2c_voc) vocational maturity certificate","","","","","","","","","","","","","",""
"2015","no degree/no degree yet","(3a) lower tertiary education","","","","","","","","","","","","","",""
"2015","no degree/no degree yet","(3b) higher tertiary education","","","","","","","","","","","","","",""
"2015","Other degree","(0) in school","","","","","","","","","","","","","",""
"2015","Other degree","(1a) inadequately completed","","","","","","","","","","","","","",""
"2015","Other degree","(1b) general elementary school","1491.08","1369.29","428","335","700","2130","2800","4500","1395.18","1586.98","0","6000","1300","1500"
"2015","Other degree","(1c) basic vocational qualification","1860.48","1850","529","400","900","2600","3200","5000","1774.26","1946.7","0","6500","1750","1950"
"2015","Other degree","(2a) intermediate vocational","","","","","","","","","","","","","",""
"2015","Other degree","(2b) intermediate general qualification","","","","","","","","","","","","","",""
"2015","Other degree","(2c_gen) general maturity certificate","1868.99","1600","322","450","950","2476","3200","8976","1714.27","2023.71","0","10000","1500","1750"
"2015","Other degree","(2c_voc) vocational maturity certificate","1870.9","1885.61","498","450","1100","2600","3100","4600","1777.85","1963.95","0","8000","1600","1890"
"2015","Other degree","(3a) lower tertiary education","","","","","","","","","","","","","",""
"2015","Other degree","(3b) higher tertiary education","3086.45","2500","875","450","1300","4250","6000","10500","2903.99","3268.91","0","40000","2289","2500"
"2015","secondary school degree","(0) in school","","","","","","","","","","","","","",""
"2015","secondary school degree","(1a) inadequately completed","","","","","","","","","","","","","",""
"2015","secondary school degree","(1b) general elementary school","","","","","","","","","","","","","",""
"2015","secondary school degree","(1c) basic vocational qualification","","","","","","","","","","","","","",""
"2015","secondary school degree","(2a) intermediate vocational","2443.43","2200","4157","700","1400","3100","4174","8000","2392.94","2493.92","0","30000","2000","2100"
"2015","secondary school degree","(2b) intermediate general qualification","1315.85","1000","456","390","578","2000","2600","4600","1214.57","1417.13","0","10000","850","954"
"2015","secondary school degree","(2c_gen) general maturity certificate","","","","","","","","","","","","","",""
"2015","secondary school degree","(2c_voc) vocational maturity certificate","","","","","","","","","","","","","",""
"2015","secondary school degree","(3a) lower tertiary education","3379.89","3090.91","284","964","2200","4100","5500","11900","3093.74","3666.04","0","20000","2650","3100"
"2015","secondary school degree","(3b) higher tertiary education","3141.15","3200","95","800","2000","3794","5500","7100","2794.03","3488.27","0","7400","2200","3200"
"2016","college entrance qualification","(0) in school","","","","","","","","","","","","","",""
"2016","college entrance qualification","(1a) inadequately completed","","","","","","","","","","","","","",""
"2016","college entrance qualification","(1b) general elementary school","","","","","","","","","","","","","",""
"2016","college entrance qualification","(1c) basic vocational qualification","","","","","","","","","","","","","",""
"2016","college entrance qualification","(2a) intermediate vocational","","","","","","","","","","","","","",""
"2016","college entrance qualification","(2b) intermediate general qualification","","","","","","","","","","","","","",""
"2016","college entrance qualification","(2c_gen) general maturity certificate","1454.23","850","547","270","440","1800","3100","9000","1241.4","1667.06","0","43000","800","913"
"2016","college entrance qualification","(2c_voc) vocational maturity certificate","2819.21","2660.34","1440","900","1800","3500","4800","9000","2731.53","2906.89","0","14700","2400","2539"
"2016","college entrance qualification","(3a) lower tertiary education","3837.78","3450","941","1071","2200","4925","6500","12500","3683.21","3992.35","0","20000","3300","3700"
"2016","college entrance qualification","(3b) higher tertiary education","4522.33","3900","2038","1373","2500","5420","7700","20000","4347.03","4697.63","0","57000","3875","4077"
"2016","lower secondary degree","(0) in school","","","","","","","","","","","","","",""
"2016","lower secondary degree","(1a) inadequately completed","","","","","","","","","","","","","",""
"2016","lower secondary degree","(1b) general elementary school","1459.37","1192.59","571","290","450","2300","3000","4800","1357.21","1561.53","0","13000","900","1122"
"2016","lower secondary degree","(1c) basic vocational qualification","2347.32","2300","2056","450","1235","3200","4000","6700","2278.62","2416.02","0","20000","2131","2300"
"2016","lower secondary degree","(2a) intermediate vocational","","","","","","","","","","","","","",""
"2016","lower secondary degree","(2b) intermediate general qualification","","","","","","","","","","","","","",""
"2016","lower secondary degree","(2c_gen) general maturity certificate","","","","","","","","","","","","","",""
"2016","lower secondary degree","(2c_voc) vocational maturity certificate","","","","","","","","","","","","","",""
"2016","lower secondary degree","(3a) lower tertiary education","","","","","","","","","","","","","",""
"2016","lower secondary degree","(3b) higher tertiary education","","","","","","","","","","","","","",""
"2016","no degree/no degree yet","(0) in school","240.51","200","131","30","85","350","450","1500","201.28","279.74","0","1500","120","249"
"2016","no degree/no degree yet","(1a) inadequately completed","1711.42","1474.49","353","137","448","2800","3800","5744","1598.56","1824.28","0","6000","720","1200"
"2016","no degree/no degree yet","(1b) general elementary school","","","","","","","","","","","","","",""
"2016","no degree/no degree yet","(1c) basic vocational qualification","","","","","","","","","","","","","",""
"2016","no degree/no degree yet","(2a) intermediate vocational","","","","","","","","","","","","","",""
"2016","no degree/no degree yet","(2b) intermediate general qualification","","","","","","","","","","","","","",""
"2016","no degree/no degree yet","(2c_gen) general maturity certificate","","","","","","","","","","","","","",""
"2016","no degree/no degree yet","(2c_voc) vocational maturity certificate","","","","","","","","","","","","","",""
"2016","no degree/no degree yet","(3a) lower tertiary education","","","","","","","","","","","","","",""
"2016","no degree/no degree yet","(3b) higher tertiary education","","","","","","","","","","","","","",""
"2016","Other degree","(0) in school","","","","","","","","","","","","","",""
"2016","Other degree","(1a) inadequately completed","","","","","","","","","","","","","",""
"2016","Other degree","(1b) general elementary school","1525.08","1300","383","380","450","2200","3000","4700","1414.58","1635.58","0","7000","1000","1450"
"2016","Other degree","(1c) basic vocational qualification","1936.09","2000","505","420","800","2650","3500","4800","1840.69","2031.49","0","6800","1700","2000"
"2016","Other degree","(2a) intermediate vocational","","","","","","","","","","","","","",""
"2016","Other degree","(2b) intermediate general qualification","","","","","","","","","","","","","",""
"2016","Other degree","(2c_gen) general maturity certificate","1869.13","1600","293","450","840","2400","3300","11000","1686.8","2051.46","0","18000","995","1500"
"2016","Other degree","(2c_voc) vocational maturity certificate","1819.52","1800","466","450","1075","2500","3000","4700","1719.06","1919.98","0","8500","1700","1900"
"2016","Other degree","(3a) lower tertiary education","","","","","","","","","","","","","",""
"2016","Other degree","(3b) higher tertiary education","3043.26","2500","805","435","1100","4050","6600","12000","2866.32","3220.2","0","35000","2100","2400"
"2016","secondary school degree","(0) in school","","","","","","","","","","","","","",""
"2016","secondary school degree","(1a) inadequately completed","","","","","","","","","","","","","",""
"2016","secondary school degree","(1b) general elementary school","","","","","","","","","","","","","",""
"2016","secondary school degree","(1c) basic vocational qualification","","","","","","","","","","","","","",""
"2016","secondary school degree","(2a) intermediate vocational","2516.83","2300","3813","750","1500","3200","4300","8000","2464.17","2569.49","0","25202","2080","2200"
"2016","secondary school degree","(2b) intermediate general qualification","1368.03","980","457","400","640","2000","2800","4300","1264.24","1471.82","0","12000","850","963"
"2016","secondary school degree","(2c_gen) general maturity certificate","","","","","","","","","","","","","",""
"2016","secondary school degree","(2c_voc) vocational maturity certificate","","","","","","","","","","","","","",""
"2016","secondary school degree","(3a) lower tertiary education","3307.78","2996.83","261","750","1998","4100","5480","14000","2981.84","3633.72","0","22500","2700","3200"
"2016","secondary school degree","(3b) higher tertiary education","3117.56","3259.53","87","800","1778","3946","5100","7200","2729.49","3505.63","0","10000","2114","3100"
"2017","college entrance qualification","(0) in school","","","","","","","","","","","","","",""
"2017","college entrance qualification","(1a) inadequately completed","","","","","","","","","","","","","",""
"2017","college entrance qualification","(1b) general elementary school","","","","","","","","","","","","","",""
"2017","college entrance qualification","(1c) basic vocational qualification","","","","","","","","","","","","","",""
"2017","college entrance qualification","(2a) intermediate vocational","","","","","","","","","","","","","",""
"2017","college entrance qualification","(2b) intermediate general qualification","","","","","","","","","","","","","",""
"2017","college entrance qualification","(2c_gen) general maturity certificate","1431.56","900","702","280","446","1869","3200","9400","1297.19","1565.93","0","17000","850","975"
"2017","college entrance qualification","(2c_voc) vocational maturity certificate","2885.72","2696.07","1684","900","1800","3600","4999","8500","2800.06","2971.38","0","15000","2486","2600"
"2017","college entrance qualification","(3a) lower tertiary education","3966.72","3600","1080","913","2400","5000","7000","15000","3821.25","4112.19","0","20000","3500","3800"
"2017","college entrance qualification","(3b) higher tertiary education","4406.59","4000","2415","1300","2500","5500","7500","17500","4258.76","4554.42","0","61000","3900","4100"
"2017","lower secondary degree","(0) in school","","","","","","","","","","","","","",""
"2017","lower secondary degree","(1a) inadequately completed","","","","","","","","","","","","","",""
"2017","lower secondary degree","(1b) general elementary school","1476.32","1200","657","320","465","2200","3000","4800","1390.11","1562.53","0","9000","950","1198"
"2017","lower secondary degree","(1c) basic vocational qualification","2381.85","2307.81","2223","450","1234","3300","4200","7000","2315","2448.7","0","19167","2163","2300"
"2017","lower secondary degree","(2a) intermediate vocational","","","","","","","","","","","","","",""
"2017","lower secondary degree","(2b) intermediate general qualification","","","","","","","","","","","","","",""
"2017","lower secondary degree","(2c_gen) general maturity certificate","","","","","","","","","","","","","",""
"2017","lower secondary degree","(2c_voc) vocational maturity certificate","","","","","","","","","","","","","",""
"2017","lower secondary degree","(3a) lower tertiary education","","","","","","","","","","","","","",""
"2017","lower secondary degree","(3b) higher tertiary education","","","","","","","","","","","","","",""
"2017","no degree/no degree yet","(0) in school","214.8","150","148","30","50","250","450","1101","171.33","258.27","0","1800","120","193"
"2017","no degree/no degree yet","(1a) inadequately completed","1722.13","1597.98","481","220","500","2500","3500","6500","1629.55","1814.71","0","6501","940","1200"
"2017","no degree/no degree yet","(1b) general elementary school","","","","","","","","","","","","","",""
"2017","no degree/no degree yet","(1c) basic vocational qualification","","","","","","","","","","","","","",""
"2017","no degree/no degree yet","(2a) intermediate vocational","","","","","","","","","","","","","",""
"2017","no degree/no degree yet","(2b) intermediate general qualification","","","","","","","","","","","","","",""
"2017","no degree/no degree yet","(2c_gen) general maturity certificate","","","","","","","","","","","","","",""
"2017","no degree/no degree yet","(2c_voc) vocational maturity certificate","","","","","","","","","","","","","",""
"2017","no degree/no degree yet","(3a) lower tertiary education","","","","","","","","","","","","","",""
"2017","no degree/no degree yet","(3b) higher tertiary education","","","","","","","","","","","","","",""
"2017","Other degree","(0) in school","","","","","","","","","","","","","",""
"2017","Other degree","(1a) inadequately completed","","","","","","","","","","","","","",""
"2017","Other degree","(1b) general elementary school","1531.55","1488.46","479","250","550","2300","3000","4700","1441.02","1622.08","0","6000","1200","1500"
"2017","Other degree","(1c) basic vocational qualification","1999.8","2100","466","450","900","2800","3400","6000","1897.9","2101.7","0","7200","1800","2000"
"2017","Other degree","(2a) intermediate vocational","","","","","","","","","","","","","",""
"2017","Other degree","(2b) intermediate general qualification","","","","","","","","","","","","","",""
"2017","Other degree","(2c_gen) general maturity certificate","1898.59","1594.91","351","406","1000","2500","3200","15000","1746.51","2050.67","0","15000","1133","1500"
"2017","Other degree","(2c_voc) vocational maturity certificate","1925","1943.3","415","450","1000","2600","3300","5000","1812.45","2037.55","0","8000","1696","1950"
"2017","Other degree","(3a) lower tertiary education","","","","","","","","","","","","","",""
"2017","Other degree","(3b) higher tertiary education","3211.31","2600","869","450","1300","4500","7000","11250","3024.68","3397.94","0","40000","2000","2300"
"2017","secondary school degree","(0) in school","","","","","","","","","","","","","",""
"2017","secondary school degree","(1a) inadequately completed","","","","","","","","","","","","","",""
"2017","secondary school degree","(1b) general elementary school","","","","","","","","","","","","","",""
"2017","secondary school degree","(1c) basic vocational qualification","","","","","","","","","","","","","",""
"2017","secondary school degree","(2a) intermediate vocational","2552.46","2400","4476","830","1500","3262","4490","8000","2505.77","2599.15","0","35000","2200","2300"
"2017","secondary school degree","(2b) intermediate general qualification","1434.4","1000","499","170","560","2200","3000","4800","1319.74","1549.06","0","13000","895","1043"
"2017","secondary school degree","(2c_gen) general maturity certificate","","","","","","","","","","","","","",""
"2017","secondary school degree","(2c_voc) vocational maturity certificate","","","","","","","","","","","","","",""
"2017","secondary school degree","(3a) lower tertiary education","3720.68","3200","288","1130","2300","4400","5800","14000","3386.19","4055.17","140","32746","2800","3300"
"2017","secondary school degree","(3b) higher tertiary education","3190.99","3001.16","89","1100","2200","3800","5500","7500","2759.72","3622.26","0","12000","2446","3300"
"2018","college entrance qualification","(0) in school","","","","","","","","","","","","","",""
"2018","college entrance qualification","(1a) inadequately completed","","","","","","","","","","","","","",""
"2018","college entrance qualification","(1b) general elementary school","","","","","","","","","","","","","",""
"2018","college entrance qualification","(1c) basic vocational qualification","","","","","","","","","","","","","",""
"2018","college entrance qualification","(2a) intermediate vocational","","","","","","","","","","","","","",""
"2018","college entrance qualification","(2b) intermediate general qualification","","","","","","","","","","","","","",""
"2018","college entrance qualification","(2c_gen) general maturity certificate","1551.53","910","699","232","440","1850","3200","10600","1383.65","1719.41","0","39151","830","968"
"2018","college entrance qualification","(2c_voc) vocational maturity certificate","2941.75","2800","1622","812","1800","3780","5000","9700","2848.78","3034.72","0","21000","2500","2675"
"2018","college entrance qualification","(3a) lower tertiary education","4074.78","3700","1036","1200","2500","5300","7000","12137","3931.38","4218.18","0","20000","3550","3900"
"2018","college entrance qualification","(3b) higher tertiary education","4529.86","4057.78","2290","1300","2600","5700","7800","15000","4361.66","4698.06","0","70000","3995","4200"
"2018","lower secondary degree","(0) in school","","","","","","","","","","","","","",""
"2018","lower secondary degree","(1a) inadequately completed","","","","","","","","","","","","","",""
"2018","lower secondary degree","(1b) general elementary school","1521.5","1300","632","250","450","2200","3200","5000","1426.34","1616.66","0","8900","1019","1300"
"2018","lower secondary degree","(1c) basic vocational qualification","2406.28","2400","2003","450","1300","3300","4200","6800","2339.86","2472.7","0","12000","2200","2400"
"2018","lower secondary degree","(2a) intermediate vocational","","","","","","","","","","","","","",""
"2018","lower secondary degree","(2b) intermediate general qualification","","","","","","","","","","","","","",""
"2018","lower secondary degree","(2c_gen) general maturity certificate","","","","","","","","","","","","","",""
"2018","lower secondary degree","(2c_voc) vocational maturity certificate","","","","","","","","","","","","","",""
"2018","lower secondary degree","(3a) lower tertiary education","","","","","","","","","","","","","",""
"2018","lower secondary degree","(3b) higher tertiary education","","","","","","","","","","","","","",""
"2018","no degree/no degree yet","(0) in school","243.02","204.67","129","40","90","321","450","1200","204.65","281.39","0","1300","120","200"
"2018","no degree/no degree yet","(1a) inadequately completed","1597.06","1416.89","536","250","510","2300","3200","6000","1510.69","1683.43","0","8002","1200","1482"
"2018","no degree/no degree yet","(1b) general elementary school","","","","","","","","","","","","","",""
"2018","no degree/no degree yet","(1c) basic vocational qualification","","","","","","","","","","","","","",""
"2018","no degree/no degree yet","(2a) intermediate vocational","","","","","","","","","","","","","",""
"2018","no degree/no degree yet","(2b) intermediate general qualification","","","","","","","","","","","","","",""
"2018","no degree/no degree yet","(2c_gen) general maturity certificate","","","","","","","","","","","","","",""
"2018","no degree/no degree yet","(2c_voc) vocational maturity certificate","","","","","","","","","","","","","",""
"2018","no degree/no degree yet","(3a) lower tertiary education","","","","","","","","","","","","","",""
"2018","no degree/no degree yet","(3b) higher tertiary education","","","","","","","","","","","","","",""
"2018","Other degree","(0) in school","","","","","","","","","","","","","",""
"2018","Other degree","(1a) inadequately completed","","","","","","","","","","","","","",""
"2018","Other degree","(1b) general elementary school","1493.84","1484.15","524","300","570","2100","2900","4500","1384.01","1603.67","0","20000","1200","1500"
"2018","Other degree","(1c) basic vocational qualification","2140.18","2200","448","448","1037","3000","3850","5910","2030.87","2249.49","0","6190","1800","2000"
"2018","Other degree","(2a) intermediate vocational","","","","","","","","","","","","","",""
"2018","Other degree","(2b) intermediate general qualification","","","","","","","","","","","","","",""
"2018","Other degree","(2c_gen) general maturity certificate","2278.74","1706.95","387","400","1000","2800","5000","13000","2139.83","2417.65","0","13000","1152","1500"
"2018","Other degree","(2c_voc) vocational maturity certificate","2036.37","2100","378","425","1050","2800","3500","5100","1916.96","2155.78","0","5800","1800","2000"
"2018","Other degree","(3a) lower tertiary education","","","","","","","","","","","","","",""
"2018","Other degree","(3b) higher tertiary education","3323.95","2600","887","600","1500","4700","7000","11500","3154.35","3493.55","0","30000","2000","2200"
"2018","secondary school degree","(0) in school","","","","","","","","","","","","","",""
"2018","secondary school degree","(1a) inadequately completed","","","","","","","","","","","","","",""
"2018","secondary school degree","(1b) general elementary school","","","","","","","","","","","","","",""
"2018","secondary school degree","(1c) basic vocational qualification","","","","","","","","","","","","","",""
"2018","secondary school degree","(2a) intermediate vocational","2631.21","2445.93","4178","820","1600","3400","4500","8000","2581.57","2680.85","0","27000","2292","2354"
"2018","secondary school degree","(2b) intermediate general qualification","1520.39","1200","519","400","750","2100","3000","5000","1414.85","1625.93","0","13000","920","1100"
"2018","secondary school degree","(2c_gen) general maturity certificate","","","","","","","","","","","","","",""
"2018","secondary school degree","(2c_voc) vocational maturity certificate","","","","","","","","","","","","","",""
"2018","secondary school degree","(3a) lower tertiary education","3777.52","3383.34","280","1339","2400","4500","6000","15000","3433.8","4121.24","0","25000","3000","3500"
"2018","secondary school degree","(3b) higher tertiary education","3217.87","3200","92","900","2300","4145","5094","8100","2750.11","3685.63","0","12000","2385","3300"
"2019","college entrance qualification","(0) in school","","","","","","","","","","","","","",""
"2019","college entrance qualification","(1a) inadequately completed","","","","","","","","","","","","","",""
"2019","college entrance qualification","(1b) general elementary school","","","","","","","","","","","","","",""
"2019","college entrance qualification","(1c) basic vocational qualification","","","","","","","","","","","","","",""
"2019","college entrance qualification","(2a) intermediate vocational","","","","","","","","","","","","","",""
"2019","college entrance qualification","(2b) intermediate general qualification","","","","","","","","","","","","","",""
"2019","college entrance qualification","(2c_gen) general maturity certificate","1615.93","1000","790","250","450","2025","3625","10000","1358.59","1873.27","0","65000","1000","1100"
"2019","college entrance qualification","(2c_voc) vocational maturity certificate","3069.14","2800","1817","860","1800","3800","5000","11000","2892.8","3245.48","0","90000","2739","2900"
"2019","college entrance qualification","(3a) lower tertiary education","4521.35","3800","1200","1300","2700","5400","7500","15000","4320.48","4722.22","0","50000","4000","4291"
"2019","college entrance qualification","(3b) higher tertiary education","4611.25","4200","2739","1440","2800","5834","8000","15000","4372.37","4850.13","0","165000","4378","4600"
"2019","lower secondary degree","(0) in school","","","","","","","","","","","","","",""
"2019","lower secondary degree","(1a) inadequately completed","","","","","","","","","","","","","",""
"2019","lower secondary degree","(1b) general elementary school","1722.24","1488.57","561","351","610","2400","3500","5600","1591.64","1852.84","0","21000","1084","1400"
"2019","lower secondary degree","(1c) basic vocational qualification","2530.06","2500","1926","450","1450","3498","4300","7198","2432.34","2627.78","0","35000","2340","2500"
"2019","lower secondary degree","(2a) intermediate vocational","","","","","","","","","","","","","",""
"2019","lower secondary degree","(2b) intermediate general qualification","","","","","","","","","","","","","",""
"2019","lower secondary degree","(2c_gen) general maturity certificate","","","","","","","","","","","","","",""
"2019","lower secondary degree","(2c_voc) vocational maturity certificate","","","","","","","","","","","","","",""
"2019","lower secondary degree","(3a) lower tertiary education","","","","","","","","","","","","","",""
"2019","lower secondary degree","(3b) higher tertiary education","","","","","","","","","","","","","",""
"2019","no degree/no degree yet","(0) in school","336.71","272.32","124","60","110","450","893","2339","248.27","425.15","0","3400","160","270"
"2019","no degree/no degree yet","(1a) inadequately completed","1666.21","1300","598","300","550","2150","3420","10002","1552.38","1780.04","0","20000","1395","1600"
"2019","no degree/no degree yet","(1b) general elementary school","","","","","","","","","","","","","",""
"2019","no degree/no degree yet","(1c) basic vocational qualification","","","","","","","","","","","","","",""
"2019","no degree/no degree yet","(2a) intermediate vocational","","","","","","","","","","","","","",""
"2019","no degree/no degree yet","(2b) intermediate general qualification","","","","","","","","","","","","","",""
"2019","no degree/no degree yet","(2c_gen) general maturity certificate","","","","","","","","","","","","","",""
"2019","no degree/no degree yet","(2c_voc) vocational maturity certificate","","","","","","","","","","","","","",""
"2019","no degree/no degree yet","(3a) lower tertiary education","","","","","","","","","","","","","",""
"2019","no degree/no degree yet","(3b) higher tertiary education","","","","","","","","","","","","","",""
"2019","Other degree","(0) in school","","","","","","","","","","","","","",""
"2019","Other degree","(1a) inadequately completed","","","","","","","","","","","","","",""
"2019","Other degree","(1b) general elementary school","1646.37","1500","484","259","780","2300","3000","6467","1534.26","1758.48","0","15000","1300","1600"
"2019","Other degree","(1c) basic vocational qualification","2308.11","2203.48","375","450","1100","3100","4500","6400","2171.42","2444.8","0","12000","1999","2200"
"2019","Other degree","(2a) intermediate vocational","","","","","","","","","","","","","",""
"2019","Other degree","(2b) intermediate general qualification","","","","","","","","","","","","","",""
"2019","Other degree","(2c_gen) general maturity certificate","2518.9","1895.39","322","450","1100","3000","5000","15000","2341.74","2696.06","0","15000","1413","1700"
"2019","Other degree","(2c_voc) vocational maturity certificate","2174.41","2200","335","450","1240","2800","3300","5980","1924.98","2423.84","100","23000","1960","2200"
"2019","Other degree","(3a) lower tertiary education","","","","","","","","","","","","","",""
"2019","Other degree","(3b) higher tertiary education","3476.64","2904","876","770","1800","4700","6500","13000","3189.54","3763.74","0","1e+05","2200","2460"
"2019","secondary school degree","(0) in school","","","","","","","","","","","","","",""
"2019","secondary school degree","(1a) inadequately completed","","","","","","","","","","","","","",""
"2019","secondary school degree","(1b) general elementary school","","","","","","","","","","","","","",""
"2019","secondary school degree","(1c) basic vocational qualification","","","","","","","","","","","","","",""
"2019","secondary school degree","(2a) intermediate vocational","2978.81","2500","4296","850","1700","3500","4500","8000","1723.38","4234.24","0","2700000","2500","2600"
"2019","secondary school degree","(2b) intermediate general qualification","1648.45","1274.23","545","447","750","2400","3000","6300","1486.44","1810.46","0","20000","1000","1158"
"2019","secondary school degree","(2c_gen) general maturity certificate","","","","","","","","","","","","","",""
"2019","secondary school degree","(2c_voc) vocational maturity certificate","","","","","","","","","","","","","",""
"2019","secondary school degree","(3a) lower tertiary education","3933","3410.27","331","1750","2550","5000","6000","13000","3615.02","4250.98","0","21500","3200","3800"
"2019","secondary school degree","(3b) higher tertiary education","3758.73","3700","120","1050","2600","4500","5600","10000","3107.74","4409.72","0","25000","3000","4300"
