"year","education","pgcasmin","mean","median","n","ptile10","ptile25","ptile75","ptile90","ptile99","lowerci_mean","upperci_mean","min","max","lowerci_median","upperci_median"
"1990","college entrance qualification","(0) in school","","","","","","","","","","","","","",""
"1990","college entrance qualification","(1a) inadequately completed","","","","","","","","","","","","","",""
"1990","college entrance qualification","(1b) general elementary school","","","","","","","","","","","","","",""
"1990","college entrance qualification","(1c) basic vocational qualification","","","","","","","","","","","","","",""
"1990","college entrance qualification","(2a) intermediate vocational","","","","","","","","","","","","","",""
"1990","college entrance qualification","(2b) intermediate general qualification","","","","","","","","","","","","","",""
"1990","college entrance qualification","(2c_gen) general maturity certificate","2.77","3","250","2","2","3","4","4","2.66","2.88","1","4","3","3"
"1990","college entrance qualification","(2c_voc) vocational maturity certificate","2.59","3","316","1","2","3","4","4","2.49","2.69","1","4","2","3"
"1990","college entrance qualification","(3a) lower tertiary education","2.41","2","174","1","2","3","4","4","2.27","2.55","1","4","2","3"
"1990","college entrance qualification","(3b) higher tertiary education","2.36","2","406","1","2","3","4","4","2.27","2.45","1","4","2","2"
"1990","lower secondary degree","(0) in school","","","","","","","","","","","","","",""
"1990","lower secondary degree","(1a) inadequately completed","","","","","","","","","","","","","",""
"1990","lower secondary degree","(1b) general elementary school","2.46","2","1324","1","2","3","4","4","2.4","2.52","1","4","2","2"
"1990","lower secondary degree","(1c) basic vocational qualification","2.4","2","2732","1","2","3","4","4","2.36","2.44","1","4","2","2"
"1990","lower secondary degree","(2a) intermediate vocational","","","","","","","","","","","","","",""
"1990","lower secondary degree","(2b) intermediate general qualification","","","","","","","","","","","","","",""
"1990","lower secondary degree","(2c_gen) general maturity certificate","","","","","","","","","","","","","",""
"1990","lower secondary degree","(2c_voc) vocational maturity certificate","","","","","","","","","","","","","",""
"1990","lower secondary degree","(3a) lower tertiary education","","","","","","","","","","","","","",""
"1990","lower secondary degree","(3b) higher tertiary education","","","","","","","","","","","","","",""
"1990","no degree/no degree yet","(0) in school","2.58","3","110","1","2","3","3","4","2.42","2.74","1","4","3","3"
"1990","no degree/no degree yet","(1a) inadequately completed","2.68","3","63","1","2","4","4","4","2.42","2.94","1","4","2","3"
"1990","no degree/no degree yet","(1b) general elementary school","","","","","","","","","","","","","",""
"1990","no degree/no degree yet","(1c) basic vocational qualification","","","","","","","","","","","","","",""
"1990","no degree/no degree yet","(2a) intermediate vocational","","","","","","","","","","","","","",""
"1990","no degree/no degree yet","(2b) intermediate general qualification","","","","","","","","","","","","","",""
"1990","no degree/no degree yet","(2c_gen) general maturity certificate","","","","","","","","","","","","","",""
"1990","no degree/no degree yet","(2c_voc) vocational maturity certificate","","","","","","","","","","","","","",""
"1990","no degree/no degree yet","(3a) lower tertiary education","","","","","","","","","","","","","",""
"1990","no degree/no degree yet","(3b) higher tertiary education","","","","","","","","","","","","","",""
"1990","Other degree","(0) in school","","","","","","","","","","","","","",""
"1990","Other degree","(1a) inadequately completed","","","","","","","","","","","","","",""
"1990","Other degree","(1b) general elementary school","","","","","","","","","","","","","",""
"1990","Other degree","(1c) basic vocational qualification","","","","","","","","","","","","","",""
"1990","Other degree","(2a) intermediate vocational","","","","","","","","","","","","","",""
"1990","Other degree","(2b) intermediate general qualification","","","","","","","","","","","","","",""
"1990","Other degree","(2c_gen) general maturity certificate","","","","","","","","","","","","","",""
"1990","Other degree","(2c_voc) vocational maturity certificate","","","","","","","","","","","","","",""
"1990","Other degree","(3a) lower tertiary education","","","","","","","","","","","","","",""
"1990","Other degree","(3b) higher tertiary education","","","","","","","","","","","","","",""
"1990","secondary school degree","(0) in school","","","","","","","","","","","","","",""
"1990","secondary school degree","(1a) inadequately completed","","","","","","","","","","","","","",""
"1990","secondary school degree","(1b) general elementary school","","","","","","","","","","","","","",""
"1990","secondary school degree","(1c) basic vocational qualification","","","","","","","","","","","","","",""
"1990","secondary school degree","(2a) intermediate vocational","2.52","3","1223","1","2","3","4","4","2.47","2.57","1","4","2","3"
"1990","secondary school degree","(2b) intermediate general qualification","2.7","3","299","1","2","3","4","4","2.59","2.81","1","4","3","3"
"1990","secondary school degree","(2c_gen) general maturity certificate","","","","","","","","","","","","","",""
"1990","secondary school degree","(2c_voc) vocational maturity certificate","","","","","","","","","","","","","",""
"1990","secondary school degree","(3a) lower tertiary education","2.07","2","44","1","1","3","3","4","1.8","2.34","1","4","1","2"
"1990","secondary school degree","(3b) higher tertiary education","","","","","","","","","","","","","",""
"1991","college entrance qualification","(0) in school","","","","","","","","","","","","","",""
"1991","college entrance qualification","(1a) inadequately completed","","","","","","","","","","","","","",""
"1991","college entrance qualification","(1b) general elementary school","","","","","","","","","","","","","",""
"1991","college entrance qualification","(1c) basic vocational qualification","","","","","","","","","","","","","",""
"1991","college entrance qualification","(2a) intermediate vocational","","","","","","","","","","","","","",""
"1991","college entrance qualification","(2b) intermediate general qualification","","","","","","","","","","","","","",""
"1991","college entrance qualification","(2c_gen) general maturity certificate","","","","","","","","","","","","","",""
"1991","college entrance qualification","(2c_voc) vocational maturity certificate","","","","","","","","","","","","","",""
"1991","college entrance qualification","(3a) lower tertiary education","","","","","","","","","","","","","",""
"1991","college entrance qualification","(3b) higher tertiary education","","","","","","","","","","","","","",""
"1991","lower secondary degree","(0) in school","","","","","","","","","","","","","",""
"1991","lower secondary degree","(1a) inadequately completed","","","","","","","","","","","","","",""
"1991","lower secondary degree","(1b) general elementary school","","","","","","","","","","","","","",""
"1991","lower secondary degree","(1c) basic vocational qualification","","","","","","","","","","","","","",""
"1991","lower secondary degree","(2a) intermediate vocational","","","","","","","","","","","","","",""
"1991","lower secondary degree","(2b) intermediate general qualification","","","","","","","","","","","","","",""
"1991","lower secondary degree","(2c_gen) general maturity certificate","","","","","","","","","","","","","",""
"1991","lower secondary degree","(2c_voc) vocational maturity certificate","","","","","","","","","","","","","",""
"1991","lower secondary degree","(3a) lower tertiary education","","","","","","","","","","","","","",""
"1991","lower secondary degree","(3b) higher tertiary education","","","","","","","","","","","","","",""
"1991","no degree/no degree yet","(0) in school","","","","","","","","","","","","","",""
"1991","no degree/no degree yet","(1a) inadequately completed","","","","","","","","","","","","","",""
"1991","no degree/no degree yet","(1b) general elementary school","","","","","","","","","","","","","",""
"1991","no degree/no degree yet","(1c) basic vocational qualification","","","","","","","","","","","","","",""
"1991","no degree/no degree yet","(2a) intermediate vocational","","","","","","","","","","","","","",""
"1991","no degree/no degree yet","(2b) intermediate general qualification","","","","","","","","","","","","","",""
"1991","no degree/no degree yet","(2c_gen) general maturity certificate","","","","","","","","","","","","","",""
"1991","no degree/no degree yet","(2c_voc) vocational maturity certificate","","","","","","","","","","","","","",""
"1991","no degree/no degree yet","(3a) lower tertiary education","","","","","","","","","","","","","",""
"1991","no degree/no degree yet","(3b) higher tertiary education","","","","","","","","","","","","","",""
"1991","Other degree","(0) in school","","","","","","","","","","","","","",""
"1991","Other degree","(1a) inadequately completed","","","","","","","","","","","","","",""
"1991","Other degree","(1b) general elementary school","","","","","","","","","","","","","",""
"1991","Other degree","(1c) basic vocational qualification","","","","","","","","","","","","","",""
"1991","Other degree","(2a) intermediate vocational","","","","","","","","","","","","","",""
"1991","Other degree","(2b) intermediate general qualification","","","","","","","","","","","","","",""
"1991","Other degree","(2c_gen) general maturity certificate","","","","","","","","","","","","","",""
"1991","Other degree","(2c_voc) vocational maturity certificate","","","","","","","","","","","","","",""
"1991","Other degree","(3a) lower tertiary education","","","","","","","","","","","","","",""
"1991","Other degree","(3b) higher tertiary education","","","","","","","","","","","","","",""
"1991","secondary school degree","(0) in school","","","","","","","","","","","","","",""
"1991","secondary school degree","(1a) inadequately completed","","","","","","","","","","","","","",""
"1991","secondary school degree","(1b) general elementary school","","","","","","","","","","","","","",""
"1991","secondary school degree","(1c) basic vocational qualification","","","","","","","","","","","","","",""
"1991","secondary school degree","(2a) intermediate vocational","","","","","","","","","","","","","",""
"1991","secondary school degree","(2b) intermediate general qualification","","","","","","","","","","","","","",""
"1991","secondary school degree","(2c_gen) general maturity certificate","","","","","","","","","","","","","",""
"1991","secondary school degree","(2c_voc) vocational maturity certificate","","","","","","","","","","","","","",""
"1991","secondary school degree","(3a) lower tertiary education","","","","","","","","","","","","","",""
"1991","secondary school degree","(3b) higher tertiary education","","","","","","","","","","","","","",""
"1992","college entrance qualification","(0) in school","","","","","","","","","","","","","",""
"1992","college entrance qualification","(1a) inadequately completed","","","","","","","","","","","","","",""
"1992","college entrance qualification","(1b) general elementary school","","","","","","","","","","","","","",""
"1992","college entrance qualification","(1c) basic vocational qualification","","","","","","","","","","","","","",""
"1992","college entrance qualification","(2a) intermediate vocational","","","","","","","","","","","","","",""
"1992","college entrance qualification","(2b) intermediate general qualification","","","","","","","","","","","","","",""
"1992","college entrance qualification","(2c_gen) general maturity certificate","2.8","3","279","1","2","3","4","4","2.69","2.91","1","4","3","3"
"1992","college entrance qualification","(2c_voc) vocational maturity certificate","2.42","2","417","1","2","3","4","4","2.33","2.51","1","4","2","3"
"1992","college entrance qualification","(3a) lower tertiary education","2.43","2","286","1","2","3","4","4","2.32","2.54","1","4","2","3"
"1992","college entrance qualification","(3b) higher tertiary education","2.4","2","682","1","2","3","4","4","2.33","2.47","1","4","2","3"
"1992","lower secondary degree","(0) in school","","","","","","","","","","","","","",""
"1992","lower secondary degree","(1a) inadequately completed","","","","","","","","","","","","","",""
"1992","lower secondary degree","(1b) general elementary school","2.54","2","1458","1","2","4","4","4","2.48","2.6","1","4","2","2"
"1992","lower secondary degree","(1c) basic vocational qualification","2.42","2","3740","1","2","3","4","4","2.39","2.45","1","4","2","2"
"1992","lower secondary degree","(2a) intermediate vocational","","","","","","","","","","","","","",""
"1992","lower secondary degree","(2b) intermediate general qualification","","","","","","","","","","","","","",""
"1992","lower secondary degree","(2c_gen) general maturity certificate","","","","","","","","","","","","","",""
"1992","lower secondary degree","(2c_voc) vocational maturity certificate","","","","","","","","","","","","","",""
"1992","lower secondary degree","(3a) lower tertiary education","2.36","2","93","1","1","3","4","4","2.14","2.58","1","4","2","3"
"1992","lower secondary degree","(3b) higher tertiary education","","","","","","","","","","","","","",""
"1992","no degree/no degree yet","(0) in school","2.73","3","100","2","2","3","4","4","2.56","2.9","1","4","3","3"
"1992","no degree/no degree yet","(1a) inadequately completed","2.66","3","123","1","2","3","4","4","2.5","2.82","1","4","2","3"
"1992","no degree/no degree yet","(1b) general elementary school","","","","","","","","","","","","","",""
"1992","no degree/no degree yet","(1c) basic vocational qualification","","","","","","","","","","","","","",""
"1992","no degree/no degree yet","(2a) intermediate vocational","","","","","","","","","","","","","",""
"1992","no degree/no degree yet","(2b) intermediate general qualification","","","","","","","","","","","","","",""
"1992","no degree/no degree yet","(2c_gen) general maturity certificate","","","","","","","","","","","","","",""
"1992","no degree/no degree yet","(2c_voc) vocational maturity certificate","","","","","","","","","","","","","",""
"1992","no degree/no degree yet","(3a) lower tertiary education","","","","","","","","","","","","","",""
"1992","no degree/no degree yet","(3b) higher tertiary education","","","","","","","","","","","","","",""
"1992","Other degree","(0) in school","","","","","","","","","","","","","",""
"1992","Other degree","(1a) inadequately completed","","","","","","","","","","","","","",""
"1992","Other degree","(1b) general elementary school","2.84","3","36","2","2","4","4","4","2.5","3.18","1","4","2","3"
"1992","Other degree","(1c) basic vocational qualification","2.53","3","51","1","2","3","4","4","2.25","2.81","1","4","2","3"
"1992","Other degree","(2a) intermediate vocational","","","","","","","","","","","","","",""
"1992","Other degree","(2b) intermediate general qualification","","","","","","","","","","","","","",""
"1992","Other degree","(2c_gen) general maturity certificate","","","","","","","","","","","","","",""
"1992","Other degree","(2c_voc) vocational maturity certificate","","","","","","","","","","","","","",""
"1992","Other degree","(3a) lower tertiary education","","","","","","","","","","","","","",""
"1992","Other degree","(3b) higher tertiary education","","","","","","","","","","","","","",""
"1992","secondary school degree","(0) in school","","","","","","","","","","","","","",""
"1992","secondary school degree","(1a) inadequately completed","","","","","","","","","","","","","",""
"1992","secondary school degree","(1b) general elementary school","","","","","","","","","","","","","",""
"1992","secondary school degree","(1c) basic vocational qualification","","","","","","","","","","","","","",""
"1992","secondary school degree","(2a) intermediate vocational","2.39","2","2494","1","2","3","4","4","2.35","2.43","1","4","2","2"
"1992","secondary school degree","(2b) intermediate general qualification","2.61","3","464","1","2","3","4","4","2.53","2.69","1","4","3","3"
"1992","secondary school degree","(2c_gen) general maturity certificate","","","","","","","","","","","","","",""
"1992","secondary school degree","(2c_voc) vocational maturity certificate","","","","","","","","","","","","","",""
"1992","secondary school degree","(3a) lower tertiary education","2.43","2","472","1","2","3","4","4","2.34","2.52","1","4","2","3"
"1992","secondary school degree","(3b) higher tertiary education","2.39","2","41","1","2","3","4","4","2.05","2.73","1","4","2","3"
"1993","college entrance qualification","(0) in school","","","","","","","","","","","","","",""
"1993","college entrance qualification","(1a) inadequately completed","","","","","","","","","","","","","",""
"1993","college entrance qualification","(1b) general elementary school","","","","","","","","","","","","","",""
"1993","college entrance qualification","(1c) basic vocational qualification","","","","","","","","","","","","","",""
"1993","college entrance qualification","(2a) intermediate vocational","","","","","","","","","","","","","",""
"1993","college entrance qualification","(2b) intermediate general qualification","","","","","","","","","","","","","",""
"1993","college entrance qualification","(2c_gen) general maturity certificate","","","","","","","","","","","","","",""
"1993","college entrance qualification","(2c_voc) vocational maturity certificate","","","","","","","","","","","","","",""
"1993","college entrance qualification","(3a) lower tertiary education","","","","","","","","","","","","","",""
"1993","college entrance qualification","(3b) higher tertiary education","","","","","","","","","","","","","",""
"1993","lower secondary degree","(0) in school","","","","","","","","","","","","","",""
"1993","lower secondary degree","(1a) inadequately completed","","","","","","","","","","","","","",""
"1993","lower secondary degree","(1b) general elementary school","","","","","","","","","","","","","",""
"1993","lower secondary degree","(1c) basic vocational qualification","","","","","","","","","","","","","",""
"1993","lower secondary degree","(2a) intermediate vocational","","","","","","","","","","","","","",""
"1993","lower secondary degree","(2b) intermediate general qualification","","","","","","","","","","","","","",""
"1993","lower secondary degree","(2c_gen) general maturity certificate","","","","","","","","","","","","","",""
"1993","lower secondary degree","(2c_voc) vocational maturity certificate","","","","","","","","","","","","","",""
"1993","lower secondary degree","(3a) lower tertiary education","","","","","","","","","","","","","",""
"1993","lower secondary degree","(3b) higher tertiary education","","","","","","","","","","","","","",""
"1993","no degree/no degree yet","(0) in school","","","","","","","","","","","","","",""
"1993","no degree/no degree yet","(1a) inadequately completed","","","","","","","","","","","","","",""
"1993","no degree/no degree yet","(1b) general elementary school","","","","","","","","","","","","","",""
"1993","no degree/no degree yet","(1c) basic vocational qualification","","","","","","","","","","","","","",""
"1993","no degree/no degree yet","(2a) intermediate vocational","","","","","","","","","","","","","",""
"1993","no degree/no degree yet","(2b) intermediate general qualification","","","","","","","","","","","","","",""
"1993","no degree/no degree yet","(2c_gen) general maturity certificate","","","","","","","","","","","","","",""
"1993","no degree/no degree yet","(2c_voc) vocational maturity certificate","","","","","","","","","","","","","",""
"1993","no degree/no degree yet","(3a) lower tertiary education","","","","","","","","","","","","","",""
"1993","no degree/no degree yet","(3b) higher tertiary education","","","","","","","","","","","","","",""
"1993","Other degree","(0) in school","","","","","","","","","","","","","",""
"1993","Other degree","(1a) inadequately completed","","","","","","","","","","","","","",""
"1993","Other degree","(1b) general elementary school","","","","","","","","","","","","","",""
"1993","Other degree","(1c) basic vocational qualification","","","","","","","","","","","","","",""
"1993","Other degree","(2a) intermediate vocational","","","","","","","","","","","","","",""
"1993","Other degree","(2b) intermediate general qualification","","","","","","","","","","","","","",""
"1993","Other degree","(2c_gen) general maturity certificate","","","","","","","","","","","","","",""
"1993","Other degree","(2c_voc) vocational maturity certificate","","","","","","","","","","","","","",""
"1993","Other degree","(3a) lower tertiary education","","","","","","","","","","","","","",""
"1993","Other degree","(3b) higher tertiary education","","","","","","","","","","","","","",""
"1993","secondary school degree","(0) in school","","","","","","","","","","","","","",""
"1993","secondary school degree","(1a) inadequately completed","","","","","","","","","","","","","",""
"1993","secondary school degree","(1b) general elementary school","","","","","","","","","","","","","",""
"1993","secondary school degree","(1c) basic vocational qualification","","","","","","","","","","","","","",""
"1993","secondary school degree","(2a) intermediate vocational","","","","","","","","","","","","","",""
"1993","secondary school degree","(2b) intermediate general qualification","","","","","","","","","","","","","",""
"1993","secondary school degree","(2c_gen) general maturity certificate","","","","","","","","","","","","","",""
"1993","secondary school degree","(2c_voc) vocational maturity certificate","","","","","","","","","","","","","",""
"1993","secondary school degree","(3a) lower tertiary education","","","","","","","","","","","","","",""
"1993","secondary school degree","(3b) higher tertiary education","","","","","","","","","","","","","",""
"1994","college entrance qualification","(0) in school","","","","","","","","","","","","","",""
"1994","college entrance qualification","(1a) inadequately completed","","","","","","","","","","","","","",""
"1994","college entrance qualification","(1b) general elementary school","","","","","","","","","","","","","",""
"1994","college entrance qualification","(1c) basic vocational qualification","","","","","","","","","","","","","",""
"1994","college entrance qualification","(2a) intermediate vocational","","","","","","","","","","","","","",""
"1994","college entrance qualification","(2b) intermediate general qualification","","","","","","","","","","","","","",""
"1994","college entrance qualification","(2c_gen) general maturity certificate","","","","","","","","","","","","","",""
"1994","college entrance qualification","(2c_voc) vocational maturity certificate","","","","","","","","","","","","","",""
"1994","college entrance qualification","(3a) lower tertiary education","","","","","","","","","","","","","",""
"1994","college entrance qualification","(3b) higher tertiary education","","","","","","","","","","","","","",""
"1994","lower secondary degree","(0) in school","","","","","","","","","","","","","",""
"1994","lower secondary degree","(1a) inadequately completed","","","","","","","","","","","","","",""
"1994","lower secondary degree","(1b) general elementary school","","","","","","","","","","","","","",""
"1994","lower secondary degree","(1c) basic vocational qualification","","","","","","","","","","","","","",""
"1994","lower secondary degree","(2a) intermediate vocational","","","","","","","","","","","","","",""
"1994","lower secondary degree","(2b) intermediate general qualification","","","","","","","","","","","","","",""
"1994","lower secondary degree","(2c_gen) general maturity certificate","","","","","","","","","","","","","",""
"1994","lower secondary degree","(2c_voc) vocational maturity certificate","","","","","","","","","","","","","",""
"1994","lower secondary degree","(3a) lower tertiary education","","","","","","","","","","","","","",""
"1994","lower secondary degree","(3b) higher tertiary education","","","","","","","","","","","","","",""
"1994","no degree/no degree yet","(0) in school","","","","","","","","","","","","","",""
"1994","no degree/no degree yet","(1a) inadequately completed","","","","","","","","","","","","","",""
"1994","no degree/no degree yet","(1b) general elementary school","","","","","","","","","","","","","",""
"1994","no degree/no degree yet","(1c) basic vocational qualification","","","","","","","","","","","","","",""
"1994","no degree/no degree yet","(2a) intermediate vocational","","","","","","","","","","","","","",""
"1994","no degree/no degree yet","(2b) intermediate general qualification","","","","","","","","","","","","","",""
"1994","no degree/no degree yet","(2c_gen) general maturity certificate","","","","","","","","","","","","","",""
"1994","no degree/no degree yet","(2c_voc) vocational maturity certificate","","","","","","","","","","","","","",""
"1994","no degree/no degree yet","(3a) lower tertiary education","","","","","","","","","","","","","",""
"1994","no degree/no degree yet","(3b) higher tertiary education","","","","","","","","","","","","","",""
"1994","Other degree","(0) in school","","","","","","","","","","","","","",""
"1994","Other degree","(1a) inadequately completed","","","","","","","","","","","","","",""
"1994","Other degree","(1b) general elementary school","","","","","","","","","","","","","",""
"1994","Other degree","(1c) basic vocational qualification","","","","","","","","","","","","","",""
"1994","Other degree","(2a) intermediate vocational","","","","","","","","","","","","","",""
"1994","Other degree","(2b) intermediate general qualification","","","","","","","","","","","","","",""
"1994","Other degree","(2c_gen) general maturity certificate","","","","","","","","","","","","","",""
"1994","Other degree","(2c_voc) vocational maturity certificate","","","","","","","","","","","","","",""
"1994","Other degree","(3a) lower tertiary education","","","","","","","","","","","","","",""
"1994","Other degree","(3b) higher tertiary education","","","","","","","","","","","","","",""
"1994","secondary school degree","(0) in school","","","","","","","","","","","","","",""
"1994","secondary school degree","(1a) inadequately completed","","","","","","","","","","","","","",""
"1994","secondary school degree","(1b) general elementary school","","","","","","","","","","","","","",""
"1994","secondary school degree","(1c) basic vocational qualification","","","","","","","","","","","","","",""
"1994","secondary school degree","(2a) intermediate vocational","","","","","","","","","","","","","",""
"1994","secondary school degree","(2b) intermediate general qualification","","","","","","","","","","","","","",""
"1994","secondary school degree","(2c_gen) general maturity certificate","","","","","","","","","","","","","",""
"1994","secondary school degree","(2c_voc) vocational maturity certificate","","","","","","","","","","","","","",""
"1994","secondary school degree","(3a) lower tertiary education","","","","","","","","","","","","","",""
"1994","secondary school degree","(3b) higher tertiary education","","","","","","","","","","","","","",""
"1995","college entrance qualification","(0) in school","","","","","","","","","","","","","",""
"1995","college entrance qualification","(1a) inadequately completed","","","","","","","","","","","","","",""
"1995","college entrance qualification","(1b) general elementary school","","","","","","","","","","","","","",""
"1995","college entrance qualification","(1c) basic vocational qualification","","","","","","","","","","","","","",""
"1995","college entrance qualification","(2a) intermediate vocational","","","","","","","","","","","","","",""
"1995","college entrance qualification","(2b) intermediate general qualification","","","","","","","","","","","","","",""
"1995","college entrance qualification","(2c_gen) general maturity certificate","2.56","3","326","1","2","3","4","4","2.47","2.65","1","4","2","3"
"1995","college entrance qualification","(2c_voc) vocational maturity certificate","2.34","2","449","1","2","3","4","4","2.26","2.42","1","4","2","2"
"1995","college entrance qualification","(3a) lower tertiary education","2.44","2","314","1","2","3","4","4","2.33","2.55","1","4","2","2"
"1995","college entrance qualification","(3b) higher tertiary education","2.33","2","721","1","2","3","4","4","2.26","2.4","1","4","2","2"
"1995","lower secondary degree","(0) in school","","","","","","","","","","","","","",""
"1995","lower secondary degree","(1a) inadequately completed","","","","","","","","","","","","","",""
"1995","lower secondary degree","(1b) general elementary school","2.49","2","1323","1","2","3","4","4","2.43","2.55","1","4","2","2"
"1995","lower secondary degree","(1c) basic vocational qualification","2.34","2","3502","1","1","3","4","4","2.31","2.37","1","4","2","2"
"1995","lower secondary degree","(2a) intermediate vocational","","","","","","","","","","","","","",""
"1995","lower secondary degree","(2b) intermediate general qualification","","","","","","","","","","","","","",""
"1995","lower secondary degree","(2c_gen) general maturity certificate","","","","","","","","","","","","","",""
"1995","lower secondary degree","(2c_voc) vocational maturity certificate","","","","","","","","","","","","","",""
"1995","lower secondary degree","(3a) lower tertiary education","2.26","2","92","1","1","3","4","4","2.04","2.48","1","4","2","3"
"1995","lower secondary degree","(3b) higher tertiary education","","","","","","","","","","","","","",""
"1995","no degree/no degree yet","(0) in school","2.39","2","217","1","2","3","3","4","2.28","2.5","1","4","2","3"
"1995","no degree/no degree yet","(1a) inadequately completed","2.45","2.17","119","1","2","3","4","4","2.27","2.63","1","4","2","3"
"1995","no degree/no degree yet","(1b) general elementary school","","","","","","","","","","","","","",""
"1995","no degree/no degree yet","(1c) basic vocational qualification","","","","","","","","","","","","","",""
"1995","no degree/no degree yet","(2a) intermediate vocational","","","","","","","","","","","","","",""
"1995","no degree/no degree yet","(2b) intermediate general qualification","","","","","","","","","","","","","",""
"1995","no degree/no degree yet","(2c_gen) general maturity certificate","","","","","","","","","","","","","",""
"1995","no degree/no degree yet","(2c_voc) vocational maturity certificate","","","","","","","","","","","","","",""
"1995","no degree/no degree yet","(3a) lower tertiary education","","","","","","","","","","","","","",""
"1995","no degree/no degree yet","(3b) higher tertiary education","","","","","","","","","","","","","",""
"1995","Other degree","(0) in school","","","","","","","","","","","","","",""
"1995","Other degree","(1a) inadequately completed","","","","","","","","","","","","","",""
"1995","Other degree","(1b) general elementary school","2.54","2.69","113","1","2","3","4","4","2.36","2.72","1","4","2","3"
"1995","Other degree","(1c) basic vocational qualification","2.44","2","153","1","2","3","4","4","2.28","2.6","1","4","2","2"
"1995","Other degree","(2a) intermediate vocational","","","","","","","","","","","","","",""
"1995","Other degree","(2b) intermediate general qualification","","","","","","","","","","","","","",""
"1995","Other degree","(2c_gen) general maturity certificate","2.35","2","33","1","1","3","4","4","2.01","2.69","1","4","2","3"
"1995","Other degree","(2c_voc) vocational maturity certificate","2.46","2","65","1","2","3","3","4","2.24","2.68","1","4","2","3"
"1995","Other degree","(3a) lower tertiary education","","","","","","","","","","","","","",""
"1995","Other degree","(3b) higher tertiary education","2.19","2","62","1","2","3","3","3","1.99","2.39","1","4","2","3"
"1995","secondary school degree","(0) in school","","","","","","","","","","","","","",""
"1995","secondary school degree","(1a) inadequately completed","","","","","","","","","","","","","",""
"1995","secondary school degree","(1b) general elementary school","","","","","","","","","","","","","",""
"1995","secondary school degree","(1c) basic vocational qualification","","","","","","","","","","","","","",""
"1995","secondary school degree","(2a) intermediate vocational","2.35","2","2547","1","2","3","4","4","2.31","2.39","1","4","2","2"
"1995","secondary school degree","(2b) intermediate general qualification","2.46","2","410","1","2","3","4","4","2.38","2.54","1","4","2","3"
"1995","secondary school degree","(2c_gen) general maturity certificate","","","","","","","","","","","","","",""
"1995","secondary school degree","(2c_voc) vocational maturity certificate","","","","","","","","","","","","","",""
"1995","secondary school degree","(3a) lower tertiary education","2.36","2","428","1","1","3","4","4","2.26","2.46","1","4","2","2"
"1995","secondary school degree","(3b) higher tertiary education","2.51","2.46","46","1","2","3","4","4","2.19","2.83","1","4","2","3"
"1996","college entrance qualification","(0) in school","","","","","","","","","","","","","",""
"1996","college entrance qualification","(1a) inadequately completed","","","","","","","","","","","","","",""
"1996","college entrance qualification","(1b) general elementary school","","","","","","","","","","","","","",""
"1996","college entrance qualification","(1c) basic vocational qualification","","","","","","","","","","","","","",""
"1996","college entrance qualification","(2a) intermediate vocational","","","","","","","","","","","","","",""
"1996","college entrance qualification","(2b) intermediate general qualification","","","","","","","","","","","","","",""
"1996","college entrance qualification","(2c_gen) general maturity certificate","","","","","","","","","","","","","",""
"1996","college entrance qualification","(2c_voc) vocational maturity certificate","","","","","","","","","","","","","",""
"1996","college entrance qualification","(3a) lower tertiary education","","","","","","","","","","","","","",""
"1996","college entrance qualification","(3b) higher tertiary education","","","","","","","","","","","","","",""
"1996","lower secondary degree","(0) in school","","","","","","","","","","","","","",""
"1996","lower secondary degree","(1a) inadequately completed","","","","","","","","","","","","","",""
"1996","lower secondary degree","(1b) general elementary school","","","","","","","","","","","","","",""
"1996","lower secondary degree","(1c) basic vocational qualification","","","","","","","","","","","","","",""
"1996","lower secondary degree","(2a) intermediate vocational","","","","","","","","","","","","","",""
"1996","lower secondary degree","(2b) intermediate general qualification","","","","","","","","","","","","","",""
"1996","lower secondary degree","(2c_gen) general maturity certificate","","","","","","","","","","","","","",""
"1996","lower secondary degree","(2c_voc) vocational maturity certificate","","","","","","","","","","","","","",""
"1996","lower secondary degree","(3a) lower tertiary education","","","","","","","","","","","","","",""
"1996","lower secondary degree","(3b) higher tertiary education","","","","","","","","","","","","","",""
"1996","no degree/no degree yet","(0) in school","","","","","","","","","","","","","",""
"1996","no degree/no degree yet","(1a) inadequately completed","","","","","","","","","","","","","",""
"1996","no degree/no degree yet","(1b) general elementary school","","","","","","","","","","","","","",""
"1996","no degree/no degree yet","(1c) basic vocational qualification","","","","","","","","","","","","","",""
"1996","no degree/no degree yet","(2a) intermediate vocational","","","","","","","","","","","","","",""
"1996","no degree/no degree yet","(2b) intermediate general qualification","","","","","","","","","","","","","",""
"1996","no degree/no degree yet","(2c_gen) general maturity certificate","","","","","","","","","","","","","",""
"1996","no degree/no degree yet","(2c_voc) vocational maturity certificate","","","","","","","","","","","","","",""
"1996","no degree/no degree yet","(3a) lower tertiary education","","","","","","","","","","","","","",""
"1996","no degree/no degree yet","(3b) higher tertiary education","","","","","","","","","","","","","",""
"1996","Other degree","(0) in school","","","","","","","","","","","","","",""
"1996","Other degree","(1a) inadequately completed","","","","","","","","","","","","","",""
"1996","Other degree","(1b) general elementary school","","","","","","","","","","","","","",""
"1996","Other degree","(1c) basic vocational qualification","","","","","","","","","","","","","",""
"1996","Other degree","(2a) intermediate vocational","","","","","","","","","","","","","",""
"1996","Other degree","(2b) intermediate general qualification","","","","","","","","","","","","","",""
"1996","Other degree","(2c_gen) general maturity certificate","","","","","","","","","","","","","",""
"1996","Other degree","(2c_voc) vocational maturity certificate","","","","","","","","","","","","","",""
"1996","Other degree","(3a) lower tertiary education","","","","","","","","","","","","","",""
"1996","Other degree","(3b) higher tertiary education","","","","","","","","","","","","","",""
"1996","secondary school degree","(0) in school","","","","","","","","","","","","","",""
"1996","secondary school degree","(1a) inadequately completed","","","","","","","","","","","","","",""
"1996","secondary school degree","(1b) general elementary school","","","","","","","","","","","","","",""
"1996","secondary school degree","(1c) basic vocational qualification","","","","","","","","","","","","","",""
"1996","secondary school degree","(2a) intermediate vocational","","","","","","","","","","","","","",""
"1996","secondary school degree","(2b) intermediate general qualification","","","","","","","","","","","","","",""
"1996","secondary school degree","(2c_gen) general maturity certificate","","","","","","","","","","","","","",""
"1996","secondary school degree","(2c_voc) vocational maturity certificate","","","","","","","","","","","","","",""
"1996","secondary school degree","(3a) lower tertiary education","","","","","","","","","","","","","",""
"1996","secondary school degree","(3b) higher tertiary education","","","","","","","","","","","","","",""
"1997","college entrance qualification","(0) in school","","","","","","","","","","","","","",""
"1997","college entrance qualification","(1a) inadequately completed","","","","","","","","","","","","","",""
"1997","college entrance qualification","(1b) general elementary school","","","","","","","","","","","","","",""
"1997","college entrance qualification","(1c) basic vocational qualification","","","","","","","","","","","","","",""
"1997","college entrance qualification","(2a) intermediate vocational","","","","","","","","","","","","","",""
"1997","college entrance qualification","(2b) intermediate general qualification","","","","","","","","","","","","","",""
"1997","college entrance qualification","(2c_gen) general maturity certificate","","","","","","","","","","","","","",""
"1997","college entrance qualification","(2c_voc) vocational maturity certificate","","","","","","","","","","","","","",""
"1997","college entrance qualification","(3a) lower tertiary education","","","","","","","","","","","","","",""
"1997","college entrance qualification","(3b) higher tertiary education","","","","","","","","","","","","","",""
"1997","lower secondary degree","(0) in school","","","","","","","","","","","","","",""
"1997","lower secondary degree","(1a) inadequately completed","","","","","","","","","","","","","",""
"1997","lower secondary degree","(1b) general elementary school","","","","","","","","","","","","","",""
"1997","lower secondary degree","(1c) basic vocational qualification","","","","","","","","","","","","","",""
"1997","lower secondary degree","(2a) intermediate vocational","","","","","","","","","","","","","",""
"1997","lower secondary degree","(2b) intermediate general qualification","","","","","","","","","","","","","",""
"1997","lower secondary degree","(2c_gen) general maturity certificate","","","","","","","","","","","","","",""
"1997","lower secondary degree","(2c_voc) vocational maturity certificate","","","","","","","","","","","","","",""
"1997","lower secondary degree","(3a) lower tertiary education","","","","","","","","","","","","","",""
"1997","lower secondary degree","(3b) higher tertiary education","","","","","","","","","","","","","",""
"1997","no degree/no degree yet","(0) in school","","","","","","","","","","","","","",""
"1997","no degree/no degree yet","(1a) inadequately completed","","","","","","","","","","","","","",""
"1997","no degree/no degree yet","(1b) general elementary school","","","","","","","","","","","","","",""
"1997","no degree/no degree yet","(1c) basic vocational qualification","","","","","","","","","","","","","",""
"1997","no degree/no degree yet","(2a) intermediate vocational","","","","","","","","","","","","","",""
"1997","no degree/no degree yet","(2b) intermediate general qualification","","","","","","","","","","","","","",""
"1997","no degree/no degree yet","(2c_gen) general maturity certificate","","","","","","","","","","","","","",""
"1997","no degree/no degree yet","(2c_voc) vocational maturity certificate","","","","","","","","","","","","","",""
"1997","no degree/no degree yet","(3a) lower tertiary education","","","","","","","","","","","","","",""
"1997","no degree/no degree yet","(3b) higher tertiary education","","","","","","","","","","","","","",""
"1997","Other degree","(0) in school","","","","","","","","","","","","","",""
"1997","Other degree","(1a) inadequately completed","","","","","","","","","","","","","",""
"1997","Other degree","(1b) general elementary school","","","","","","","","","","","","","",""
"1997","Other degree","(1c) basic vocational qualification","","","","","","","","","","","","","",""
"1997","Other degree","(2a) intermediate vocational","","","","","","","","","","","","","",""
"1997","Other degree","(2b) intermediate general qualification","","","","","","","","","","","","","",""
"1997","Other degree","(2c_gen) general maturity certificate","","","","","","","","","","","","","",""
"1997","Other degree","(2c_voc) vocational maturity certificate","","","","","","","","","","","","","",""
"1997","Other degree","(3a) lower tertiary education","","","","","","","","","","","","","",""
"1997","Other degree","(3b) higher tertiary education","","","","","","","","","","","","","",""
"1997","secondary school degree","(0) in school","","","","","","","","","","","","","",""
"1997","secondary school degree","(1a) inadequately completed","","","","","","","","","","","","","",""
"1997","secondary school degree","(1b) general elementary school","","","","","","","","","","","","","",""
"1997","secondary school degree","(1c) basic vocational qualification","","","","","","","","","","","","","",""
"1997","secondary school degree","(2a) intermediate vocational","","","","","","","","","","","","","",""
"1997","secondary school degree","(2b) intermediate general qualification","","","","","","","","","","","","","",""
"1997","secondary school degree","(2c_gen) general maturity certificate","","","","","","","","","","","","","",""
"1997","secondary school degree","(2c_voc) vocational maturity certificate","","","","","","","","","","","","","",""
"1997","secondary school degree","(3a) lower tertiary education","","","","","","","","","","","","","",""
"1997","secondary school degree","(3b) higher tertiary education","","","","","","","","","","","","","",""
"1998","college entrance qualification","(0) in school","","","","","","","","","","","","","",""
"1998","college entrance qualification","(1a) inadequately completed","","","","","","","","","","","","","",""
"1998","college entrance qualification","(1b) general elementary school","","","","","","","","","","","","","",""
"1998","college entrance qualification","(1c) basic vocational qualification","","","","","","","","","","","","","",""
"1998","college entrance qualification","(2a) intermediate vocational","","","","","","","","","","","","","",""
"1998","college entrance qualification","(2b) intermediate general qualification","","","","","","","","","","","","","",""
"1998","college entrance qualification","(2c_gen) general maturity certificate","","","","","","","","","","","","","",""
"1998","college entrance qualification","(2c_voc) vocational maturity certificate","","","","","","","","","","","","","",""
"1998","college entrance qualification","(3a) lower tertiary education","","","","","","","","","","","","","",""
"1998","college entrance qualification","(3b) higher tertiary education","","","","","","","","","","","","","",""
"1998","lower secondary degree","(0) in school","","","","","","","","","","","","","",""
"1998","lower secondary degree","(1a) inadequately completed","","","","","","","","","","","","","",""
"1998","lower secondary degree","(1b) general elementary school","","","","","","","","","","","","","",""
"1998","lower secondary degree","(1c) basic vocational qualification","","","","","","","","","","","","","",""
"1998","lower secondary degree","(2a) intermediate vocational","","","","","","","","","","","","","",""
"1998","lower secondary degree","(2b) intermediate general qualification","","","","","","","","","","","","","",""
"1998","lower secondary degree","(2c_gen) general maturity certificate","","","","","","","","","","","","","",""
"1998","lower secondary degree","(2c_voc) vocational maturity certificate","","","","","","","","","","","","","",""
"1998","lower secondary degree","(3a) lower tertiary education","","","","","","","","","","","","","",""
"1998","lower secondary degree","(3b) higher tertiary education","","","","","","","","","","","","","",""
"1998","no degree/no degree yet","(0) in school","","","","","","","","","","","","","",""
"1998","no degree/no degree yet","(1a) inadequately completed","","","","","","","","","","","","","",""
"1998","no degree/no degree yet","(1b) general elementary school","","","","","","","","","","","","","",""
"1998","no degree/no degree yet","(1c) basic vocational qualification","","","","","","","","","","","","","",""
"1998","no degree/no degree yet","(2a) intermediate vocational","","","","","","","","","","","","","",""
"1998","no degree/no degree yet","(2b) intermediate general qualification","","","","","","","","","","","","","",""
"1998","no degree/no degree yet","(2c_gen) general maturity certificate","","","","","","","","","","","","","",""
"1998","no degree/no degree yet","(2c_voc) vocational maturity certificate","","","","","","","","","","","","","",""
"1998","no degree/no degree yet","(3a) lower tertiary education","","","","","","","","","","","","","",""
"1998","no degree/no degree yet","(3b) higher tertiary education","","","","","","","","","","","","","",""
"1998","Other degree","(0) in school","","","","","","","","","","","","","",""
"1998","Other degree","(1a) inadequately completed","","","","","","","","","","","","","",""
"1998","Other degree","(1b) general elementary school","","","","","","","","","","","","","",""
"1998","Other degree","(1c) basic vocational qualification","","","","","","","","","","","","","",""
"1998","Other degree","(2a) intermediate vocational","","","","","","","","","","","","","",""
"1998","Other degree","(2b) intermediate general qualification","","","","","","","","","","","","","",""
"1998","Other degree","(2c_gen) general maturity certificate","","","","","","","","","","","","","",""
"1998","Other degree","(2c_voc) vocational maturity certificate","","","","","","","","","","","","","",""
"1998","Other degree","(3a) lower tertiary education","","","","","","","","","","","","","",""
"1998","Other degree","(3b) higher tertiary education","","","","","","","","","","","","","",""
"1998","secondary school degree","(0) in school","","","","","","","","","","","","","",""
"1998","secondary school degree","(1a) inadequately completed","","","","","","","","","","","","","",""
"1998","secondary school degree","(1b) general elementary school","","","","","","","","","","","","","",""
"1998","secondary school degree","(1c) basic vocational qualification","","","","","","","","","","","","","",""
"1998","secondary school degree","(2a) intermediate vocational","","","","","","","","","","","","","",""
"1998","secondary school degree","(2b) intermediate general qualification","","","","","","","","","","","","","",""
"1998","secondary school degree","(2c_gen) general maturity certificate","","","","","","","","","","","","","",""
"1998","secondary school degree","(2c_voc) vocational maturity certificate","","","","","","","","","","","","","",""
"1998","secondary school degree","(3a) lower tertiary education","","","","","","","","","","","","","",""
"1998","secondary school degree","(3b) higher tertiary education","","","","","","","","","","","","","",""
"1999","college entrance qualification","(0) in school","","","","","","","","","","","","","",""
"1999","college entrance qualification","(1a) inadequately completed","","","","","","","","","","","","","",""
"1999","college entrance qualification","(1b) general elementary school","","","","","","","","","","","","","",""
"1999","college entrance qualification","(1c) basic vocational qualification","","","","","","","","","","","","","",""
"1999","college entrance qualification","(2a) intermediate vocational","","","","","","","","","","","","","",""
"1999","college entrance qualification","(2b) intermediate general qualification","","","","","","","","","","","","","",""
"1999","college entrance qualification","(2c_gen) general maturity certificate","","","","","","","","","","","","","",""
"1999","college entrance qualification","(2c_voc) vocational maturity certificate","","","","","","","","","","","","","",""
"1999","college entrance qualification","(3a) lower tertiary education","","","","","","","","","","","","","",""
"1999","college entrance qualification","(3b) higher tertiary education","","","","","","","","","","","","","",""
"1999","lower secondary degree","(0) in school","","","","","","","","","","","","","",""
"1999","lower secondary degree","(1a) inadequately completed","","","","","","","","","","","","","",""
"1999","lower secondary degree","(1b) general elementary school","","","","","","","","","","","","","",""
"1999","lower secondary degree","(1c) basic vocational qualification","","","","","","","","","","","","","",""
"1999","lower secondary degree","(2a) intermediate vocational","","","","","","","","","","","","","",""
"1999","lower secondary degree","(2b) intermediate general qualification","","","","","","","","","","","","","",""
"1999","lower secondary degree","(2c_gen) general maturity certificate","","","","","","","","","","","","","",""
"1999","lower secondary degree","(2c_voc) vocational maturity certificate","","","","","","","","","","","","","",""
"1999","lower secondary degree","(3a) lower tertiary education","","","","","","","","","","","","","",""
"1999","lower secondary degree","(3b) higher tertiary education","","","","","","","","","","","","","",""
"1999","no degree/no degree yet","(0) in school","","","","","","","","","","","","","",""
"1999","no degree/no degree yet","(1a) inadequately completed","","","","","","","","","","","","","",""
"1999","no degree/no degree yet","(1b) general elementary school","","","","","","","","","","","","","",""
"1999","no degree/no degree yet","(1c) basic vocational qualification","","","","","","","","","","","","","",""
"1999","no degree/no degree yet","(2a) intermediate vocational","","","","","","","","","","","","","",""
"1999","no degree/no degree yet","(2b) intermediate general qualification","","","","","","","","","","","","","",""
"1999","no degree/no degree yet","(2c_gen) general maturity certificate","","","","","","","","","","","","","",""
"1999","no degree/no degree yet","(2c_voc) vocational maturity certificate","","","","","","","","","","","","","",""
"1999","no degree/no degree yet","(3a) lower tertiary education","","","","","","","","","","","","","",""
"1999","no degree/no degree yet","(3b) higher tertiary education","","","","","","","","","","","","","",""
"1999","Other degree","(0) in school","","","","","","","","","","","","","",""
"1999","Other degree","(1a) inadequately completed","","","","","","","","","","","","","",""
"1999","Other degree","(1b) general elementary school","","","","","","","","","","","","","",""
"1999","Other degree","(1c) basic vocational qualification","","","","","","","","","","","","","",""
"1999","Other degree","(2a) intermediate vocational","","","","","","","","","","","","","",""
"1999","Other degree","(2b) intermediate general qualification","","","","","","","","","","","","","",""
"1999","Other degree","(2c_gen) general maturity certificate","","","","","","","","","","","","","",""
"1999","Other degree","(2c_voc) vocational maturity certificate","","","","","","","","","","","","","",""
"1999","Other degree","(3a) lower tertiary education","","","","","","","","","","","","","",""
"1999","Other degree","(3b) higher tertiary education","","","","","","","","","","","","","",""
"1999","secondary school degree","(0) in school","","","","","","","","","","","","","",""
"1999","secondary school degree","(1a) inadequately completed","","","","","","","","","","","","","",""
"1999","secondary school degree","(1b) general elementary school","","","","","","","","","","","","","",""
"1999","secondary school degree","(1c) basic vocational qualification","","","","","","","","","","","","","",""
"1999","secondary school degree","(2a) intermediate vocational","","","","","","","","","","","","","",""
"1999","secondary school degree","(2b) intermediate general qualification","","","","","","","","","","","","","",""
"1999","secondary school degree","(2c_gen) general maturity certificate","","","","","","","","","","","","","",""
"1999","secondary school degree","(2c_voc) vocational maturity certificate","","","","","","","","","","","","","",""
"1999","secondary school degree","(3a) lower tertiary education","","","","","","","","","","","","","",""
"1999","secondary school degree","(3b) higher tertiary education","","","","","","","","","","","","","",""
"2000","college entrance qualification","(0) in school","","","","","","","","","","","","","",""
"2000","college entrance qualification","(1a) inadequately completed","","","","","","","","","","","","","",""
"2000","college entrance qualification","(1b) general elementary school","","","","","","","","","","","","","",""
"2000","college entrance qualification","(1c) basic vocational qualification","","","","","","","","","","","","","",""
"2000","college entrance qualification","(2a) intermediate vocational","","","","","","","","","","","","","",""
"2000","college entrance qualification","(2b) intermediate general qualification","","","","","","","","","","","","","",""
"2000","college entrance qualification","(2c_gen) general maturity certificate","","","","","","","","","","","","","",""
"2000","college entrance qualification","(2c_voc) vocational maturity certificate","","","","","","","","","","","","","",""
"2000","college entrance qualification","(3a) lower tertiary education","","","","","","","","","","","","","",""
"2000","college entrance qualification","(3b) higher tertiary education","","","","","","","","","","","","","",""
"2000","lower secondary degree","(0) in school","","","","","","","","","","","","","",""
"2000","lower secondary degree","(1a) inadequately completed","","","","","","","","","","","","","",""
"2000","lower secondary degree","(1b) general elementary school","","","","","","","","","","","","","",""
"2000","lower secondary degree","(1c) basic vocational qualification","","","","","","","","","","","","","",""
"2000","lower secondary degree","(2a) intermediate vocational","","","","","","","","","","","","","",""
"2000","lower secondary degree","(2b) intermediate general qualification","","","","","","","","","","","","","",""
"2000","lower secondary degree","(2c_gen) general maturity certificate","","","","","","","","","","","","","",""
"2000","lower secondary degree","(2c_voc) vocational maturity certificate","","","","","","","","","","","","","",""
"2000","lower secondary degree","(3a) lower tertiary education","","","","","","","","","","","","","",""
"2000","lower secondary degree","(3b) higher tertiary education","","","","","","","","","","","","","",""
"2000","no degree/no degree yet","(0) in school","","","","","","","","","","","","","",""
"2000","no degree/no degree yet","(1a) inadequately completed","","","","","","","","","","","","","",""
"2000","no degree/no degree yet","(1b) general elementary school","","","","","","","","","","","","","",""
"2000","no degree/no degree yet","(1c) basic vocational qualification","","","","","","","","","","","","","",""
"2000","no degree/no degree yet","(2a) intermediate vocational","","","","","","","","","","","","","",""
"2000","no degree/no degree yet","(2b) intermediate general qualification","","","","","","","","","","","","","",""
"2000","no degree/no degree yet","(2c_gen) general maturity certificate","","","","","","","","","","","","","",""
"2000","no degree/no degree yet","(2c_voc) vocational maturity certificate","","","","","","","","","","","","","",""
"2000","no degree/no degree yet","(3a) lower tertiary education","","","","","","","","","","","","","",""
"2000","no degree/no degree yet","(3b) higher tertiary education","","","","","","","","","","","","","",""
"2000","Other degree","(0) in school","","","","","","","","","","","","","",""
"2000","Other degree","(1a) inadequately completed","","","","","","","","","","","","","",""
"2000","Other degree","(1b) general elementary school","","","","","","","","","","","","","",""
"2000","Other degree","(1c) basic vocational qualification","","","","","","","","","","","","","",""
"2000","Other degree","(2a) intermediate vocational","","","","","","","","","","","","","",""
"2000","Other degree","(2b) intermediate general qualification","","","","","","","","","","","","","",""
"2000","Other degree","(2c_gen) general maturity certificate","","","","","","","","","","","","","",""
"2000","Other degree","(2c_voc) vocational maturity certificate","","","","","","","","","","","","","",""
"2000","Other degree","(3a) lower tertiary education","","","","","","","","","","","","","",""
"2000","Other degree","(3b) higher tertiary education","","","","","","","","","","","","","",""
"2000","secondary school degree","(0) in school","","","","","","","","","","","","","",""
"2000","secondary school degree","(1a) inadequately completed","","","","","","","","","","","","","",""
"2000","secondary school degree","(1b) general elementary school","","","","","","","","","","","","","",""
"2000","secondary school degree","(1c) basic vocational qualification","","","","","","","","","","","","","",""
"2000","secondary school degree","(2a) intermediate vocational","","","","","","","","","","","","","",""
"2000","secondary school degree","(2b) intermediate general qualification","","","","","","","","","","","","","",""
"2000","secondary school degree","(2c_gen) general maturity certificate","","","","","","","","","","","","","",""
"2000","secondary school degree","(2c_voc) vocational maturity certificate","","","","","","","","","","","","","",""
"2000","secondary school degree","(3a) lower tertiary education","","","","","","","","","","","","","",""
"2000","secondary school degree","(3b) higher tertiary education","","","","","","","","","","","","","",""
"2001","college entrance qualification","(0) in school","","","","","","","","","","","","","",""
"2001","college entrance qualification","(1a) inadequately completed","","","","","","","","","","","","","",""
"2001","college entrance qualification","(1b) general elementary school","","","","","","","","","","","","","",""
"2001","college entrance qualification","(1c) basic vocational qualification","","","","","","","","","","","","","",""
"2001","college entrance qualification","(2a) intermediate vocational","","","","","","","","","","","","","",""
"2001","college entrance qualification","(2b) intermediate general qualification","","","","","","","","","","","","","",""
"2001","college entrance qualification","(2c_gen) general maturity certificate","","","","","","","","","","","","","",""
"2001","college entrance qualification","(2c_voc) vocational maturity certificate","","","","","","","","","","","","","",""
"2001","college entrance qualification","(3a) lower tertiary education","","","","","","","","","","","","","",""
"2001","college entrance qualification","(3b) higher tertiary education","","","","","","","","","","","","","",""
"2001","lower secondary degree","(0) in school","","","","","","","","","","","","","",""
"2001","lower secondary degree","(1a) inadequately completed","","","","","","","","","","","","","",""
"2001","lower secondary degree","(1b) general elementary school","","","","","","","","","","","","","",""
"2001","lower secondary degree","(1c) basic vocational qualification","","","","","","","","","","","","","",""
"2001","lower secondary degree","(2a) intermediate vocational","","","","","","","","","","","","","",""
"2001","lower secondary degree","(2b) intermediate general qualification","","","","","","","","","","","","","",""
"2001","lower secondary degree","(2c_gen) general maturity certificate","","","","","","","","","","","","","",""
"2001","lower secondary degree","(2c_voc) vocational maturity certificate","","","","","","","","","","","","","",""
"2001","lower secondary degree","(3a) lower tertiary education","","","","","","","","","","","","","",""
"2001","lower secondary degree","(3b) higher tertiary education","","","","","","","","","","","","","",""
"2001","no degree/no degree yet","(0) in school","","","","","","","","","","","","","",""
"2001","no degree/no degree yet","(1a) inadequately completed","","","","","","","","","","","","","",""
"2001","no degree/no degree yet","(1b) general elementary school","","","","","","","","","","","","","",""
"2001","no degree/no degree yet","(1c) basic vocational qualification","","","","","","","","","","","","","",""
"2001","no degree/no degree yet","(2a) intermediate vocational","","","","","","","","","","","","","",""
"2001","no degree/no degree yet","(2b) intermediate general qualification","","","","","","","","","","","","","",""
"2001","no degree/no degree yet","(2c_gen) general maturity certificate","","","","","","","","","","","","","",""
"2001","no degree/no degree yet","(2c_voc) vocational maturity certificate","","","","","","","","","","","","","",""
"2001","no degree/no degree yet","(3a) lower tertiary education","","","","","","","","","","","","","",""
"2001","no degree/no degree yet","(3b) higher tertiary education","","","","","","","","","","","","","",""
"2001","Other degree","(0) in school","","","","","","","","","","","","","",""
"2001","Other degree","(1a) inadequately completed","","","","","","","","","","","","","",""
"2001","Other degree","(1b) general elementary school","","","","","","","","","","","","","",""
"2001","Other degree","(1c) basic vocational qualification","","","","","","","","","","","","","",""
"2001","Other degree","(2a) intermediate vocational","","","","","","","","","","","","","",""
"2001","Other degree","(2b) intermediate general qualification","","","","","","","","","","","","","",""
"2001","Other degree","(2c_gen) general maturity certificate","","","","","","","","","","","","","",""
"2001","Other degree","(2c_voc) vocational maturity certificate","","","","","","","","","","","","","",""
"2001","Other degree","(3a) lower tertiary education","","","","","","","","","","","","","",""
"2001","Other degree","(3b) higher tertiary education","","","","","","","","","","","","","",""
"2001","secondary school degree","(0) in school","","","","","","","","","","","","","",""
"2001","secondary school degree","(1a) inadequately completed","","","","","","","","","","","","","",""
"2001","secondary school degree","(1b) general elementary school","","","","","","","","","","","","","",""
"2001","secondary school degree","(1c) basic vocational qualification","","","","","","","","","","","","","",""
"2001","secondary school degree","(2a) intermediate vocational","","","","","","","","","","","","","",""
"2001","secondary school degree","(2b) intermediate general qualification","","","","","","","","","","","","","",""
"2001","secondary school degree","(2c_gen) general maturity certificate","","","","","","","","","","","","","",""
"2001","secondary school degree","(2c_voc) vocational maturity certificate","","","","","","","","","","","","","",""
"2001","secondary school degree","(3a) lower tertiary education","","","","","","","","","","","","","",""
"2001","secondary school degree","(3b) higher tertiary education","","","","","","","","","","","","","",""
"2002","college entrance qualification","(0) in school","","","","","","","","","","","","","",""
"2002","college entrance qualification","(1a) inadequately completed","","","","","","","","","","","","","",""
"2002","college entrance qualification","(1b) general elementary school","","","","","","","","","","","","","",""
"2002","college entrance qualification","(1c) basic vocational qualification","","","","","","","","","","","","","",""
"2002","college entrance qualification","(2a) intermediate vocational","","","","","","","","","","","","","",""
"2002","college entrance qualification","(2b) intermediate general qualification","","","","","","","","","","","","","",""
"2002","college entrance qualification","(2c_gen) general maturity certificate","","","","","","","","","","","","","",""
"2002","college entrance qualification","(2c_voc) vocational maturity certificate","","","","","","","","","","","","","",""
"2002","college entrance qualification","(3a) lower tertiary education","","","","","","","","","","","","","",""
"2002","college entrance qualification","(3b) higher tertiary education","","","","","","","","","","","","","",""
"2002","lower secondary degree","(0) in school","","","","","","","","","","","","","",""
"2002","lower secondary degree","(1a) inadequately completed","","","","","","","","","","","","","",""
"2002","lower secondary degree","(1b) general elementary school","","","","","","","","","","","","","",""
"2002","lower secondary degree","(1c) basic vocational qualification","","","","","","","","","","","","","",""
"2002","lower secondary degree","(2a) intermediate vocational","","","","","","","","","","","","","",""
"2002","lower secondary degree","(2b) intermediate general qualification","","","","","","","","","","","","","",""
"2002","lower secondary degree","(2c_gen) general maturity certificate","","","","","","","","","","","","","",""
"2002","lower secondary degree","(2c_voc) vocational maturity certificate","","","","","","","","","","","","","",""
"2002","lower secondary degree","(3a) lower tertiary education","","","","","","","","","","","","","",""
"2002","lower secondary degree","(3b) higher tertiary education","","","","","","","","","","","","","",""
"2002","no degree/no degree yet","(0) in school","","","","","","","","","","","","","",""
"2002","no degree/no degree yet","(1a) inadequately completed","","","","","","","","","","","","","",""
"2002","no degree/no degree yet","(1b) general elementary school","","","","","","","","","","","","","",""
"2002","no degree/no degree yet","(1c) basic vocational qualification","","","","","","","","","","","","","",""
"2002","no degree/no degree yet","(2a) intermediate vocational","","","","","","","","","","","","","",""
"2002","no degree/no degree yet","(2b) intermediate general qualification","","","","","","","","","","","","","",""
"2002","no degree/no degree yet","(2c_gen) general maturity certificate","","","","","","","","","","","","","",""
"2002","no degree/no degree yet","(2c_voc) vocational maturity certificate","","","","","","","","","","","","","",""
"2002","no degree/no degree yet","(3a) lower tertiary education","","","","","","","","","","","","","",""
"2002","no degree/no degree yet","(3b) higher tertiary education","","","","","","","","","","","","","",""
"2002","Other degree","(0) in school","","","","","","","","","","","","","",""
"2002","Other degree","(1a) inadequately completed","","","","","","","","","","","","","",""
"2002","Other degree","(1b) general elementary school","","","","","","","","","","","","","",""
"2002","Other degree","(1c) basic vocational qualification","","","","","","","","","","","","","",""
"2002","Other degree","(2a) intermediate vocational","","","","","","","","","","","","","",""
"2002","Other degree","(2b) intermediate general qualification","","","","","","","","","","","","","",""
"2002","Other degree","(2c_gen) general maturity certificate","","","","","","","","","","","","","",""
"2002","Other degree","(2c_voc) vocational maturity certificate","","","","","","","","","","","","","",""
"2002","Other degree","(3a) lower tertiary education","","","","","","","","","","","","","",""
"2002","Other degree","(3b) higher tertiary education","","","","","","","","","","","","","",""
"2002","secondary school degree","(0) in school","","","","","","","","","","","","","",""
"2002","secondary school degree","(1a) inadequately completed","","","","","","","","","","","","","",""
"2002","secondary school degree","(1b) general elementary school","","","","","","","","","","","","","",""
"2002","secondary school degree","(1c) basic vocational qualification","","","","","","","","","","","","","",""
"2002","secondary school degree","(2a) intermediate vocational","","","","","","","","","","","","","",""
"2002","secondary school degree","(2b) intermediate general qualification","","","","","","","","","","","","","",""
"2002","secondary school degree","(2c_gen) general maturity certificate","","","","","","","","","","","","","",""
"2002","secondary school degree","(2c_voc) vocational maturity certificate","","","","","","","","","","","","","",""
"2002","secondary school degree","(3a) lower tertiary education","","","","","","","","","","","","","",""
"2002","secondary school degree","(3b) higher tertiary education","","","","","","","","","","","","","",""
"2003","college entrance qualification","(0) in school","","","","","","","","","","","","","",""
"2003","college entrance qualification","(1a) inadequately completed","","","","","","","","","","","","","",""
"2003","college entrance qualification","(1b) general elementary school","","","","","","","","","","","","","",""
"2003","college entrance qualification","(1c) basic vocational qualification","","","","","","","","","","","","","",""
"2003","college entrance qualification","(2a) intermediate vocational","","","","","","","","","","","","","",""
"2003","college entrance qualification","(2b) intermediate general qualification","","","","","","","","","","","","","",""
"2003","college entrance qualification","(2c_gen) general maturity certificate","","","","","","","","","","","","","",""
"2003","college entrance qualification","(2c_voc) vocational maturity certificate","","","","","","","","","","","","","",""
"2003","college entrance qualification","(3a) lower tertiary education","","","","","","","","","","","","","",""
"2003","college entrance qualification","(3b) higher tertiary education","","","","","","","","","","","","","",""
"2003","lower secondary degree","(0) in school","","","","","","","","","","","","","",""
"2003","lower secondary degree","(1a) inadequately completed","","","","","","","","","","","","","",""
"2003","lower secondary degree","(1b) general elementary school","","","","","","","","","","","","","",""
"2003","lower secondary degree","(1c) basic vocational qualification","","","","","","","","","","","","","",""
"2003","lower secondary degree","(2a) intermediate vocational","","","","","","","","","","","","","",""
"2003","lower secondary degree","(2b) intermediate general qualification","","","","","","","","","","","","","",""
"2003","lower secondary degree","(2c_gen) general maturity certificate","","","","","","","","","","","","","",""
"2003","lower secondary degree","(2c_voc) vocational maturity certificate","","","","","","","","","","","","","",""
"2003","lower secondary degree","(3a) lower tertiary education","","","","","","","","","","","","","",""
"2003","lower secondary degree","(3b) higher tertiary education","","","","","","","","","","","","","",""
"2003","no degree/no degree yet","(0) in school","","","","","","","","","","","","","",""
"2003","no degree/no degree yet","(1a) inadequately completed","","","","","","","","","","","","","",""
"2003","no degree/no degree yet","(1b) general elementary school","","","","","","","","","","","","","",""
"2003","no degree/no degree yet","(1c) basic vocational qualification","","","","","","","","","","","","","",""
"2003","no degree/no degree yet","(2a) intermediate vocational","","","","","","","","","","","","","",""
"2003","no degree/no degree yet","(2b) intermediate general qualification","","","","","","","","","","","","","",""
"2003","no degree/no degree yet","(2c_gen) general maturity certificate","","","","","","","","","","","","","",""
"2003","no degree/no degree yet","(2c_voc) vocational maturity certificate","","","","","","","","","","","","","",""
"2003","no degree/no degree yet","(3a) lower tertiary education","","","","","","","","","","","","","",""
"2003","no degree/no degree yet","(3b) higher tertiary education","","","","","","","","","","","","","",""
"2003","Other degree","(0) in school","","","","","","","","","","","","","",""
"2003","Other degree","(1a) inadequately completed","","","","","","","","","","","","","",""
"2003","Other degree","(1b) general elementary school","","","","","","","","","","","","","",""
"2003","Other degree","(1c) basic vocational qualification","","","","","","","","","","","","","",""
"2003","Other degree","(2a) intermediate vocational","","","","","","","","","","","","","",""
"2003","Other degree","(2b) intermediate general qualification","","","","","","","","","","","","","",""
"2003","Other degree","(2c_gen) general maturity certificate","","","","","","","","","","","","","",""
"2003","Other degree","(2c_voc) vocational maturity certificate","","","","","","","","","","","","","",""
"2003","Other degree","(3a) lower tertiary education","","","","","","","","","","","","","",""
"2003","Other degree","(3b) higher tertiary education","","","","","","","","","","","","","",""
"2003","secondary school degree","(0) in school","","","","","","","","","","","","","",""
"2003","secondary school degree","(1a) inadequately completed","","","","","","","","","","","","","",""
"2003","secondary school degree","(1b) general elementary school","","","","","","","","","","","","","",""
"2003","secondary school degree","(1c) basic vocational qualification","","","","","","","","","","","","","",""
"2003","secondary school degree","(2a) intermediate vocational","","","","","","","","","","","","","",""
"2003","secondary school degree","(2b) intermediate general qualification","","","","","","","","","","","","","",""
"2003","secondary school degree","(2c_gen) general maturity certificate","","","","","","","","","","","","","",""
"2003","secondary school degree","(2c_voc) vocational maturity certificate","","","","","","","","","","","","","",""
"2003","secondary school degree","(3a) lower tertiary education","","","","","","","","","","","","","",""
"2003","secondary school degree","(3b) higher tertiary education","","","","","","","","","","","","","",""
"2004","college entrance qualification","(0) in school","","","","","","","","","","","","","",""
"2004","college entrance qualification","(1a) inadequately completed","","","","","","","","","","","","","",""
"2004","college entrance qualification","(1b) general elementary school","","","","","","","","","","","","","",""
"2004","college entrance qualification","(1c) basic vocational qualification","","","","","","","","","","","","","",""
"2004","college entrance qualification","(2a) intermediate vocational","","","","","","","","","","","","","",""
"2004","college entrance qualification","(2b) intermediate general qualification","","","","","","","","","","","","","",""
"2004","college entrance qualification","(2c_gen) general maturity certificate","2.51","3","772","1","2","3","4","4","2.45","2.57","1","4","3","3"
"2004","college entrance qualification","(2c_voc) vocational maturity certificate","2.4","2","1333","1","2","3","4","4","2.35","2.45","1","4","2","2"
"2004","college entrance qualification","(3a) lower tertiary education","2.38","2","998","1","2","3","4","4","2.32","2.44","1","4","2","2"
"2004","college entrance qualification","(3b) higher tertiary education","2.42","2","2259","1","2","3","4","4","2.38","2.46","1","4","2","2"
"2004","lower secondary degree","(0) in school","","","","","","","","","","","","","",""
"2004","lower secondary degree","(1a) inadequately completed","","","","","","","","","","","","","",""
"2004","lower secondary degree","(1b) general elementary school","2.47","2","1615","1","2","3","4","4","2.42","2.52","1","4","2","2"
"2004","lower secondary degree","(1c) basic vocational qualification","2.36","2","5635","1","1","3","4","4","2.33","2.39","1","4","2","2"
"2004","lower secondary degree","(2a) intermediate vocational","","","","","","","","","","","","","",""
"2004","lower secondary degree","(2b) intermediate general qualification","","","","","","","","","","","","","",""
"2004","lower secondary degree","(2c_gen) general maturity certificate","","","","","","","","","","","","","",""
"2004","lower secondary degree","(2c_voc) vocational maturity certificate","2.28","2","30","1","1","3","4","4","1.93","2.63","1","4","2","3"
"2004","lower secondary degree","(3a) lower tertiary education","2.35","2","146","1","2","3","4","4","2.19","2.51","1","4","2","2"
"2004","lower secondary degree","(3b) higher tertiary education","2.36","2","42","1","1","3","4","4","2.03","2.69","1","4","2","3"
"2004","no degree/no degree yet","(0) in school","2.34","2","631","1","2","3","3","4","2.27","2.41","1","4","2","3"
"2004","no degree/no degree yet","(1a) inadequately completed","2.51","2","257","1","2","3","4","4","2.38","2.64","1","4","2","3"
"2004","no degree/no degree yet","(1b) general elementary school","","","","","","","","","","","","","",""
"2004","no degree/no degree yet","(1c) basic vocational qualification","","","","","","","","","","","","","",""
"2004","no degree/no degree yet","(2a) intermediate vocational","","","","","","","","","","","","","",""
"2004","no degree/no degree yet","(2b) intermediate general qualification","","","","","","","","","","","","","",""
"2004","no degree/no degree yet","(2c_gen) general maturity certificate","","","","","","","","","","","","","",""
"2004","no degree/no degree yet","(2c_voc) vocational maturity certificate","","","","","","","","","","","","","",""
"2004","no degree/no degree yet","(3a) lower tertiary education","","","","","","","","","","","","","",""
"2004","no degree/no degree yet","(3b) higher tertiary education","","","","","","","","","","","","","",""
"2004","Other degree","(0) in school","","","","","","","","","","","","","",""
"2004","Other degree","(1a) inadequately completed","","","","","","","","","","","","","",""
"2004","Other degree","(1b) general elementary school","2.51","2","385","1","2","3","4","4","2.41","2.61","1","4","2","3"
"2004","Other degree","(1c) basic vocational qualification","2.36","2","396","1","1","3","4","4","2.26","2.46","1","4","2","2"
"2004","Other degree","(2a) intermediate vocational","","","","","","","","","","","","","",""
"2004","Other degree","(2b) intermediate general qualification","","","","","","","","","","","","","",""
"2004","Other degree","(2c_gen) general maturity certificate","2.36","2","60","1","1","3","4","4","2.1","2.62","1","4","2","3"
"2004","Other degree","(2c_voc) vocational maturity certificate","2.24","2","150","1","1","3","4","4","2.08","2.4","1","4","2","2"
"2004","Other degree","(3a) lower tertiary education","","","","","","","","","","","","","",""
"2004","Other degree","(3b) higher tertiary education","2.42","2","165","1","2","3","4","4","2.27","2.57","1","4","2","2"
"2004","secondary school degree","(0) in school","","","","","","","","","","","","","",""
"2004","secondary school degree","(1a) inadequately completed","","","","","","","","","","","","","",""
"2004","secondary school degree","(1b) general elementary school","","","","","","","","","","","","","",""
"2004","secondary school degree","(1c) basic vocational qualification","","","","","","","","","","","","","",""
"2004","secondary school degree","(2a) intermediate vocational","2.37","2","4973","1","2","3","4","4","2.34","2.4","1","4","2","2"
"2004","secondary school degree","(2b) intermediate general qualification","2.45","3","604","1","2","3","4","4","2.38","2.52","1","4","2","3"
"2004","secondary school degree","(2c_gen) general maturity certificate","","","","","","","","","","","","","",""
"2004","secondary school degree","(2c_voc) vocational maturity certificate","2.04","2","44","1","1","3","3","3","1.8","2.28","1","3","1","2"
"2004","secondary school degree","(3a) lower tertiary education","2.42","2","528","1","2","3","4","4","2.33","2.51","1","4","2","2"
"2004","secondary school degree","(3b) higher tertiary education","2.69","3","115","1","2","3","4","4","2.5","2.88","1","4","2","3"
"2005","college entrance qualification","(0) in school","","","","","","","","","","","","","",""
"2005","college entrance qualification","(1a) inadequately completed","","","","","","","","","","","","","",""
"2005","college entrance qualification","(1b) general elementary school","","","","","","","","","","","","","",""
"2005","college entrance qualification","(1c) basic vocational qualification","","","","","","","","","","","","","",""
"2005","college entrance qualification","(2a) intermediate vocational","","","","","","","","","","","","","",""
"2005","college entrance qualification","(2b) intermediate general qualification","","","","","","","","","","","","","",""
"2005","college entrance qualification","(2c_gen) general maturity certificate","","","","","","","","","","","","","",""
"2005","college entrance qualification","(2c_voc) vocational maturity certificate","","","","","","","","","","","","","",""
"2005","college entrance qualification","(3a) lower tertiary education","","","","","","","","","","","","","",""
"2005","college entrance qualification","(3b) higher tertiary education","","","","","","","","","","","","","",""
"2005","lower secondary degree","(0) in school","","","","","","","","","","","","","",""
"2005","lower secondary degree","(1a) inadequately completed","","","","","","","","","","","","","",""
"2005","lower secondary degree","(1b) general elementary school","","","","","","","","","","","","","",""
"2005","lower secondary degree","(1c) basic vocational qualification","","","","","","","","","","","","","",""
"2005","lower secondary degree","(2a) intermediate vocational","","","","","","","","","","","","","",""
"2005","lower secondary degree","(2b) intermediate general qualification","","","","","","","","","","","","","",""
"2005","lower secondary degree","(2c_gen) general maturity certificate","","","","","","","","","","","","","",""
"2005","lower secondary degree","(2c_voc) vocational maturity certificate","","","","","","","","","","","","","",""
"2005","lower secondary degree","(3a) lower tertiary education","","","","","","","","","","","","","",""
"2005","lower secondary degree","(3b) higher tertiary education","","","","","","","","","","","","","",""
"2005","no degree/no degree yet","(0) in school","","","","","","","","","","","","","",""
"2005","no degree/no degree yet","(1a) inadequately completed","","","","","","","","","","","","","",""
"2005","no degree/no degree yet","(1b) general elementary school","","","","","","","","","","","","","",""
"2005","no degree/no degree yet","(1c) basic vocational qualification","","","","","","","","","","","","","",""
"2005","no degree/no degree yet","(2a) intermediate vocational","","","","","","","","","","","","","",""
"2005","no degree/no degree yet","(2b) intermediate general qualification","","","","","","","","","","","","","",""
"2005","no degree/no degree yet","(2c_gen) general maturity certificate","","","","","","","","","","","","","",""
"2005","no degree/no degree yet","(2c_voc) vocational maturity certificate","","","","","","","","","","","","","",""
"2005","no degree/no degree yet","(3a) lower tertiary education","","","","","","","","","","","","","",""
"2005","no degree/no degree yet","(3b) higher tertiary education","","","","","","","","","","","","","",""
"2005","Other degree","(0) in school","","","","","","","","","","","","","",""
"2005","Other degree","(1a) inadequately completed","","","","","","","","","","","","","",""
"2005","Other degree","(1b) general elementary school","","","","","","","","","","","","","",""
"2005","Other degree","(1c) basic vocational qualification","","","","","","","","","","","","","",""
"2005","Other degree","(2a) intermediate vocational","","","","","","","","","","","","","",""
"2005","Other degree","(2b) intermediate general qualification","","","","","","","","","","","","","",""
"2005","Other degree","(2c_gen) general maturity certificate","","","","","","","","","","","","","",""
"2005","Other degree","(2c_voc) vocational maturity certificate","","","","","","","","","","","","","",""
"2005","Other degree","(3a) lower tertiary education","","","","","","","","","","","","","",""
"2005","Other degree","(3b) higher tertiary education","","","","","","","","","","","","","",""
"2005","secondary school degree","(0) in school","","","","","","","","","","","","","",""
"2005","secondary school degree","(1a) inadequately completed","","","","","","","","","","","","","",""
"2005","secondary school degree","(1b) general elementary school","","","","","","","","","","","","","",""
"2005","secondary school degree","(1c) basic vocational qualification","","","","","","","","","","","","","",""
"2005","secondary school degree","(2a) intermediate vocational","","","","","","","","","","","","","",""
"2005","secondary school degree","(2b) intermediate general qualification","","","","","","","","","","","","","",""
"2005","secondary school degree","(2c_gen) general maturity certificate","","","","","","","","","","","","","",""
"2005","secondary school degree","(2c_voc) vocational maturity certificate","","","","","","","","","","","","","",""
"2005","secondary school degree","(3a) lower tertiary education","","","","","","","","","","","","","",""
"2005","secondary school degree","(3b) higher tertiary education","","","","","","","","","","","","","",""
"2006","college entrance qualification","(0) in school","","","","","","","","","","","","","",""
"2006","college entrance qualification","(1a) inadequately completed","","","","","","","","","","","","","",""
"2006","college entrance qualification","(1b) general elementary school","","","","","","","","","","","","","",""
"2006","college entrance qualification","(1c) basic vocational qualification","","","","","","","","","","","","","",""
"2006","college entrance qualification","(2a) intermediate vocational","","","","","","","","","","","","","",""
"2006","college entrance qualification","(2b) intermediate general qualification","","","","","","","","","","","","","",""
"2006","college entrance qualification","(2c_gen) general maturity certificate","","","","","","","","","","","","","",""
"2006","college entrance qualification","(2c_voc) vocational maturity certificate","","","","","","","","","","","","","",""
"2006","college entrance qualification","(3a) lower tertiary education","","","","","","","","","","","","","",""
"2006","college entrance qualification","(3b) higher tertiary education","","","","","","","","","","","","","",""
"2006","lower secondary degree","(0) in school","","","","","","","","","","","","","",""
"2006","lower secondary degree","(1a) inadequately completed","","","","","","","","","","","","","",""
"2006","lower secondary degree","(1b) general elementary school","","","","","","","","","","","","","",""
"2006","lower secondary degree","(1c) basic vocational qualification","","","","","","","","","","","","","",""
"2006","lower secondary degree","(2a) intermediate vocational","","","","","","","","","","","","","",""
"2006","lower secondary degree","(2b) intermediate general qualification","","","","","","","","","","","","","",""
"2006","lower secondary degree","(2c_gen) general maturity certificate","","","","","","","","","","","","","",""
"2006","lower secondary degree","(2c_voc) vocational maturity certificate","","","","","","","","","","","","","",""
"2006","lower secondary degree","(3a) lower tertiary education","","","","","","","","","","","","","",""
"2006","lower secondary degree","(3b) higher tertiary education","","","","","","","","","","","","","",""
"2006","no degree/no degree yet","(0) in school","","","","","","","","","","","","","",""
"2006","no degree/no degree yet","(1a) inadequately completed","","","","","","","","","","","","","",""
"2006","no degree/no degree yet","(1b) general elementary school","","","","","","","","","","","","","",""
"2006","no degree/no degree yet","(1c) basic vocational qualification","","","","","","","","","","","","","",""
"2006","no degree/no degree yet","(2a) intermediate vocational","","","","","","","","","","","","","",""
"2006","no degree/no degree yet","(2b) intermediate general qualification","","","","","","","","","","","","","",""
"2006","no degree/no degree yet","(2c_gen) general maturity certificate","","","","","","","","","","","","","",""
"2006","no degree/no degree yet","(2c_voc) vocational maturity certificate","","","","","","","","","","","","","",""
"2006","no degree/no degree yet","(3a) lower tertiary education","","","","","","","","","","","","","",""
"2006","no degree/no degree yet","(3b) higher tertiary education","","","","","","","","","","","","","",""
"2006","Other degree","(0) in school","","","","","","","","","","","","","",""
"2006","Other degree","(1a) inadequately completed","","","","","","","","","","","","","",""
"2006","Other degree","(1b) general elementary school","","","","","","","","","","","","","",""
"2006","Other degree","(1c) basic vocational qualification","","","","","","","","","","","","","",""
"2006","Other degree","(2a) intermediate vocational","","","","","","","","","","","","","",""
"2006","Other degree","(2b) intermediate general qualification","","","","","","","","","","","","","",""
"2006","Other degree","(2c_gen) general maturity certificate","","","","","","","","","","","","","",""
"2006","Other degree","(2c_voc) vocational maturity certificate","","","","","","","","","","","","","",""
"2006","Other degree","(3a) lower tertiary education","","","","","","","","","","","","","",""
"2006","Other degree","(3b) higher tertiary education","","","","","","","","","","","","","",""
"2006","secondary school degree","(0) in school","","","","","","","","","","","","","",""
"2006","secondary school degree","(1a) inadequately completed","","","","","","","","","","","","","",""
"2006","secondary school degree","(1b) general elementary school","","","","","","","","","","","","","",""
"2006","secondary school degree","(1c) basic vocational qualification","","","","","","","","","","","","","",""
"2006","secondary school degree","(2a) intermediate vocational","","","","","","","","","","","","","",""
"2006","secondary school degree","(2b) intermediate general qualification","","","","","","","","","","","","","",""
"2006","secondary school degree","(2c_gen) general maturity certificate","","","","","","","","","","","","","",""
"2006","secondary school degree","(2c_voc) vocational maturity certificate","","","","","","","","","","","","","",""
"2006","secondary school degree","(3a) lower tertiary education","","","","","","","","","","","","","",""
"2006","secondary school degree","(3b) higher tertiary education","","","","","","","","","","","","","",""
"2007","college entrance qualification","(0) in school","","","","","","","","","","","","","",""
"2007","college entrance qualification","(1a) inadequately completed","","","","","","","","","","","","","",""
"2007","college entrance qualification","(1b) general elementary school","","","","","","","","","","","","","",""
"2007","college entrance qualification","(1c) basic vocational qualification","","","","","","","","","","","","","",""
"2007","college entrance qualification","(2a) intermediate vocational","","","","","","","","","","","","","",""
"2007","college entrance qualification","(2b) intermediate general qualification","","","","","","","","","","","","","",""
"2007","college entrance qualification","(2c_gen) general maturity certificate","","","","","","","","","","","","","",""
"2007","college entrance qualification","(2c_voc) vocational maturity certificate","","","","","","","","","","","","","",""
"2007","college entrance qualification","(3a) lower tertiary education","","","","","","","","","","","","","",""
"2007","college entrance qualification","(3b) higher tertiary education","","","","","","","","","","","","","",""
"2007","lower secondary degree","(0) in school","","","","","","","","","","","","","",""
"2007","lower secondary degree","(1a) inadequately completed","","","","","","","","","","","","","",""
"2007","lower secondary degree","(1b) general elementary school","","","","","","","","","","","","","",""
"2007","lower secondary degree","(1c) basic vocational qualification","","","","","","","","","","","","","",""
"2007","lower secondary degree","(2a) intermediate vocational","","","","","","","","","","","","","",""
"2007","lower secondary degree","(2b) intermediate general qualification","","","","","","","","","","","","","",""
"2007","lower secondary degree","(2c_gen) general maturity certificate","","","","","","","","","","","","","",""
"2007","lower secondary degree","(2c_voc) vocational maturity certificate","","","","","","","","","","","","","",""
"2007","lower secondary degree","(3a) lower tertiary education","","","","","","","","","","","","","",""
"2007","lower secondary degree","(3b) higher tertiary education","","","","","","","","","","","","","",""
"2007","no degree/no degree yet","(0) in school","","","","","","","","","","","","","",""
"2007","no degree/no degree yet","(1a) inadequately completed","","","","","","","","","","","","","",""
"2007","no degree/no degree yet","(1b) general elementary school","","","","","","","","","","","","","",""
"2007","no degree/no degree yet","(1c) basic vocational qualification","","","","","","","","","","","","","",""
"2007","no degree/no degree yet","(2a) intermediate vocational","","","","","","","","","","","","","",""
"2007","no degree/no degree yet","(2b) intermediate general qualification","","","","","","","","","","","","","",""
"2007","no degree/no degree yet","(2c_gen) general maturity certificate","","","","","","","","","","","","","",""
"2007","no degree/no degree yet","(2c_voc) vocational maturity certificate","","","","","","","","","","","","","",""
"2007","no degree/no degree yet","(3a) lower tertiary education","","","","","","","","","","","","","",""
"2007","no degree/no degree yet","(3b) higher tertiary education","","","","","","","","","","","","","",""
"2007","Other degree","(0) in school","","","","","","","","","","","","","",""
"2007","Other degree","(1a) inadequately completed","","","","","","","","","","","","","",""
"2007","Other degree","(1b) general elementary school","","","","","","","","","","","","","",""
"2007","Other degree","(1c) basic vocational qualification","","","","","","","","","","","","","",""
"2007","Other degree","(2a) intermediate vocational","","","","","","","","","","","","","",""
"2007","Other degree","(2b) intermediate general qualification","","","","","","","","","","","","","",""
"2007","Other degree","(2c_gen) general maturity certificate","","","","","","","","","","","","","",""
"2007","Other degree","(2c_voc) vocational maturity certificate","","","","","","","","","","","","","",""
"2007","Other degree","(3a) lower tertiary education","","","","","","","","","","","","","",""
"2007","Other degree","(3b) higher tertiary education","","","","","","","","","","","","","",""
"2007","secondary school degree","(0) in school","","","","","","","","","","","","","",""
"2007","secondary school degree","(1a) inadequately completed","","","","","","","","","","","","","",""
"2007","secondary school degree","(1b) general elementary school","","","","","","","","","","","","","",""
"2007","secondary school degree","(1c) basic vocational qualification","","","","","","","","","","","","","",""
"2007","secondary school degree","(2a) intermediate vocational","","","","","","","","","","","","","",""
"2007","secondary school degree","(2b) intermediate general qualification","","","","","","","","","","","","","",""
"2007","secondary school degree","(2c_gen) general maturity certificate","","","","","","","","","","","","","",""
"2007","secondary school degree","(2c_voc) vocational maturity certificate","","","","","","","","","","","","","",""
"2007","secondary school degree","(3a) lower tertiary education","","","","","","","","","","","","","",""
"2007","secondary school degree","(3b) higher tertiary education","","","","","","","","","","","","","",""
"2008","college entrance qualification","(0) in school","","","","","","","","","","","","","",""
"2008","college entrance qualification","(1a) inadequately completed","","","","","","","","","","","","","",""
"2008","college entrance qualification","(1b) general elementary school","","","","","","","","","","","","","",""
"2008","college entrance qualification","(1c) basic vocational qualification","","","","","","","","","","","","","",""
"2008","college entrance qualification","(2a) intermediate vocational","","","","","","","","","","","","","",""
"2008","college entrance qualification","(2b) intermediate general qualification","","","","","","","","","","","","","",""
"2008","college entrance qualification","(2c_gen) general maturity certificate","2.66","3","682","1","2","3","4","4","2.59","2.73","1","4","3","3"
"2008","college entrance qualification","(2c_voc) vocational maturity certificate","2.43","2","1256","1","2","3","4","4","2.38","2.48","1","4","2","2"
"2008","college entrance qualification","(3a) lower tertiary education","2.46","2","966","1","2","3","4","4","2.4","2.52","1","4","2","2"
"2008","college entrance qualification","(3b) higher tertiary education","2.47","2","2231","1","2","3","4","4","2.43","2.51","1","4","2","2"
"2008","lower secondary degree","(0) in school","","","","","","","","","","","","","",""
"2008","lower secondary degree","(1a) inadequately completed","","","","","","","","","","","","","",""
"2008","lower secondary degree","(1b) general elementary school","2.58","3","1283","1","2","4","4","4","2.52","2.64","1","4","2","3"
"2008","lower secondary degree","(1c) basic vocational qualification","2.46","2","4920","1","2","3","4","4","2.43","2.49","1","4","2","2"
"2008","lower secondary degree","(2a) intermediate vocational","","","","","","","","","","","","","",""
"2008","lower secondary degree","(2b) intermediate general qualification","","","","","","","","","","","","","",""
"2008","lower secondary degree","(2c_gen) general maturity certificate","","","","","","","","","","","","","",""
"2008","lower secondary degree","(2c_voc) vocational maturity certificate","","","","","","","","","","","","","",""
"2008","lower secondary degree","(3a) lower tertiary education","2.45","2","136","1","2","4","4","4","2.26","2.64","1","4","2","2"
"2008","lower secondary degree","(3b) higher tertiary education","2.12","2","40","1","1","3","3","4","1.82","2.42","1","4","2","3"
"2008","no degree/no degree yet","(0) in school","2.48","3","354","1","2","3","3","4","2.39","2.57","1","4","2","3"
"2008","no degree/no degree yet","(1a) inadequately completed","2.7","3","187","1","2","4","4","4","2.55","2.85","1","4","3","3"
"2008","no degree/no degree yet","(1b) general elementary school","","","","","","","","","","","","","",""
"2008","no degree/no degree yet","(1c) basic vocational qualification","","","","","","","","","","","","","",""
"2008","no degree/no degree yet","(2a) intermediate vocational","","","","","","","","","","","","","",""
"2008","no degree/no degree yet","(2b) intermediate general qualification","","","","","","","","","","","","","",""
"2008","no degree/no degree yet","(2c_gen) general maturity certificate","","","","","","","","","","","","","",""
"2008","no degree/no degree yet","(2c_voc) vocational maturity certificate","","","","","","","","","","","","","",""
"2008","no degree/no degree yet","(3a) lower tertiary education","","","","","","","","","","","","","",""
"2008","no degree/no degree yet","(3b) higher tertiary education","","","","","","","","","","","","","",""
"2008","Other degree","(0) in school","","","","","","","","","","","","","",""
"2008","Other degree","(1a) inadequately completed","","","","","","","","","","","","","",""
"2008","Other degree","(1b) general elementary school","2.72","3","281","1","2","4","4","4","2.59","2.85","1","4","3","3"
"2008","Other degree","(1c) basic vocational qualification","2.53","2","294","1","2","3","4","4","2.41","2.65","1","4","2","3"
"2008","Other degree","(2a) intermediate vocational","","","","","","","","","","","","","",""
"2008","Other degree","(2b) intermediate general qualification","","","","","","","","","","","","","",""
"2008","Other degree","(2c_gen) general maturity certificate","2.56","3","48","1","2","3","4","4","2.27","2.85","1","4","2","3"
"2008","Other degree","(2c_voc) vocational maturity certificate","2.54","3","133","1","2","3","4","4","2.36","2.72","1","4","2","3"
"2008","Other degree","(3a) lower tertiary education","2.52","2.94","30","1","2","3","4","4","2.13","2.91","1","4","2","3"
"2008","Other degree","(3b) higher tertiary education","2.43","2","149","1","2","3","4","4","2.28","2.58","1","4","2","2"
"2008","secondary school degree","(0) in school","","","","","","","","","","","","","",""
"2008","secondary school degree","(1a) inadequately completed","","","","","","","","","","","","","",""
"2008","secondary school degree","(1b) general elementary school","","","","","","","","","","","","","",""
"2008","secondary school degree","(1c) basic vocational qualification","","","","","","","","","","","","","",""
"2008","secondary school degree","(2a) intermediate vocational","2.46","2","4617","1","2","3","4","4","2.43","2.49","1","4","2","2"
"2008","secondary school degree","(2b) intermediate general qualification","2.51","3","481","1","2","3","4","4","2.43","2.59","1","4","2","3"
"2008","secondary school degree","(2c_gen) general maturity certificate","","","","","","","","","","","","","",""
"2008","secondary school degree","(2c_voc) vocational maturity certificate","2.43","3","37","1","2","3","3","4","2.14","2.72","1","4","2","2"
"2008","secondary school degree","(3a) lower tertiary education","2.55","3","498","1","2","3","4","4","2.46","2.64","1","4","2","3"
"2008","secondary school degree","(3b) higher tertiary education","2.7","3","108","1","2","4","4","4","2.51","2.89","1","4","2","3"
"2009","college entrance qualification","(0) in school","","","","","","","","","","","","","",""
"2009","college entrance qualification","(1a) inadequately completed","","","","","","","","","","","","","",""
"2009","college entrance qualification","(1b) general elementary school","","","","","","","","","","","","","",""
"2009","college entrance qualification","(1c) basic vocational qualification","","","","","","","","","","","","","",""
"2009","college entrance qualification","(2a) intermediate vocational","","","","","","","","","","","","","",""
"2009","college entrance qualification","(2b) intermediate general qualification","","","","","","","","","","","","","",""
"2009","college entrance qualification","(2c_gen) general maturity certificate","","","","","","","","","","","","","",""
"2009","college entrance qualification","(2c_voc) vocational maturity certificate","","","","","","","","","","","","","",""
"2009","college entrance qualification","(3a) lower tertiary education","","","","","","","","","","","","","",""
"2009","college entrance qualification","(3b) higher tertiary education","","","","","","","","","","","","","",""
"2009","lower secondary degree","(0) in school","","","","","","","","","","","","","",""
"2009","lower secondary degree","(1a) inadequately completed","","","","","","","","","","","","","",""
"2009","lower secondary degree","(1b) general elementary school","","","","","","","","","","","","","",""
"2009","lower secondary degree","(1c) basic vocational qualification","","","","","","","","","","","","","",""
"2009","lower secondary degree","(2a) intermediate vocational","","","","","","","","","","","","","",""
"2009","lower secondary degree","(2b) intermediate general qualification","","","","","","","","","","","","","",""
"2009","lower secondary degree","(2c_gen) general maturity certificate","","","","","","","","","","","","","",""
"2009","lower secondary degree","(2c_voc) vocational maturity certificate","","","","","","","","","","","","","",""
"2009","lower secondary degree","(3a) lower tertiary education","","","","","","","","","","","","","",""
"2009","lower secondary degree","(3b) higher tertiary education","","","","","","","","","","","","","",""
"2009","no degree/no degree yet","(0) in school","","","","","","","","","","","","","",""
"2009","no degree/no degree yet","(1a) inadequately completed","","","","","","","","","","","","","",""
"2009","no degree/no degree yet","(1b) general elementary school","","","","","","","","","","","","","",""
"2009","no degree/no degree yet","(1c) basic vocational qualification","","","","","","","","","","","","","",""
"2009","no degree/no degree yet","(2a) intermediate vocational","","","","","","","","","","","","","",""
"2009","no degree/no degree yet","(2b) intermediate general qualification","","","","","","","","","","","","","",""
"2009","no degree/no degree yet","(2c_gen) general maturity certificate","","","","","","","","","","","","","",""
"2009","no degree/no degree yet","(2c_voc) vocational maturity certificate","","","","","","","","","","","","","",""
"2009","no degree/no degree yet","(3a) lower tertiary education","","","","","","","","","","","","","",""
"2009","no degree/no degree yet","(3b) higher tertiary education","","","","","","","","","","","","","",""
"2009","Other degree","(0) in school","","","","","","","","","","","","","",""
"2009","Other degree","(1a) inadequately completed","","","","","","","","","","","","","",""
"2009","Other degree","(1b) general elementary school","","","","","","","","","","","","","",""
"2009","Other degree","(1c) basic vocational qualification","","","","","","","","","","","","","",""
"2009","Other degree","(2a) intermediate vocational","","","","","","","","","","","","","",""
"2009","Other degree","(2b) intermediate general qualification","","","","","","","","","","","","","",""
"2009","Other degree","(2c_gen) general maturity certificate","","","","","","","","","","","","","",""
"2009","Other degree","(2c_voc) vocational maturity certificate","","","","","","","","","","","","","",""
"2009","Other degree","(3a) lower tertiary education","","","","","","","","","","","","","",""
"2009","Other degree","(3b) higher tertiary education","","","","","","","","","","","","","",""
"2009","secondary school degree","(0) in school","","","","","","","","","","","","","",""
"2009","secondary school degree","(1a) inadequately completed","","","","","","","","","","","","","",""
"2009","secondary school degree","(1b) general elementary school","","","","","","","","","","","","","",""
"2009","secondary school degree","(1c) basic vocational qualification","","","","","","","","","","","","","",""
"2009","secondary school degree","(2a) intermediate vocational","","","","","","","","","","","","","",""
"2009","secondary school degree","(2b) intermediate general qualification","","","","","","","","","","","","","",""
"2009","secondary school degree","(2c_gen) general maturity certificate","","","","","","","","","","","","","",""
"2009","secondary school degree","(2c_voc) vocational maturity certificate","","","","","","","","","","","","","",""
"2009","secondary school degree","(3a) lower tertiary education","","","","","","","","","","","","","",""
"2009","secondary school degree","(3b) higher tertiary education","","","","","","","","","","","","","",""
"2010","college entrance qualification","(0) in school","","","","","","","","","","","","","",""
"2010","college entrance qualification","(1a) inadequately completed","","","","","","","","","","","","","",""
"2010","college entrance qualification","(1b) general elementary school","","","","","","","","","","","","","",""
"2010","college entrance qualification","(1c) basic vocational qualification","","","","","","","","","","","","","",""
"2010","college entrance qualification","(2a) intermediate vocational","","","","","","","","","","","","","",""
"2010","college entrance qualification","(2b) intermediate general qualification","","","","","","","","","","","","","",""
"2010","college entrance qualification","(2c_gen) general maturity certificate","2.63","3","161","1","2","3","4","4","2.49","2.77","1","4","2","3"
"2010","college entrance qualification","(2c_voc) vocational maturity certificate","2.35","2","741","1","2","3","3","4","2.29","2.41","1","4","2","2"
"2010","college entrance qualification","(3a) lower tertiary education","2.28","2","356","1","2","3","3","4","2.19","2.37","1","4","2","2"
"2010","college entrance qualification","(3b) higher tertiary education","2.37","2","876","1","2","3","3","4","2.31","2.43","1","4","2","2"
"2010","lower secondary degree","(0) in school","","","","","","","","","","","","","",""
"2010","lower secondary degree","(1a) inadequately completed","","","","","","","","","","","","","",""
"2010","lower secondary degree","(1b) general elementary school","2.38","2","414","1","2","3","4","4","2.29","2.47","1","4","2","3"
"2010","lower secondary degree","(1c) basic vocational qualification","2.3","2","1072","1","2","3","4","4","2.24","2.36","1","4","2","2"
"2010","lower secondary degree","(2a) intermediate vocational","","","","","","","","","","","","","",""
"2010","lower secondary degree","(2b) intermediate general qualification","","","","","","","","","","","","","",""
"2010","lower secondary degree","(2c_gen) general maturity certificate","","","","","","","","","","","","","",""
"2010","lower secondary degree","(2c_voc) vocational maturity certificate","","","","","","","","","","","","","",""
"2010","lower secondary degree","(3a) lower tertiary education","","","","","","","","","","","","","",""
"2010","lower secondary degree","(3b) higher tertiary education","","","","","","","","","","","","","",""
"2010","no degree/no degree yet","(0) in school","2.17","2","143","1","1","3","3","4","2.03","2.31","1","4","2","3"
"2010","no degree/no degree yet","(1a) inadequately completed","2.13","2","211","1","1","3","3","4","2","2.26","1","4","2","2"
"2010","no degree/no degree yet","(1b) general elementary school","","","","","","","","","","","","","",""
"2010","no degree/no degree yet","(1c) basic vocational qualification","","","","","","","","","","","","","",""
"2010","no degree/no degree yet","(2a) intermediate vocational","","","","","","","","","","","","","",""
"2010","no degree/no degree yet","(2b) intermediate general qualification","","","","","","","","","","","","","",""
"2010","no degree/no degree yet","(2c_gen) general maturity certificate","","","","","","","","","","","","","",""
"2010","no degree/no degree yet","(2c_voc) vocational maturity certificate","","","","","","","","","","","","","",""
"2010","no degree/no degree yet","(3a) lower tertiary education","","","","","","","","","","","","","",""
"2010","no degree/no degree yet","(3b) higher tertiary education","","","","","","","","","","","","","",""
"2010","Other degree","(0) in school","","","","","","","","","","","","","",""
"2010","Other degree","(1a) inadequately completed","","","","","","","","","","","","","",""
"2010","Other degree","(1b) general elementary school","1.87","2","217","1","1","2","3","4","1.75","1.99","1","4","2","2"
"2010","Other degree","(1c) basic vocational qualification","2.13","2","187","1","1","3","3","4","2","2.26","1","4","2","2"
"2010","Other degree","(2a) intermediate vocational","","","","","","","","","","","","","",""
"2010","Other degree","(2b) intermediate general qualification","","","","","","","","","","","","","",""
"2010","Other degree","(2c_gen) general maturity certificate","2.03","2","108","1","1","3","3","4","1.86","2.2","1","4","2","2"
"2010","Other degree","(2c_voc) vocational maturity certificate","2.11","2","146","1","1","3","3","4","1.96","2.26","1","4","2","2"
"2010","Other degree","(3a) lower tertiary education","","","","","","","","","","","","","",""
"2010","Other degree","(3b) higher tertiary education","2.18","2","199","1","2","3","3","4","2.06","2.3","1","4","2","2"
"2010","secondary school degree","(0) in school","","","","","","","","","","","","","",""
"2010","secondary school degree","(1a) inadequately completed","","","","","","","","","","","","","",""
"2010","secondary school degree","(1b) general elementary school","","","","","","","","","","","","","",""
"2010","secondary school degree","(1c) basic vocational qualification","","","","","","","","","","","","","",""
"2010","secondary school degree","(2a) intermediate vocational","2.37","2","2101","1","2","3","4","4","2.33","2.41","1","4","2","2"
"2010","secondary school degree","(2b) intermediate general qualification","2.5","3","226","1","2","3","4","4","2.37","2.63","1","4","2","3"
"2010","secondary school degree","(2c_gen) general maturity certificate","","","","","","","","","","","","","",""
"2010","secondary school degree","(2c_voc) vocational maturity certificate","","","","","","","","","","","","","",""
"2010","secondary school degree","(3a) lower tertiary education","2.42","2","69","1","2","3","4","4","2.18","2.66","1","4","2","3"
"2010","secondary school degree","(3b) higher tertiary education","","","","","","","","","","","","","",""
"2011","college entrance qualification","(0) in school","","","","","","","","","","","","","",""
"2011","college entrance qualification","(1a) inadequately completed","","","","","","","","","","","","","",""
"2011","college entrance qualification","(1b) general elementary school","","","","","","","","","","","","","",""
"2011","college entrance qualification","(1c) basic vocational qualification","","","","","","","","","","","","","",""
"2011","college entrance qualification","(2a) intermediate vocational","","","","","","","","","","","","","",""
"2011","college entrance qualification","(2b) intermediate general qualification","","","","","","","","","","","","","",""
"2011","college entrance qualification","(2c_gen) general maturity certificate","","","","","","","","","","","","","",""
"2011","college entrance qualification","(2c_voc) vocational maturity certificate","","","","","","","","","","","","","",""
"2011","college entrance qualification","(3a) lower tertiary education","","","","","","","","","","","","","",""
"2011","college entrance qualification","(3b) higher tertiary education","","","","","","","","","","","","","",""
"2011","lower secondary degree","(0) in school","","","","","","","","","","","","","",""
"2011","lower secondary degree","(1a) inadequately completed","","","","","","","","","","","","","",""
"2011","lower secondary degree","(1b) general elementary school","","","","","","","","","","","","","",""
"2011","lower secondary degree","(1c) basic vocational qualification","","","","","","","","","","","","","",""
"2011","lower secondary degree","(2a) intermediate vocational","","","","","","","","","","","","","",""
"2011","lower secondary degree","(2b) intermediate general qualification","","","","","","","","","","","","","",""
"2011","lower secondary degree","(2c_gen) general maturity certificate","","","","","","","","","","","","","",""
"2011","lower secondary degree","(2c_voc) vocational maturity certificate","","","","","","","","","","","","","",""
"2011","lower secondary degree","(3a) lower tertiary education","","","","","","","","","","","","","",""
"2011","lower secondary degree","(3b) higher tertiary education","","","","","","","","","","","","","",""
"2011","no degree/no degree yet","(0) in school","","","","","","","","","","","","","",""
"2011","no degree/no degree yet","(1a) inadequately completed","","","","","","","","","","","","","",""
"2011","no degree/no degree yet","(1b) general elementary school","","","","","","","","","","","","","",""
"2011","no degree/no degree yet","(1c) basic vocational qualification","","","","","","","","","","","","","",""
"2011","no degree/no degree yet","(2a) intermediate vocational","","","","","","","","","","","","","",""
"2011","no degree/no degree yet","(2b) intermediate general qualification","","","","","","","","","","","","","",""
"2011","no degree/no degree yet","(2c_gen) general maturity certificate","","","","","","","","","","","","","",""
"2011","no degree/no degree yet","(2c_voc) vocational maturity certificate","","","","","","","","","","","","","",""
"2011","no degree/no degree yet","(3a) lower tertiary education","","","","","","","","","","","","","",""
"2011","no degree/no degree yet","(3b) higher tertiary education","","","","","","","","","","","","","",""
"2011","Other degree","(0) in school","","","","","","","","","","","","","",""
"2011","Other degree","(1a) inadequately completed","","","","","","","","","","","","","",""
"2011","Other degree","(1b) general elementary school","","","","","","","","","","","","","",""
"2011","Other degree","(1c) basic vocational qualification","","","","","","","","","","","","","",""
"2011","Other degree","(2a) intermediate vocational","","","","","","","","","","","","","",""
"2011","Other degree","(2b) intermediate general qualification","","","","","","","","","","","","","",""
"2011","Other degree","(2c_gen) general maturity certificate","","","","","","","","","","","","","",""
"2011","Other degree","(2c_voc) vocational maturity certificate","","","","","","","","","","","","","",""
"2011","Other degree","(3a) lower tertiary education","","","","","","","","","","","","","",""
"2011","Other degree","(3b) higher tertiary education","","","","","","","","","","","","","",""
"2011","secondary school degree","(0) in school","","","","","","","","","","","","","",""
"2011","secondary school degree","(1a) inadequately completed","","","","","","","","","","","","","",""
"2011","secondary school degree","(1b) general elementary school","","","","","","","","","","","","","",""
"2011","secondary school degree","(1c) basic vocational qualification","","","","","","","","","","","","","",""
"2011","secondary school degree","(2a) intermediate vocational","","","","","","","","","","","","","",""
"2011","secondary school degree","(2b) intermediate general qualification","","","","","","","","","","","","","",""
"2011","secondary school degree","(2c_gen) general maturity certificate","","","","","","","","","","","","","",""
"2011","secondary school degree","(2c_voc) vocational maturity certificate","","","","","","","","","","","","","",""
"2011","secondary school degree","(3a) lower tertiary education","","","","","","","","","","","","","",""
"2011","secondary school degree","(3b) higher tertiary education","","","","","","","","","","","","","",""
"2012","college entrance qualification","(0) in school","","","","","","","","","","","","","",""
"2012","college entrance qualification","(1a) inadequately completed","","","","","","","","","","","","","",""
"2012","college entrance qualification","(1b) general elementary school","","","","","","","","","","","","","",""
"2012","college entrance qualification","(1c) basic vocational qualification","","","","","","","","","","","","","",""
"2012","college entrance qualification","(2a) intermediate vocational","","","","","","","","","","","","","",""
"2012","college entrance qualification","(2b) intermediate general qualification","","","","","","","","","","","","","",""
"2012","college entrance qualification","(2c_gen) general maturity certificate","2.58","3","907","1","2","3","4","4","2.52","2.64","1","4","3","3"
"2012","college entrance qualification","(2c_voc) vocational maturity certificate","2.47","2","2148","1","2","3","4","4","2.43","2.51","1","4","2","2"
"2012","college entrance qualification","(3a) lower tertiary education","2.37","2","1479","1","2","3","4","4","2.32","2.42","1","4","2","2"
"2012","college entrance qualification","(3b) higher tertiary education","2.5","2","3284","1","2","3","4","4","2.47","2.53","1","4","2","2"
"2012","lower secondary degree","(0) in school","","","","","","","","","","","","","",""
"2012","lower secondary degree","(1a) inadequately completed","","","","","","","","","","","","","",""
"2012","lower secondary degree","(1b) general elementary school","2.55","2","1718","1","2","3","4","4","2.5","2.6","1","4","2","2"
"2012","lower secondary degree","(1c) basic vocational qualification","2.47","2","5947","1","2","3","4","4","2.44","2.5","1","4","2","2"
"2012","lower secondary degree","(2a) intermediate vocational","","","","","","","","","","","","","",""
"2012","lower secondary degree","(2b) intermediate general qualification","","","","","","","","","","","","","",""
"2012","lower secondary degree","(2c_gen) general maturity certificate","","","","","","","","","","","","","",""
"2012","lower secondary degree","(2c_voc) vocational maturity certificate","","","","","","","","","","","","","",""
"2012","lower secondary degree","(3a) lower tertiary education","2.68","3","131","1","2","4","4","4","2.49","2.87","1","4","2","3"
"2012","lower secondary degree","(3b) higher tertiary education","2.39","2","39","1","2","3","4","4","2.03","2.75","1","4","2","3"
"2012","no degree/no degree yet","(0) in school","2.36","2","475","1","2","3","3","4","2.29","2.43","1","4","2","3"
"2012","no degree/no degree yet","(1a) inadequately completed","2.51","2","416","1","2","3","4","4","2.41","2.61","1","4","2","3"
"2012","no degree/no degree yet","(1b) general elementary school","","","","","","","","","","","","","",""
"2012","no degree/no degree yet","(1c) basic vocational qualification","","","","","","","","","","","","","",""
"2012","no degree/no degree yet","(2a) intermediate vocational","","","","","","","","","","","","","",""
"2012","no degree/no degree yet","(2b) intermediate general qualification","","","","","","","","","","","","","",""
"2012","no degree/no degree yet","(2c_gen) general maturity certificate","","","","","","","","","","","","","",""
"2012","no degree/no degree yet","(2c_voc) vocational maturity certificate","","","","","","","","","","","","","",""
"2012","no degree/no degree yet","(3a) lower tertiary education","","","","","","","","","","","","","",""
"2012","no degree/no degree yet","(3b) higher tertiary education","","","","","","","","","","","","","",""
"2012","Other degree","(0) in school","","","","","","","","","","","","","",""
"2012","Other degree","(1a) inadequately completed","","","","","","","","","","","","","",""
"2012","Other degree","(1b) general elementary school","2.56","3","463","1","2","4","4","4","2.46","2.66","1","4","2","3"
"2012","Other degree","(1c) basic vocational qualification","2.5","2","494","1","2","3","4","4","2.41","2.59","1","4","2","2"
"2012","Other degree","(2a) intermediate vocational","","","","","","","","","","","","","",""
"2012","Other degree","(2b) intermediate general qualification","","","","","","","","","","","","","",""
"2012","Other degree","(2c_gen) general maturity certificate","2.51","2","178","1","2","3","4","4","2.37","2.65","1","4","2","2"
"2012","Other degree","(2c_voc) vocational maturity certificate","2.32","2","290","1","1","3","4","4","2.2","2.44","1","4","2","2"
"2012","Other degree","(3a) lower tertiary education","2.33","2","35","1","1","3","4","4","1.92","2.74","1","4","1","3"
"2012","Other degree","(3b) higher tertiary education","2.19","2","394","1","1","3","4","4","2.1","2.28","1","4","2","2"
"2012","secondary school degree","(0) in school","","","","","","","","","","","","","",""
"2012","secondary school degree","(1a) inadequately completed","","","","","","","","","","","","","",""
"2012","secondary school degree","(1b) general elementary school","","","","","","","","","","","","","",""
"2012","secondary school degree","(1c) basic vocational qualification","","","","","","","","","","","","","",""
"2012","secondary school degree","(2a) intermediate vocational","2.46","2","6957","1","2","3","4","4","2.44","2.48","1","4","2","2"
"2012","secondary school degree","(2b) intermediate general qualification","2.55","3","762","1","2","3","4","4","2.48","2.62","1","4","2","3"
"2012","secondary school degree","(2c_gen) general maturity certificate","","","","","","","","","","","","","",""
"2012","secondary school degree","(2c_voc) vocational maturity certificate","","","","","","","","","","","","","",""
"2012","secondary school degree","(3a) lower tertiary education","2.55","3","552","1","2","3","4","4","2.47","2.63","1","4","2","3"
"2012","secondary school degree","(3b) higher tertiary education","2.64","3","147","1","2","4","4","4","2.48","2.8","1","4","2","3"
"2013","college entrance qualification","(0) in school","","","","","","","","","","","","","",""
"2013","college entrance qualification","(1a) inadequately completed","","","","","","","","","","","","","",""
"2013","college entrance qualification","(1b) general elementary school","","","","","","","","","","","","","",""
"2013","college entrance qualification","(1c) basic vocational qualification","","","","","","","","","","","","","",""
"2013","college entrance qualification","(2a) intermediate vocational","","","","","","","","","","","","","",""
"2013","college entrance qualification","(2b) intermediate general qualification","","","","","","","","","","","","","",""
"2013","college entrance qualification","(2c_gen) general maturity certificate","","","","","","","","","","","","","",""
"2013","college entrance qualification","(2c_voc) vocational maturity certificate","","","","","","","","","","","","","",""
"2013","college entrance qualification","(3a) lower tertiary education","","","","","","","","","","","","","",""
"2013","college entrance qualification","(3b) higher tertiary education","","","","","","","","","","","","","",""
"2013","lower secondary degree","(0) in school","","","","","","","","","","","","","",""
"2013","lower secondary degree","(1a) inadequately completed","","","","","","","","","","","","","",""
"2013","lower secondary degree","(1b) general elementary school","","","","","","","","","","","","","",""
"2013","lower secondary degree","(1c) basic vocational qualification","","","","","","","","","","","","","",""
"2013","lower secondary degree","(2a) intermediate vocational","","","","","","","","","","","","","",""
"2013","lower secondary degree","(2b) intermediate general qualification","","","","","","","","","","","","","",""
"2013","lower secondary degree","(2c_gen) general maturity certificate","","","","","","","","","","","","","",""
"2013","lower secondary degree","(2c_voc) vocational maturity certificate","","","","","","","","","","","","","",""
"2013","lower secondary degree","(3a) lower tertiary education","","","","","","","","","","","","","",""
"2013","lower secondary degree","(3b) higher tertiary education","","","","","","","","","","","","","",""
"2013","no degree/no degree yet","(0) in school","","","","","","","","","","","","","",""
"2013","no degree/no degree yet","(1a) inadequately completed","","","","","","","","","","","","","",""
"2013","no degree/no degree yet","(1b) general elementary school","","","","","","","","","","","","","",""
"2013","no degree/no degree yet","(1c) basic vocational qualification","","","","","","","","","","","","","",""
"2013","no degree/no degree yet","(2a) intermediate vocational","","","","","","","","","","","","","",""
"2013","no degree/no degree yet","(2b) intermediate general qualification","","","","","","","","","","","","","",""
"2013","no degree/no degree yet","(2c_gen) general maturity certificate","","","","","","","","","","","","","",""
"2013","no degree/no degree yet","(2c_voc) vocational maturity certificate","","","","","","","","","","","","","",""
"2013","no degree/no degree yet","(3a) lower tertiary education","","","","","","","","","","","","","",""
"2013","no degree/no degree yet","(3b) higher tertiary education","","","","","","","","","","","","","",""
"2013","Other degree","(0) in school","","","","","","","","","","","","","",""
"2013","Other degree","(1a) inadequately completed","","","","","","","","","","","","","",""
"2013","Other degree","(1b) general elementary school","","","","","","","","","","","","","",""
"2013","Other degree","(1c) basic vocational qualification","","","","","","","","","","","","","",""
"2013","Other degree","(2a) intermediate vocational","","","","","","","","","","","","","",""
"2013","Other degree","(2b) intermediate general qualification","","","","","","","","","","","","","",""
"2013","Other degree","(2c_gen) general maturity certificate","","","","","","","","","","","","","",""
"2013","Other degree","(2c_voc) vocational maturity certificate","","","","","","","","","","","","","",""
"2013","Other degree","(3a) lower tertiary education","","","","","","","","","","","","","",""
"2013","Other degree","(3b) higher tertiary education","","","","","","","","","","","","","",""
"2013","secondary school degree","(0) in school","","","","","","","","","","","","","",""
"2013","secondary school degree","(1a) inadequately completed","","","","","","","","","","","","","",""
"2013","secondary school degree","(1b) general elementary school","","","","","","","","","","","","","",""
"2013","secondary school degree","(1c) basic vocational qualification","","","","","","","","","","","","","",""
"2013","secondary school degree","(2a) intermediate vocational","","","","","","","","","","","","","",""
"2013","secondary school degree","(2b) intermediate general qualification","","","","","","","","","","","","","",""
"2013","secondary school degree","(2c_gen) general maturity certificate","","","","","","","","","","","","","",""
"2013","secondary school degree","(2c_voc) vocational maturity certificate","","","","","","","","","","","","","",""
"2013","secondary school degree","(3a) lower tertiary education","","","","","","","","","","","","","",""
"2013","secondary school degree","(3b) higher tertiary education","","","","","","","","","","","","","",""
"2014","college entrance qualification","(0) in school","","","","","","","","","","","","","",""
"2014","college entrance qualification","(1a) inadequately completed","","","","","","","","","","","","","",""
"2014","college entrance qualification","(1b) general elementary school","","","","","","","","","","","","","",""
"2014","college entrance qualification","(1c) basic vocational qualification","","","","","","","","","","","","","",""
"2014","college entrance qualification","(2a) intermediate vocational","","","","","","","","","","","","","",""
"2014","college entrance qualification","(2b) intermediate general qualification","","","","","","","","","","","","","",""
"2014","college entrance qualification","(2c_gen) general maturity certificate","","","","","","","","","","","","","",""
"2014","college entrance qualification","(2c_voc) vocational maturity certificate","","","","","","","","","","","","","",""
"2014","college entrance qualification","(3a) lower tertiary education","","","","","","","","","","","","","",""
"2014","college entrance qualification","(3b) higher tertiary education","","","","","","","","","","","","","",""
"2014","lower secondary degree","(0) in school","","","","","","","","","","","","","",""
"2014","lower secondary degree","(1a) inadequately completed","","","","","","","","","","","","","",""
"2014","lower secondary degree","(1b) general elementary school","","","","","","","","","","","","","",""
"2014","lower secondary degree","(1c) basic vocational qualification","","","","","","","","","","","","","",""
"2014","lower secondary degree","(2a) intermediate vocational","","","","","","","","","","","","","",""
"2014","lower secondary degree","(2b) intermediate general qualification","","","","","","","","","","","","","",""
"2014","lower secondary degree","(2c_gen) general maturity certificate","","","","","","","","","","","","","",""
"2014","lower secondary degree","(2c_voc) vocational maturity certificate","","","","","","","","","","","","","",""
"2014","lower secondary degree","(3a) lower tertiary education","","","","","","","","","","","","","",""
"2014","lower secondary degree","(3b) higher tertiary education","","","","","","","","","","","","","",""
"2014","no degree/no degree yet","(0) in school","","","","","","","","","","","","","",""
"2014","no degree/no degree yet","(1a) inadequately completed","","","","","","","","","","","","","",""
"2014","no degree/no degree yet","(1b) general elementary school","","","","","","","","","","","","","",""
"2014","no degree/no degree yet","(1c) basic vocational qualification","","","","","","","","","","","","","",""
"2014","no degree/no degree yet","(2a) intermediate vocational","","","","","","","","","","","","","",""
"2014","no degree/no degree yet","(2b) intermediate general qualification","","","","","","","","","","","","","",""
"2014","no degree/no degree yet","(2c_gen) general maturity certificate","","","","","","","","","","","","","",""
"2014","no degree/no degree yet","(2c_voc) vocational maturity certificate","","","","","","","","","","","","","",""
"2014","no degree/no degree yet","(3a) lower tertiary education","","","","","","","","","","","","","",""
"2014","no degree/no degree yet","(3b) higher tertiary education","","","","","","","","","","","","","",""
"2014","Other degree","(0) in school","","","","","","","","","","","","","",""
"2014","Other degree","(1a) inadequately completed","","","","","","","","","","","","","",""
"2014","Other degree","(1b) general elementary school","","","","","","","","","","","","","",""
"2014","Other degree","(1c) basic vocational qualification","","","","","","","","","","","","","",""
"2014","Other degree","(2a) intermediate vocational","","","","","","","","","","","","","",""
"2014","Other degree","(2b) intermediate general qualification","","","","","","","","","","","","","",""
"2014","Other degree","(2c_gen) general maturity certificate","","","","","","","","","","","","","",""
"2014","Other degree","(2c_voc) vocational maturity certificate","","","","","","","","","","","","","",""
"2014","Other degree","(3a) lower tertiary education","","","","","","","","","","","","","",""
"2014","Other degree","(3b) higher tertiary education","","","","","","","","","","","","","",""
"2014","secondary school degree","(0) in school","","","","","","","","","","","","","",""
"2014","secondary school degree","(1a) inadequately completed","","","","","","","","","","","","","",""
"2014","secondary school degree","(1b) general elementary school","","","","","","","","","","","","","",""
"2014","secondary school degree","(1c) basic vocational qualification","","","","","","","","","","","","","",""
"2014","secondary school degree","(2a) intermediate vocational","","","","","","","","","","","","","",""
"2014","secondary school degree","(2b) intermediate general qualification","","","","","","","","","","","","","",""
"2014","secondary school degree","(2c_gen) general maturity certificate","","","","","","","","","","","","","",""
"2014","secondary school degree","(2c_voc) vocational maturity certificate","","","","","","","","","","","","","",""
"2014","secondary school degree","(3a) lower tertiary education","","","","","","","","","","","","","",""
"2014","secondary school degree","(3b) higher tertiary education","","","","","","","","","","","","","",""
"2015","college entrance qualification","(0) in school","","","","","","","","","","","","","",""
"2015","college entrance qualification","(1a) inadequately completed","","","","","","","","","","","","","",""
"2015","college entrance qualification","(1b) general elementary school","","","","","","","","","","","","","",""
"2015","college entrance qualification","(1c) basic vocational qualification","","","","","","","","","","","","","",""
"2015","college entrance qualification","(2a) intermediate vocational","","","","","","","","","","","","","",""
"2015","college entrance qualification","(2b) intermediate general qualification","","","","","","","","","","","","","",""
"2015","college entrance qualification","(2c_gen) general maturity certificate","","","","","","","","","","","","","",""
"2015","college entrance qualification","(2c_voc) vocational maturity certificate","","","","","","","","","","","","","",""
"2015","college entrance qualification","(3a) lower tertiary education","","","","","","","","","","","","","",""
"2015","college entrance qualification","(3b) higher tertiary education","","","","","","","","","","","","","",""
"2015","lower secondary degree","(0) in school","","","","","","","","","","","","","",""
"2015","lower secondary degree","(1a) inadequately completed","","","","","","","","","","","","","",""
"2015","lower secondary degree","(1b) general elementary school","","","","","","","","","","","","","",""
"2015","lower secondary degree","(1c) basic vocational qualification","","","","","","","","","","","","","",""
"2015","lower secondary degree","(2a) intermediate vocational","","","","","","","","","","","","","",""
"2015","lower secondary degree","(2b) intermediate general qualification","","","","","","","","","","","","","",""
"2015","lower secondary degree","(2c_gen) general maturity certificate","","","","","","","","","","","","","",""
"2015","lower secondary degree","(2c_voc) vocational maturity certificate","","","","","","","","","","","","","",""
"2015","lower secondary degree","(3a) lower tertiary education","","","","","","","","","","","","","",""
"2015","lower secondary degree","(3b) higher tertiary education","","","","","","","","","","","","","",""
"2015","no degree/no degree yet","(0) in school","","","","","","","","","","","","","",""
"2015","no degree/no degree yet","(1a) inadequately completed","","","","","","","","","","","","","",""
"2015","no degree/no degree yet","(1b) general elementary school","","","","","","","","","","","","","",""
"2015","no degree/no degree yet","(1c) basic vocational qualification","","","","","","","","","","","","","",""
"2015","no degree/no degree yet","(2a) intermediate vocational","","","","","","","","","","","","","",""
"2015","no degree/no degree yet","(2b) intermediate general qualification","","","","","","","","","","","","","",""
"2015","no degree/no degree yet","(2c_gen) general maturity certificate","","","","","","","","","","","","","",""
"2015","no degree/no degree yet","(2c_voc) vocational maturity certificate","","","","","","","","","","","","","",""
"2015","no degree/no degree yet","(3a) lower tertiary education","","","","","","","","","","","","","",""
"2015","no degree/no degree yet","(3b) higher tertiary education","","","","","","","","","","","","","",""
"2015","Other degree","(0) in school","","","","","","","","","","","","","",""
"2015","Other degree","(1a) inadequately completed","","","","","","","","","","","","","",""
"2015","Other degree","(1b) general elementary school","","","","","","","","","","","","","",""
"2015","Other degree","(1c) basic vocational qualification","","","","","","","","","","","","","",""
"2015","Other degree","(2a) intermediate vocational","","","","","","","","","","","","","",""
"2015","Other degree","(2b) intermediate general qualification","","","","","","","","","","","","","",""
"2015","Other degree","(2c_gen) general maturity certificate","","","","","","","","","","","","","",""
"2015","Other degree","(2c_voc) vocational maturity certificate","","","","","","","","","","","","","",""
"2015","Other degree","(3a) lower tertiary education","","","","","","","","","","","","","",""
"2015","Other degree","(3b) higher tertiary education","","","","","","","","","","","","","",""
"2015","secondary school degree","(0) in school","","","","","","","","","","","","","",""
"2015","secondary school degree","(1a) inadequately completed","","","","","","","","","","","","","",""
"2015","secondary school degree","(1b) general elementary school","","","","","","","","","","","","","",""
"2015","secondary school degree","(1c) basic vocational qualification","","","","","","","","","","","","","",""
"2015","secondary school degree","(2a) intermediate vocational","","","","","","","","","","","","","",""
"2015","secondary school degree","(2b) intermediate general qualification","","","","","","","","","","","","","",""
"2015","secondary school degree","(2c_gen) general maturity certificate","","","","","","","","","","","","","",""
"2015","secondary school degree","(2c_voc) vocational maturity certificate","","","","","","","","","","","","","",""
"2015","secondary school degree","(3a) lower tertiary education","","","","","","","","","","","","","",""
"2015","secondary school degree","(3b) higher tertiary education","","","","","","","","","","","","","",""
"2016","college entrance qualification","(0) in school","","","","","","","","","","","","","",""
"2016","college entrance qualification","(1a) inadequately completed","","","","","","","","","","","","","",""
"2016","college entrance qualification","(1b) general elementary school","","","","","","","","","","","","","",""
"2016","college entrance qualification","(1c) basic vocational qualification","","","","","","","","","","","","","",""
"2016","college entrance qualification","(2a) intermediate vocational","","","","","","","","","","","","","",""
"2016","college entrance qualification","(2b) intermediate general qualification","","","","","","","","","","","","","",""
"2016","college entrance qualification","(2c_gen) general maturity certificate","2.47","3","957","1","2","3","4","4","2.41","2.53","1","4","2","3"
"2016","college entrance qualification","(2c_voc) vocational maturity certificate","2.46","2","1773","1","2","3","4","4","2.42","2.5","1","4","2","2"
"2016","college entrance qualification","(3a) lower tertiary education","2.35","2","1231","1","2","3","4","4","2.3","2.4","1","4","2","2"
"2016","college entrance qualification","(3b) higher tertiary education","2.45","2","2839","1","2","3","4","4","2.42","2.48","1","4","2","2"
"2016","lower secondary degree","(0) in school","","","","","","","","","","","","","",""
"2016","lower secondary degree","(1a) inadequately completed","","","","","","","","","","","","","",""
"2016","lower secondary degree","(1b) general elementary school","2.52","2","1350","1","2","3","4","4","2.46","2.58","1","4","2","2"
"2016","lower secondary degree","(1c) basic vocational qualification","2.48","2","4319","1","2","3","4","4","2.45","2.51","1","4","2","2"
"2016","lower secondary degree","(2a) intermediate vocational","","","","","","","","","","","","","",""
"2016","lower secondary degree","(2b) intermediate general qualification","","","","","","","","","","","","","",""
"2016","lower secondary degree","(2c_gen) general maturity certificate","","","","","","","","","","","","","",""
"2016","lower secondary degree","(2c_voc) vocational maturity certificate","","","","","","","","","","","","","",""
"2016","lower secondary degree","(3a) lower tertiary education","2.53","2","92","1","2","3","4","4","2.32","2.74","1","4","2","3"
"2016","lower secondary degree","(3b) higher tertiary education","2.45","2","33","1","1","4","4","4","2.03","2.87","1","4","2","4"
"2016","no degree/no degree yet","(0) in school","2.31","2","338","1","2","3","3","4","2.22","2.4","1","4","2","2"
"2016","no degree/no degree yet","(1a) inadequately completed","2.42","2","483","1","2","3","4","4","2.32","2.52","1","4","2","2"
"2016","no degree/no degree yet","(1b) general elementary school","","","","","","","","","","","","","",""
"2016","no degree/no degree yet","(1c) basic vocational qualification","","","","","","","","","","","","","",""
"2016","no degree/no degree yet","(2a) intermediate vocational","","","","","","","","","","","","","",""
"2016","no degree/no degree yet","(2b) intermediate general qualification","","","","","","","","","","","","","",""
"2016","no degree/no degree yet","(2c_gen) general maturity certificate","","","","","","","","","","","","","",""
"2016","no degree/no degree yet","(2c_voc) vocational maturity certificate","","","","","","","","","","","","","",""
"2016","no degree/no degree yet","(3a) lower tertiary education","","","","","","","","","","","","","",""
"2016","no degree/no degree yet","(3b) higher tertiary education","","","","","","","","","","","","","",""
"2016","Other degree","(0) in school","","","","","","","","","","","","","",""
"2016","Other degree","(1a) inadequately completed","","","","","","","","","","","","","",""
"2016","Other degree","(1b) general elementary school","2.43","2","586","1","2","3","4","4","2.35","2.51","1","4","2","2"
"2016","Other degree","(1c) basic vocational qualification","2.37","2","733","1","1","3","4","4","2.3","2.44","1","4","2","2"
"2016","Other degree","(2a) intermediate vocational","","","","","","","","","","","","","",""
"2016","Other degree","(2b) intermediate general qualification","","","","","","","","","","","","","",""
"2016","Other degree","(2c_gen) general maturity certificate","2.38","2","313","1","2","3","4","4","2.27","2.49","1","4","2","2"
"2016","Other degree","(2c_voc) vocational maturity certificate","2.3","2","643","1","1","3","4","4","2.22","2.38","1","4","2","2"
"2016","Other degree","(3a) lower tertiary education","2.72","3","34","1","2","4","4","4","2.35","3.09","1","4","2","3"
"2016","Other degree","(3b) higher tertiary education","2.27","2","993","1","2","3","4","4","2.21","2.33","1","4","2","2"
"2016","secondary school degree","(0) in school","","","","","","","","","","","","","",""
"2016","secondary school degree","(1a) inadequately completed","","","","","","","","","","","","","",""
"2016","secondary school degree","(1b) general elementary school","","","","","","","","","","","","","",""
"2016","secondary school degree","(1c) basic vocational qualification","","","","","","","","","","","","","",""
"2016","secondary school degree","(2a) intermediate vocational","2.46","2","5315","1","2","3","4","4","2.43","2.49","1","4","2","2"
"2016","secondary school degree","(2b) intermediate general qualification","2.37","2","696","1","2","3","4","4","2.3","2.44","1","4","2","2"
"2016","secondary school degree","(2c_gen) general maturity certificate","","","","","","","","","","","","","",""
"2016","secondary school degree","(2c_voc) vocational maturity certificate","","","","","","","","","","","","","",""
"2016","secondary school degree","(3a) lower tertiary education","2.45","2","454","1","2","3","4","4","2.36","2.54","1","4","2","3"
"2016","secondary school degree","(3b) higher tertiary education","2.42","2","131","1","2","3","4","4","2.24","2.6","1","4","2","3"
