"plh0036","year","bula_h","sex","n","percent","lower_confidence","upper_confidence","value"
"Big worries","1984","Schleswig-Holstein","Male","94","0.506866727940369","0.43540093591186","0.578332519968878","1"
"Big worries","1984","Schleswig-Holstein","Female","94","0.45471142131535","0.38517759795414","0.52424524467656","1"
"Big worries","1984","Hamburg","Male","86","0.604422963616834","0.525910072293142","0.682935854940526","1"
"Big worries","1984","Hamburg","Female","96","0.611487868547656","0.535726860648874","0.687248876446437","1"
"Big worries","1984","Lower Saxony","Male","288","0.50055238129553","0.460343257646039","0.54076150494502","1"
"Big worries","1984","Lower Saxony","Female","316","0.509040937222452","0.4698793829615","0.548202491483404","1"
"Big worries","1984","Bremen","Male","43","0.714514451360632","0.602988640551438","0.826040262169825","1"
"Big worries","1984","Bremen","Female","41","0.567240938369106","0.450336657619113","0.684145219119099","1"
"Big worries","1984","North Rhine-Westphalia","Male","852","0.584135530417293","0.559894249627777","0.608376811206809","1"
"Big worries","1984","North Rhine-Westphalia","Female","848","0.546042822006346","0.521835753269376","0.570249890743317","1"
"Big worries","1984","Hesse","Male","298","0.521988524895611","0.482764359927498","0.561212689863723","1"
"Big worries","1984","Hesse","Female","295","0.527340564891242","0.487850880636905","0.56683024914558","1"
"Big worries","1984","Rhineland-Palatinate,Saarland","Male","190","0.47884041375398","0.430950868387702","0.526729959120259","1"
"Big worries","1984","Rhineland-Palatinate,Saarland","Female","198","0.469243191654016","0.422237448868911","0.516248934439121","1"
"Big worries","1984","Baden-Württemberg","Male","517","0.514948283595612","0.485717931735527","0.544178635455697","1"
"Big worries","1984","Baden-Württemberg","Female","514","0.497555900320575","0.468338831371135","0.526772969270014","1"
"Big worries","1984","Bavaria","Male","471","0.489495511761991","0.458245839174617","0.520745184349365","1"
"Big worries","1984","Bavaria","Female","522","0.482448949590342","0.452661211694186","0.512236687486498","1"
"Big worries","1984","Berlin","Male","105","0.54225498512073","0.47232806932396","0.612181900917499","1"
"Big worries","1984","Berlin","Female","119","0.56829078432948","0.501458265430939","0.635123303228022","1"
"Big worries","1984","Brandenburg","Male","","","","","1"
"Big worries","1984","Brandenburg","Female","","","","","1"
"Big worries","1984","Mecklenburg-Western Pomerania","Male","","","","","1"
"Big worries","1984","Mecklenburg-Western Pomerania","Female","","","","","1"
"Big worries","1984","Saxony","Male","","","","","1"
"Big worries","1984","Saxony","Female","","","","","1"
"Big worries","1984","Saxony-Anhalt","Male","","","","","1"
"Big worries","1984","Saxony-Anhalt","Female","","","","","1"
"Big worries","1984","Thuringia","Male","","","","","1"
"Big worries","1984","Thuringia","Female","","","","","1"
"No worries","1984","Rhineland-Palatinate,Saarland","Female","37","0.0885472908667225","0.0617889703139864","0.115305611419459","3"
"No worries","1984","Rhineland-Palatinate,Saarland","Male","29","","","","3"
"No worries","1984","Schleswig-Holstein","Male","10","","","","3"
"No worries","1984","Schleswig-Holstein","Female","19","","","","3"
"No worries","1984","Hamburg","Male","16","","","","3"
"No worries","1984","Hamburg","Female","17","","","","3"
"No worries","1984","Lower Saxony","Male","49","0.0664752414978638","0.0464421603278719","0.0865083226678557","3"
"No worries","1984","Lower Saxony","Female","50","0.0681126688625818","0.0483767851739686","0.087848552551195","3"
"No worries","1984","Bremen","Female","12","","","","3"
"No worries","1984","North Rhine-Westphalia","Male","151","0.0633481512327455","0.0513675417636835","0.0753287607018074","3"
"No worries","1984","North Rhine-Westphalia","Female","148","0.0746650560040353","0.0618850932692999","0.0874450187387707","3"
"No worries","1984","Hesse","Male","79","0.0793078133200953","0.0580890883182949","0.100526538321896","3"
"No worries","1984","Hesse","Female","71","0.0835178791446538","0.0616344371294519","0.105401321159856","3"
"No worries","1984","Bremen","Male","8","","","","3"
"No worries","1984","Baden-Württemberg","Male","164","0.0978592944130783","0.0804814304774133","0.115237158348743","3"
"No worries","1984","Baden-Württemberg","Female","184","0.114187173806519","0.0956026484409487","0.13277169917209","3"
"No worries","1984","Bavaria","Male","97","0.0858336031429588","0.0683225352970396","0.103344670988878","3"
"No worries","1984","Bavaria","Female","103","0.0834021427927288","0.0669200153727003","0.0998842702127573","3"
"No worries","1984","Berlin","Male","14","","","","3"
"No worries","1984","Berlin","Female","15","","","","3"
"No worries","1984","Brandenburg","Male","","","","","3"
"No worries","1984","Brandenburg","Female","","","","","3"
"No worries","1984","Mecklenburg-Western Pomerania","Male","","","","","3"
"No worries","1984","Mecklenburg-Western Pomerania","Female","","","","","3"
"No worries","1984","Saxony","Male","","","","","3"
"No worries","1984","Saxony","Female","","","","","3"
"No worries","1984","Saxony-Anhalt","Female","","","","","3"
"No worries","1984","Thuringia","Male","","","","","3"
"No worries","1984","Thuringia","Female","","","","","3"
"No worries","1984","Saxony-Anhalt","Male","","","","","3"
"Some worries","1984","Mecklenburg-Western Pomerania","Male","","","","","2"
"Some worries","1984","Brandenburg","Female","","","","","2"
"Some worries","1984","Saxony","Female","","","","","2"
"Some worries","1984","Saxony-Anhalt","Male","","","","","2"
"Some worries","1984","Bavaria","Male","415","0.42467088509505","0.393771079155023","0.455570691035077","2"
"Some worries","1984","Brandenburg","Male","","","","","2"
"Some worries","1984","Saxony-Anhalt","Female","","","","","2"
"Some worries","1984","Berlin","Female","77","0.377387325253491","0.311982544049971","0.442792106457011","2"
"Some worries","1984","Saxony","Male","","","","","2"
"Some worries","1984","Schleswig-Holstein","Male","84","0.439547750691217","0.368599530432698","0.510495970949737","2"
"Some worries","1984","Schleswig-Holstein","Female","84","0.411032448466409","0.342325807560101","0.479739089372717","2"
"Some worries","1984","Lower Saxony","Male","257","0.432972377206607","0.39312616242176","0.472818591991453","2"
"Some worries","1984","Hesse","Male","246","0.398703661784294","0.360255687817335","0.437151635751253","2"
"Some worries","1984","Hesse","Female","248","0.389141555964104","0.350577029608101","0.427706082320107","2"
"Some worries","1984","Rhineland-Palatinate,Saarland","Female","198","0.442209517479262","0.39543021568678","0.488988819271743","2"
"Some worries","1984","Baden-Württemberg","Male","442","0.38719242199131","0.358702995882686","0.415681848099934","2"
"Some worries","1984","Mecklenburg-Western Pomerania","Female","","","","","2"
"Some worries","1984","Thuringia","Male","","","","","2"
"Some worries","1984","Hamburg","Female","46","0.302088805773293","0.230718603572583","0.373459007974004","2"
"Some worries","1984","Baden-Württemberg","Female","427","0.388256925872906","0.359778500924815","0.416735350820997","2"
"Some worries","1984","Bavaria","Female","456","0.434148907616929","0.404602432328344","0.463695382905514","2"
"Some worries","1984","Berlin","Male","76","0.408586002444767","0.339590889955419","0.477581114934116","2"
"Some worries","1984","Thuringia","Female","","","","","2"
"Some worries","1984","Hamburg","Male","47","0.302690059929158","0.22892223734355","0.376457882514766","2"
"Some worries","1984","Lower Saxony","Female","260","0.422846393914966","0.384147553953657","0.461545233876275","2"
"Some worries","1984","Bremen","Male","12","","","","2"
"Some worries","1984","Bremen","Female","16","","","","2"
"Some worries","1984","North Rhine-Westphalia","Male","585","0.352516318349961","0.329018536444185","0.376014100255737","2"
"Some worries","1984","North Rhine-Westphalia","Female","629","0.379292121989618","0.355700817920018","0.402883426059219","2"
"Some worries","1984","Rhineland-Palatinate,Saarland","Male","199","0.452236439755727","0.404523157232957","0.499949722278498","2"
"Big worries","1985","Schleswig-Holstein","Male","75","0.455707788418458","0.380397773146938","0.531017803689979","1"
"Big worries","1985","Schleswig-Holstein","Female","87","0.49502524474421","0.421368933535248","0.568681555953171","1"
"Big worries","1985","Hamburg","Male","71","0.524528615353262","0.44059703081682","0.608460199889704","1"
"Big worries","1985","Hamburg","Female","65","0.443648011645256","0.361056620203095","0.526239403087417","1"
"Big worries","1985","Lower Saxony","Male","264","0.511446016367652","0.469049161343856","0.553842871391448","1"
"Big worries","1985","Lower Saxony","Female","271","0.484298953662814","0.442944486254312","0.525653421071316","1"
"Big worries","1985","Bremen","Male","27","","","","1"
"Big worries","1985","Bremen","Female","27","","","","1"
"Big worries","1985","North Rhine-Westphalia","Male","681","0.489622380654817","0.463945406435988","0.515299354873646","1"
"Big worries","1985","North Rhine-Westphalia","Female","687","0.488728784958376","0.463192729284895","0.514264840631857","1"
"Big worries","1985","Hesse","Male","235","0.450408488001627","0.40934726973444","0.491469706268814","1"
"Big worries","1985","Hesse","Female","241","0.489449398000884","0.448046821036425","0.530851974965343","1"
"Big worries","1985","Rhineland-Palatinate,Saarland","Male","160","0.432917904912547","0.383100392885328","0.482735416939767","1"
"Big worries","1985","Rhineland-Palatinate,Saarland","Female","171","0.45941091851717","0.409760044293405","0.509061792740936","1"
"Big worries","1985","Baden-Württemberg","Male","431","0.464417784914146","0.433705589441776","0.495129980386515","1"
"Big worries","1985","Baden-Württemberg","Female","419","0.430468845291794","0.400067653816741","0.460870036766848","1"
"Big worries","1985","Bavaria","Male","403","0.451590234338337","0.41914964490902","0.484030823767655","1"
"Big worries","1985","Bavaria","Female","451","0.460019249263442","0.428815110911895","0.49122338761499","1"
"Big worries","1985","Berlin","Male","90","0.517871429643215","0.444049708379735","0.591693150906696","1"
"Big worries","1985","Berlin","Female","90","0.45091977489358","0.380167756657915","0.521671793129245","1"
"Big worries","1985","Brandenburg","Male","","","","","1"
"Big worries","1985","Brandenburg","Female","","","","","1"
"Big worries","1985","Mecklenburg-Western Pomerania","Male","","","","","1"
"Big worries","1985","Mecklenburg-Western Pomerania","Female","","","","","1"
"Big worries","1985","Saxony","Male","","","","","1"
"Big worries","1985","Saxony","Female","","","","","1"
"Big worries","1985","Saxony-Anhalt","Male","","","","","1"
"Big worries","1985","Saxony-Anhalt","Female","","","","","1"
"Big worries","1985","Thuringia","Male","","","","","1"
"Big worries","1985","Thuringia","Female","","","","","1"
"No worries","1985","Schleswig-Holstein","Male","11","","","","3"
"No worries","1985","Schleswig-Holstein","Female","14","","","","3"
"No worries","1985","Rhineland-Palatinate,Saarland","Female","36","0.0908958902052335","0.062255987205778","0.119535793204689","3"
"No worries","1985","Rhineland-Palatinate,Saarland","Male","36","0.0865568190589337","0.0582853936473406","0.114828244470527","3"
"No worries","1985","Hamburg","Male","10","","","","3"
"No worries","1985","Hamburg","Female","7","","","","3"
"No worries","1985","Lower Saxony","Male","39","0.0573206328364189","0.0376048079773456","0.0770364576954922","3"
"No worries","1985","Lower Saxony","Female","42","0.0691939859011457","0.0481934476932882","0.0901945241090031","3"
"No worries","1985","Bremen","Female","8","","","","3"
"No worries","1985","North Rhine-Westphalia","Male","123","0.0631818765018843","0.0506852927075122","0.0756784602962563","3"
"No worries","1985","North Rhine-Westphalia","Female","141","0.0727370492196064","0.0594700263057096","0.0860040721335032","3"
"No worries","1985","Hesse","Male","63","0.0735027045776528","0.051965849943742","0.0950395592115636","3"
"No worries","1985","Hesse","Female","57","0.0818659403003216","0.0591589928957973","0.104572887704846","3"
"No worries","1985","Bremen","Male","4","","","","3"
"No worries","1985","Baden-Württemberg","Male","134","0.0881849689039585","0.0707229672513985","0.105646970556518","3"
"No worries","1985","Baden-Württemberg","Female","148","0.106923764526175","0.087950485834871","0.125897043217478","3"
"No worries","1985","Bavaria","Male","87","0.0923909727745941","0.0735141869191753","0.111267758630013","3"
"No worries","1985","Bavaria","Female","85","0.0800729753495013","0.0630805752638386","0.097065375435164","3"
"No worries","1985","Berlin","Male","11","","","","3"
"No worries","1985","Berlin","Female","16","","","","3"
"No worries","1985","Brandenburg","Male","","","","","3"
"No worries","1985","Brandenburg","Female","","","","","3"
"No worries","1985","Mecklenburg-Western Pomerania","Male","","","","","3"
"No worries","1985","Mecklenburg-Western Pomerania","Female","","","","","3"
"No worries","1985","Saxony","Male","","","","","3"
"No worries","1985","Saxony","Female","","","","","3"
"No worries","1985","Saxony-Anhalt","Female","","","","","3"
"No worries","1985","Thuringia","Male","","","","","3"
"No worries","1985","Thuringia","Female","","","","","3"
"No worries","1985","Saxony-Anhalt","Male","","","","","3"
"Some worries","1985","Saxony-Anhalt","Male","","","","","2"
"Some worries","1985","Schleswig-Holstein","Female","76","0.409146317381336","0.336712603301022","0.48158003146165","2"
"Some worries","1985","Bavaria","Male","414","0.456018792887068","0.42355141660539","0.488486169168746","2"
"Some worries","1985","Brandenburg","Male","","","","","2"
"Some worries","1985","Mecklenburg-Western Pomerania","Female","","","","","2"
"Some worries","1985","Saxony","Female","","","","","2"
"Some worries","1985","Schleswig-Holstein","Male","82","0.473737288080069","0.398234405147192","0.549240171012945","2"
"Some worries","1985","Berlin","Female","84","0.468150235444999","0.397199255312813","0.539101215577185","2"
"Some worries","1985","Brandenburg","Female","","","","","2"
"Some worries","1985","Mecklenburg-Western Pomerania","Male","","","","","2"
"Some worries","1985","Saxony","Male","","","","","2"
"Some worries","1985","Saxony-Anhalt","Female","","","","","2"
"Some worries","1985","Hamburg","Male","55","0.402047115560589","0.319642678900188","0.484451552220989","2"
"Some worries","1985","Hamburg","Female","67","0.534106352938856","0.451178970564527","0.617033735313185","2"
"Some worries","1985","Lower Saxony","Male","231","0.431233350795929","0.389228379296378","0.473238322295481","2"
"Some worries","1985","Hesse","Male","266","0.47608880742072","0.434871334326227","0.517306280515213","2"
"Some worries","1985","Hesse","Female","262","0.428684661698795","0.387696259238933","0.469673064158656","2"
"Some worries","1985","Rhineland-Palatinate,Saarland","Female","180","0.449693191277596","0.400130690938893","0.499255691616299","2"
"Some worries","1985","Baden-Württemberg","Male","448","0.447397246181896","0.416777855502973","0.478016636860819","2"
"Some worries","1985","Baden-Württemberg","Female","452","0.462607390182031","0.431993880148197","0.493220900215864","2"
"Some worries","1985","Bavaria","Female","444","0.459907775387056","0.428704197684297","0.491111353089816","2"
"Some worries","1985","Berlin","Male","75","0.423022719339914","0.35003446786253","0.496010970817297","2"
"Some worries","1985","Thuringia","Male","","","","","2"
"Some worries","1985","Thuringia","Female","","","","","2"
"Some worries","1985","Lower Saxony","Female","248","0.44650706043604","0.405369657710896","0.487644463161184","2"
"Some worries","1985","Bremen","Male","22","","","","2"
"Some worries","1985","Bremen","Female","25","","","","2"
"Some worries","1985","North Rhine-Westphalia","Male","652","0.447195742843299","0.421656858387874","0.472734627298724","2"
"Some worries","1985","North Rhine-Westphalia","Female","644","0.438534165822017","0.413185356163879","0.463882975480155","2"
"Some worries","1985","Rhineland-Palatinate,Saarland","Male","184","0.480525276028519","0.430291407846028","0.53075914421101","2"
"Big worries","1986","Schleswig-Holstein","Male","57","0.392969625393076","0.315830904446353","0.470108346339799","1"
"Big worries","1986","Schleswig-Holstein","Female","64","0.42110634682448","0.345076192617896","0.497136501031063","1"
"Big worries","1986","Hamburg","Male","58","0.443364243667481","0.356964567756328","0.529763919578633","1"
"Big worries","1986","Hamburg","Female","58","0.433295066767981","0.346076766800198","0.520513366735764","1"
"Big worries","1986","Lower Saxony","Male","219","0.421374260443292","0.379611055032565","0.463137465854019","1"
"Big worries","1986","Lower Saxony","Female","240","0.42585928890308","0.385122939300088","0.466595638506073","1"
"Big worries","1986","Bremen","Male","28","","","","1"
"Big worries","1986","Bremen","Female","25","","","","1"
"Big worries","1986","North Rhine-Westphalia","Male","581","0.429258329609526","0.403395252246089","0.455121406972962","1"
"Big worries","1986","North Rhine-Westphalia","Female","613","0.438606535412534","0.412760871662981","0.464452199162087","1"
"Big worries","1986","Hesse","Male","193","0.398231346530633","0.356276730732725","0.440185962328541","1"
"Big worries","1986","Hesse","Female","201","0.425951666269845","0.383491311310712","0.468412021228978","1"
"Big worries","1986","Rhineland-Palatinate,Saarland","Male","146","0.399820199975048","0.350174076488149","0.449466323461946","1"
"Big worries","1986","Rhineland-Palatinate,Saarland","Female","165","0.425557460197323","0.376550009315743","0.474564911078904","1"
"Big worries","1986","Baden-Württemberg","Male","426","0.442031671438526","0.411373285086616","0.472690057790435","1"
"Big worries","1986","Baden-Württemberg","Female","387","0.402479334323142","0.371823044709756","0.433135623936527","1"
"Big worries","1986","Bavaria","Male","350","0.417267032104417","0.384038990900045","0.45049507330879","1"
"Big worries","1986","Bavaria","Female","420","0.474011541516649","0.441604958771067","0.506418124262232","1"
"Big worries","1986","Berlin","Male","78","0.401190996039938","0.328778835285782","0.473603156794093","1"
"Big worries","1986","Berlin","Female","73","0.405450640031951","0.332707504034471","0.478193776029431","1"
"Big worries","1986","Brandenburg","Male","","","","","1"
"Big worries","1986","Brandenburg","Female","","","","","1"
"Big worries","1986","Mecklenburg-Western Pomerania","Male","","","","","1"
"Big worries","1986","Mecklenburg-Western Pomerania","Female","","","","","1"
"Big worries","1986","Saxony","Male","","","","","1"
"Big worries","1986","Saxony","Female","","","","","1"
"Big worries","1986","Saxony-Anhalt","Male","","","","","1"
"Big worries","1986","Saxony-Anhalt","Female","","","","","1"
"Big worries","1986","Thuringia","Male","","","","","1"
"Big worries","1986","Thuringia","Female","","","","","1"
"No worries","1986","Rhineland-Palatinate,Saarland","Male","32","0.0743004411226507","0.0477211732322033","0.100879709013098","3"
"No worries","1986","Rhineland-Palatinate,Saarland","Female","33","0.0797736280112917","0.052917912865865","0.106629343156718","3"
"No worries","1986","Schleswig-Holstein","Female","15","","","","3"
"No worries","1986","Schleswig-Holstein","Male","19","","","","3"
"No worries","1986","Hamburg","Male","15","","","","3"
"No worries","1986","Hamburg","Female","12","","","","3"
"No worries","1986","Lower Saxony","Female","60","0.105523407067228","0.0802130210938302","0.130833793040626","3"
"No worries","1986","Bremen","Female","13","","","","3"
"No worries","1986","North Rhine-Westphalia","Male","146","0.0866237485751651","0.0719262175109444","0.101321279639386","3"
"No worries","1986","North Rhine-Westphalia","Female","154","0.0888980080343953","0.0740746712011271","0.103721344867664","3"
"No worries","1986","Hesse","Male","56","0.118786168877369","0.0910580225727897","0.146514315181948","3"
"No worries","1986","Hesse","Female","48","0.10049316036589","0.0746765204990154","0.126309800232765","3"
"No worries","1986","Lower Saxony","Male","55","0.0920291903170931","0.0675802696108277","0.116478111023359","3"
"No worries","1986","Bremen","Male","5","","","","3"
"No worries","1986","Baden-Württemberg","Male","169","0.134954881715711","0.113862214330938","0.156047549100484","3"
"No worries","1986","Baden-Württemberg","Female","157","0.148857410969153","0.126605991352569","0.171108830585736","3"
"No worries","1986","Bavaria","Male","92","0.110629281459561","0.0894924751018344","0.131766087817288","3"
"No worries","1986","Bavaria","Female","85","0.096903238345753","0.0777038691631531","0.116102607528353","3"
"No worries","1986","Berlin","Male","16","","","","3"
"No worries","1986","Berlin","Female","18","","","","3"
"No worries","1986","Brandenburg","Male","","","","","3"
"No worries","1986","Brandenburg","Female","","","","","3"
"No worries","1986","Mecklenburg-Western Pomerania","Male","","","","","3"
"No worries","1986","Mecklenburg-Western Pomerania","Female","","","","","3"
"No worries","1986","Saxony","Male","","","","","3"
"No worries","1986","Saxony","Female","","","","","3"
"No worries","1986","Saxony-Anhalt","Male","","","","","3"
"No worries","1986","Saxony-Anhalt","Female","","","","","3"
"No worries","1986","Thuringia","Male","","","","","3"
"No worries","1986","Thuringia","Female","","","","","3"
"Some worries","1986","Saxony","Female","","","","","2"
"Some worries","1986","Saxony-Anhalt","Male","","","","","2"
"Some worries","1986","Schleswig-Holstein","Male","78","0.476032446693338","0.397154026204592","0.554910867182084","2"
"Some worries","1986","Mecklenburg-Western Pomerania","Female","","","","","2"
"Some worries","1986","Hamburg","Male","54","0.433068644618827","0.346891948570012","0.519245340667642","2"
"Some worries","1986","Hamburg","Female","54","0.452315549305872","0.364711695277421","0.539919403334324","2"
"Some worries","1986","Berlin","Female","84","0.520530697905694","0.446513499380342","0.594547896431045","2"
"Some worries","1986","Brandenburg","Male","","","","","2"
"Some worries","1986","Mecklenburg-Western Pomerania","Male","","","","","2"
"Some worries","1986","Saxony","Male","","","","","2"
"Some worries","1986","Saxony-Anhalt","Female","","","","","2"
"Some worries","1986","Schleswig-Holstein","Female","83","0.464444789258813","0.387645048204638","0.541244530312988","2"
"Some worries","1986","Lower Saxony","Male","263","0.486596549239615","0.444322402337314","0.528870696141915","2"
"Some worries","1986","Lower Saxony","Female","266","0.468617304029692","0.427506805818167","0.509727802241217","2"
"Some worries","1986","Bremen","Male","15","","","","2"
"Some worries","1986","Bremen","Female","16","","","","2"
"Some worries","1986","Hesse","Male","274","0.482982484591998","0.44015569050233","0.525809278681667","2"
"Some worries","1986","Rhineland-Palatinate,Saarland","Female","193","0.494668911791385","0.445111909323783","0.544225914258987","2"
"Some worries","1986","Baden-Württemberg","Male","413","0.423013446845764","0.392514997592989","0.453511896098539","2"
"Some worries","1986","Baden-Württemberg","Female","439","0.448663254707706","0.41757187086584","0.479754638549572","2"
"Some worries","1986","Bavaria","Male","404","0.472103686436021","0.438463691640607","0.505743681231435","2"
"Some worries","1986","Bavaria","Female","407","0.429085220137598","0.396962812230532","0.461207628044664","2"
"Some worries","1986","Berlin","Male","82","0.496237055350431","0.422370225273517","0.570103885427344","2"
"Some worries","1986","Brandenburg","Female","","","","","2"
"Some worries","1986","Thuringia","Male","","","","","2"
"Some worries","1986","Thuringia","Female","","","","","2"
"Some worries","1986","North Rhine-Westphalia","Male","680","0.484117921815309","0.458005217997727","0.510230625632892","2"
"Some worries","1986","North Rhine-Westphalia","Female","649","0.472495456553071","0.446492161429404","0.498498751676738","2"
"Some worries","1986","Hesse","Female","272","0.473555173364265","0.430681474502694","0.516428872225836","2"
"Some worries","1986","Rhineland-Palatinate,Saarland","Male","196","0.525879358902302","0.475273618441764","0.576485099362839","2"
"Big worries","1987","Hamburg","Male","61","0.5932097189284","0.50223337230048","0.68418606555632","1"
"Big worries","1987","Hamburg","Female","64","0.567681242483456","0.475933921559315","0.659428563407598","1"
"Big worries","1987","Lower Saxony","Male","295","0.566120319172876","0.524202374934895","0.608038263410858","1"
"Big worries","1987","Lower Saxony","Female","310","0.55411859269932","0.512913278511583","0.595323906887058","1"
"Big worries","1987","Bremen","Male","26","","","","1"
"Big worries","1987","Bremen","Female","30","0.562322863334478","0.430004228269066","0.694641498399891","1"
"Big worries","1987","North Rhine-Westphalia","Male","762","0.58057265193734","0.5548339048709","0.60631139900378","1"
"Big worries","1987","North Rhine-Westphalia","Female","799","0.605375465884028","0.579745127664796","0.63100580410326","1"
"Big worries","1987","Hesse","Male","252","0.522226964687186","0.479661172651775","0.564792756722597","1"
"Big worries","1987","Hesse","Female","243","0.516629774031978","0.473678496803238","0.559581051260718","1"
"Big worries","1987","Rhineland-Palatinate,Saarland","Male","198","0.527051863417385","0.476519932578186","0.577583794256584","1"
"Big worries","1987","Rhineland-Palatinate,Saarland","Female","218","0.569460387438046","0.519741211642785","0.619179563233306","1"
"Big worries","1987","Baden-Württemberg","Male","530","0.594431613385641","0.563815319684755","0.625047907086527","1"
"Big worries","1987","Baden-Württemberg","Female","533","0.609964388208339","0.579395261327716","0.640533515088962","1"
"Big worries","1987","Bavaria","Male","451","0.571324701759846","0.537493462046413","0.605155941473279","1"
"Big worries","1987","Bavaria","Female","522","0.61010965344748","0.577976625982824","0.642242680912136","1"
"Big worries","1987","Berlin","Male","116","0.651586898494892","0.582173674859402","0.721000122130382","1"
"Big worries","1987","Berlin","Female","112","0.637893259810708","0.567682422956266","0.70810409666515","1"
"Big worries","1987","Brandenburg","Male","","","","","1"
"Big worries","1987","Brandenburg","Female","","","","","1"
"Big worries","1987","Mecklenburg-Western Pomerania","Male","","","","","1"
"Big worries","1987","Mecklenburg-Western Pomerania","Female","","","","","1"
"Big worries","1987","Saxony","Male","","","","","1"
"Big worries","1987","Saxony","Female","","","","","1"
"Big worries","1987","Saxony-Anhalt","Male","","","","","1"
"Big worries","1987","Saxony-Anhalt","Female","","","","","1"
"Big worries","1987","Thuringia","Male","","","","","1"
"Big worries","1987","Thuringia","Female","","","","","1"
"Big worries","1987","Schleswig-Holstein","Male","82","0.5511008732283","0.472030056091127","0.630171690365474","1"
"Big worries","1987","Schleswig-Holstein","Female","104","0.626970290656766","0.553622835987557","0.700317745325976","1"
"No worries","1987","Schleswig-Holstein","Male","11","","","","3"
"No worries","1987","Hamburg","Male","9","","","","3"
"No worries","1987","Hamburg","Female","7","","","","3"
"No worries","1987","Rhineland-Palatinate,Saarland","Female","29","","","","3"
"No worries","1987","Schleswig-Holstein","Female","14","","","","3"
"No worries","1987","Lower Saxony","Male","34","0.0451936275674176","0.027624216511038","0.0627630386237972","3"
"No worries","1987","Lower Saxony","Female","32","0.0518318926525934","0.0334545212484107","0.0702092640567762","3"
"No worries","1987","Bremen","Male","4","","","","3"
"No worries","1987","Bremen","Female","7","","","","3"
"No worries","1987","North Rhine-Westphalia","Male","89","0.0416768877492943","0.0312528886794111","0.0521008868191774","3"
"No worries","1987","North Rhine-Westphalia","Female","71","0.0328579086151629","0.0235099885709753","0.0422058286593505","3"
"No worries","1987","Hesse","Male","46","0.0549729515793842","0.0355499250993139","0.0743959780594545","3"
"No worries","1987","Hesse","Female","51","0.0833576708557362","0.059599163132254","0.107116178579218","3"
"No worries","1987","Rhineland-Palatinate,Saarland","Male","19","","","","3"
"No worries","1987","Baden-Württemberg","Male","113","0.0789530688303997","0.0621381410527048","0.0957679966080947","3"
"No worries","1987","Baden-Württemberg","Female","102","0.0647842990713214","0.0493577267160003","0.0802108714266424","3"
"No worries","1987","Bavaria","Male","53","0.0530040899632415","0.037688246282151","0.0683199336443321","3"
"No worries","1987","Bavaria","Female","54","0.0457730256546007","0.0320038763041637","0.0595421750050376","3"
"No worries","1987","Berlin","Male","5","","","","3"
"No worries","1987","Berlin","Female","7","","","","3"
"No worries","1987","Brandenburg","Male","","","","","3"
"No worries","1987","Brandenburg","Female","","","","","3"
"No worries","1987","Mecklenburg-Western Pomerania","Male","","","","","3"
"No worries","1987","Mecklenburg-Western Pomerania","Female","","","","","3"
"No worries","1987","Saxony","Male","","","","","3"
"No worries","1987","Saxony","Female","","","","","3"
"No worries","1987","Saxony-Anhalt","Male","","","","","3"
"No worries","1987","Saxony-Anhalt","Female","","","","","3"
"No worries","1987","Thuringia","Male","","","","","3"
"No worries","1987","Thuringia","Female","","","","","3"
"Some worries","1987","Hamburg","Male","42","0.339952544192128","0.252225033090257","0.427680055293999","2"
"Some worries","1987","Thuringia","Female","","","","","2"
"Some worries","1987","Mecklenburg-Western Pomerania","Female","","","","","2"
"Some worries","1987","Berlin","Female","61","0.339577135514582","0.270395295445043","0.408758975584122","2"
"Some worries","1987","Saxony","Male","","","","","2"
"Some worries","1987","Thuringia","Male","","","","","2"
"Some worries","1987","Saxony-Anhalt","Male","","","","","2"
"Some worries","1987","Mecklenburg-Western Pomerania","Male","","","","","2"
"Some worries","1987","Saxony-Anhalt","Female","","","","","2"
"Some worries","1987","Schleswig-Holstein","Female","49","0.284628033119438","0.216190452194387","0.35306561404449","2"
"Some worries","1987","Hamburg","Female","41","0.404296008067062","0.313408528189662","0.495183487944461","2"
"Some worries","1987","Saxony","Female","","","","","2"
"Some worries","1987","Schleswig-Holstein","Male","59","0.383963381954271","0.306646476186791","0.46128028772175","2"
"Some worries","1987","Lower Saxony","Male","208","0.388686053259706","0.34745802367404","0.429914082845372","2"
"Some worries","1987","Bremen","Male","17","","","","2"
"Some worries","1987","Bremen","Female","17","","","","2"
"Some worries","1987","Rhineland-Palatinate,Saarland","Female","134","0.350150819748945","0.302252589799998","0.398049049697892","2"
"Some worries","1987","Baden-Württemberg","Male","345","0.32661531778396","0.297372480373796","0.355858155194123","2"
"Some worries","1987","Bavaria","Male","318","0.375671208276913","0.34256398026774","0.408778436286085","2"
"Some worries","1987","Bavaria","Female","309","0.34411732089792","0.312817431479896","0.375417210315943","2"
"Some worries","1987","Berlin","Male","60","0.315486709114776","0.247786457923091","0.383186960306462","2"
"Some worries","1987","Brandenburg","Male","","","","","2"
"Some worries","1987","Brandenburg","Female","","","","","2"
"Some worries","1987","Lower Saxony","Female","217","0.394049514648086","0.353541948079924","0.434557081216248","2"
"Some worries","1987","North Rhine-Westphalia","Male","561","0.377750460313366","0.352462399002441","0.40303852162429","2"
"Some worries","1987","North Rhine-Westphalia","Female","527","0.361766625500809","0.336569332117818","0.386963918883801","2"
"Some worries","1987","Hesse","Male","231","0.42280008373343","0.380703106061501","0.464897061405359","2"
"Some worries","1987","Hesse","Female","226","0.400012555112286","0.3579055539963","0.442119556228271","2"
"Some worries","1987","Rhineland-Palatinate,Saarland","Male","158","0.425507209754324","0.375465952779584","0.475548466729063","2"
"Some worries","1987","Baden-Württemberg","Female","343","0.32525131272034","0.295891098714894","0.354611526725786","2"
"Big worries","1988","Hamburg","Male","60","0.626899027975746","0.53065490654984","0.723143149401653","1"
"Big worries","1988","Hamburg","Female","68","0.634525616357451","0.541525706059098","0.727525526655804","1"
"Big worries","1988","Lower Saxony","Male","259","0.511398980923773","0.46793061161019","0.554867350237355","1"
"Big worries","1988","Lower Saxony","Female","297","0.575614806868209","0.533457076709799","0.61777253702662","1"
"Big worries","1988","Bremen","Male","16","","","","1"
"Big worries","1988","Bremen","Female","27","","","","1"
"Big worries","1988","North Rhine-Westphalia","Male","722","0.576708952918613","0.550304034071203","0.603113871766022","1"
"Big worries","1988","North Rhine-Westphalia","Female","752","0.61458226789145","0.588484658864437","0.640679876918463","1"
"Big worries","1988","Hesse","Male","226","0.489226780434212","0.445100857525113","0.533352703343312","1"
"Big worries","1988","Hesse","Female","238","0.513613003236913","0.469759246691193","0.557466759782633","1"
"Big worries","1988","Rhineland-Palatinate,Saarland","Male","177","0.52415702820152","0.47213239866557","0.576181657737471","1"
"Big worries","1988","Rhineland-Palatinate,Saarland","Female","211","0.558731901584116","0.508609668028701","0.60885413513953","1"
"Big worries","1988","Baden-Württemberg","Male","487","0.565785710070826","0.534366360659001","0.597205059482651","1"
"Big worries","1988","Baden-Württemberg","Female","478","0.557534883737793","0.52573292742103","0.589336840054556","1"
"Big worries","1988","Bavaria","Male","414","0.529497597923024","0.49473610501878","0.564259090827267","1"
"Big worries","1988","Bavaria","Female","499","0.605067541371265","0.571990210839451","0.638144871903079","1"
"Big worries","1988","Berlin","Male","84","0.514271184805014","0.437778624674526","0.590763744935502","1"
"Big worries","1988","Berlin","Female","78","0.486190025007128","0.409927635858347","0.562452414155909","1"
"Big worries","1988","Brandenburg","Male","","","","","1"
"Big worries","1988","Brandenburg","Female","","","","","1"
"Big worries","1988","Mecklenburg-Western Pomerania","Male","","","","","1"
"Big worries","1988","Mecklenburg-Western Pomerania","Female","","","","","1"
"Big worries","1988","Saxony","Male","","","","","1"
"Big worries","1988","Saxony","Female","","","","","1"
"Big worries","1988","Saxony-Anhalt","Male","","","","","1"
"Big worries","1988","Saxony-Anhalt","Female","","","","","1"
"Big worries","1988","Thuringia","Male","","","","","1"
"Big worries","1988","Thuringia","Female","","","","","1"
"Big worries","1988","Schleswig-Holstein","Male","87","0.566372930279128","0.489099714785148","0.643646145773108","1"
"Big worries","1988","Schleswig-Holstein","Female","80","0.511236394434985","0.434731982964946","0.587740805905024","1"
"No worries","1988","Schleswig-Holstein","Female","18","","","","3"
"No worries","1988","Schleswig-Holstein","Male","12","","","","3"
"No worries","1988","Hamburg","Female","6","","","","3"
"No worries","1988","Rhineland-Palatinate,Saarland","Female","17","","","","3"
"No worries","1988","Hamburg","Male","5","","","","3"
"No worries","1988","Lower Saxony","Male","28","","","","3"
"No worries","1988","Lower Saxony","Female","25","","","","3"
"No worries","1988","Bremen","Male","4","","","","3"
"No worries","1988","Bremen","Female","7","","","","3"
"No worries","1988","North Rhine-Westphalia","Male","82","0.0431807516339702","0.0323178211726959","0.0540436820952445","3"
"No worries","1988","North Rhine-Westphalia","Female","83","0.04423911261734","0.0332129931839048","0.0552652320507752","3"
"No worries","1988","Hesse","Male","44","0.0694700758294886","0.0470266737643866","0.0919134778945906","3"
"No worries","1988","Hesse","Female","47","0.086982810664595","0.0622568021953005","0.11170881913389","3"
"No worries","1988","Rhineland-Palatinate,Saarland","Male","17","","","","3"
"No worries","1988","Baden-Württemberg","Male","104","0.075346704412649","0.0586149786964502","0.0920784301288477","3"
"No worries","1988","Baden-Württemberg","Female","98","0.0640927955908128","0.0484108732704091","0.0797747179112165","3"
"No worries","1988","Bavaria","Male","35","0.0394876578129912","0.0259242861516496","0.0530510294743329","3"
"No worries","1988","Bavaria","Female","40","0.0372036934850385","0.0243972850931998","0.0500101018768772","3"
"No worries","1988","Berlin","Male","10","","","","3"
"No worries","1988","Berlin","Female","9","","","","3"
"No worries","1988","Brandenburg","Male","","","","","3"
"No worries","1988","Brandenburg","Female","","","","","3"
"No worries","1988","Mecklenburg-Western Pomerania","Male","","","","","3"
"No worries","1988","Mecklenburg-Western Pomerania","Female","","","","","3"
"No worries","1988","Saxony","Male","","","","","3"
"No worries","1988","Saxony","Female","","","","","3"
"No worries","1988","Saxony-Anhalt","Male","","","","","3"
"No worries","1988","Saxony-Anhalt","Female","","","","","3"
"No worries","1988","Thuringia","Male","","","","","3"
"No worries","1988","Thuringia","Female","","","","","3"
"Some worries","1988","Thuringia","Female","","","","","2"
"Some worries","1988","Thuringia","Male","","","","","2"
"Some worries","1988","Mecklenburg-Western Pomerania","Female","","","","","2"
"Some worries","1988","Saxony","Male","","","","","2"
"Some worries","1988","Saxony-Anhalt","Male","","","","","2"
"Some worries","1988","Saxony-Anhalt","Female","","","","","2"
"Some worries","1988","Schleswig-Holstein","Male","59","0.362312271611107","0.287363399904551","0.437261143317663","2"
"Some worries","1988","Schleswig-Holstein","Female","66","0.404506262646438","0.329391138189658","0.479621387103217","2"
"Some worries","1988","Hamburg","Male","32","0.341644243739977","0.247264325591961","0.436024161887993","2"
"Some worries","1988","Hamburg","Female","29","","","","2"
"Some worries","1988","Berlin","Female","78","0.478350014234274","0.402130072146436","0.554569956322112","2"
"Some worries","1988","Mecklenburg-Western Pomerania","Male","","","","","2"
"Some worries","1988","Saxony","Female","","","","","2"
"Some worries","1988","Lower Saxony","Male","221","0.437893010787154","0.394750071059528","0.48103595051478","2"
"Some worries","1988","Bremen","Male","24","","","","2"
"Some worries","1988","Bremen","Female","22","","","","2"
"Some worries","1988","Rhineland-Palatinate,Saarland","Female","149","0.400112010605044","0.3506577977811","0.449566223428988","2"
"Some worries","1988","Baden-Württemberg","Male","365","0.358867585516525","0.328461526890201","0.389273644142849","2"
"Some worries","1988","Bavaria","Male","343","0.431014744263985","0.396525627712057","0.465503860815914","2"
"Some worries","1988","Bavaria","Female","300","0.357728765143697","0.325294558582758","0.390162971704636","2"
"Some worries","1988","Berlin","Male","70","0.417961678288217","0.342475021909131","0.493448334667303","2"
"Some worries","1988","Brandenburg","Male","","","","","2"
"Some worries","1988","Brandenburg","Female","","","","","2"
"Some worries","1988","Lower Saxony","Female","206","0.379249245955128","0.337863372962655","0.420635118947601","2"
"Some worries","1988","North Rhine-Westphalia","Male","541","0.380110295447417","0.354168562935052","0.406052027959783","2"
"Some worries","1988","North Rhine-Westphalia","Female","501","0.34117861949121","0.315756040342251","0.366601198640169","2"
"Some worries","1988","Hesse","Male","223","0.441303143736299","0.3974721561826","0.485134131289998","2"
"Some worries","1988","Hesse","Female","214","0.399404186098492","0.3564312255373","0.442377146659684","2"
"Some worries","1988","Rhineland-Palatinate,Saarland","Male","160","0.438391057492425","0.386702512097004","0.490079602887846","2"
"Some worries","1988","Baden-Württemberg","Female","361","0.378372320671394","0.34731935044038","0.409425290902408","2"
"Big worries","1989","Schleswig-Holstein","Male","91","0.642198503656085","0.564708595787532","0.719688411524639","1"
"Big worries","1989","Schleswig-Holstein","Female","93","0.658001130971548","0.582587135242301","0.733415126700795","1"
"Big worries","1989","Hamburg","Male","65","0.667026082393739","0.573239925513663","0.760812239273815","1"
"Big worries","1989","Hamburg","Female","60","0.638509586542605","0.543872230833276","0.733146942251933","1"
"Big worries","1989","Lower Saxony","Male","283","0.596483001119362","0.552639471876617","0.640326530362107","1"
"Big worries","1989","Lower Saxony","Female","326","0.642283826681969","0.600845776430626","0.683721876933313","1"
"Big worries","1989","Bremen","Male","35","0.736418613254867","0.614299726498045","0.858537500011689","1"
"Big worries","1989","Bremen","Female","37","0.605987030527582","0.478007356121753","0.73396670493341","1"
"Big worries","1989","North Rhine-Westphalia","Male","715","0.609774338732762","0.583185993256813","0.636362684208711","1"
"Big worries","1989","North Rhine-Westphalia","Female","790","0.663672787600231","0.638117913998758","0.689227661201704","1"
"Big worries","1989","Hesse","Male","283","0.620157447964392","0.577358075032129","0.662956820896656","1"
"Big worries","1989","Hesse","Female","295","0.621495576197309","0.578811906208321","0.664179246186298","1"
"Big worries","1989","Rhineland-Palatinate,Saarland","Male","201","0.618911753711046","0.566983275608429","0.670840231813663","1"
"Big worries","1989","Rhineland-Palatinate,Saarland","Female","219","0.613188378619462","0.562597781373792","0.663778975865133","1"
"Big worries","1989","Baden-Württemberg","Male","483","0.59819260247275","0.566233589438592","0.630151615506909","1"
"Big worries","1989","Baden-Württemberg","Female","521","0.620385029578577","0.588732637553119","0.652037421604036","1"
"Big worries","1989","Bavaria","Male","467","0.618197366356451","0.583993100376907","0.652401632335995","1"
"Big worries","1989","Bavaria","Female","504","0.633168303402311","0.600181960068784","0.666154646735838","1"
"Big worries","1989","Berlin","Male","96","0.588622477246195","0.511893705195641","0.665351249296749","1"
"Big worries","1989","Berlin","Female","92","0.553462077638347","0.478288268258613","0.628635887018081","1"
"Big worries","1989","Brandenburg","Male","","","","","1"
"Big worries","1989","Brandenburg","Female","","","","","1"
"Big worries","1989","Mecklenburg-Western Pomerania","Male","","","","","1"
"Big worries","1989","Mecklenburg-Western Pomerania","Female","","","","","1"
"Big worries","1989","Saxony","Male","","","","","1"
"Big worries","1989","Saxony","Female","","","","","1"
"Big worries","1989","Saxony-Anhalt","Male","","","","","1"
"Big worries","1989","Saxony-Anhalt","Female","","","","","1"
"Big worries","1989","Thuringia","Male","","","","","1"
"Big worries","1989","Thuringia","Female","","","","","1"
"No worries","1989","Schleswig-Holstein","Female","15","","","","3"
"No worries","1989","Schleswig-Holstein","Male","11","","","","3"
"No worries","1989","Hamburg","Female","7","","","","3"
"No worries","1989","Hamburg","Male","9","","","","3"
"No worries","1989","Lower Saxony","Male","16","","","","3"
"No worries","1989","Lower Saxony","Female","17","","","","3"
"No worries","1989","Rhineland-Palatinate,Saarland","Female","15","","","","3"
"No worries","1989","Bremen","Male","","","","","3"
"No worries","1989","Bremen","Female","4","","","","3"
"No worries","1989","North Rhine-Westphalia","Male","99","0.0481257047722585","0.0364595648925385","0.0597918446519785","3"
"No worries","1989","North Rhine-Westphalia","Female","71","0.0258926579837148","0.0173023753365039","0.0344829406309256","3"
"No worries","1989","Hesse","Male","24","","","","3"
"No worries","1989","Hesse","Female","34","0.0560197383139007","0.0357821271473401","0.0762573494804612","3"
"No worries","1989","Rhineland-Palatinate,Saarland","Male","15","","","","3"
"No worries","1989","Baden-Württemberg","Male","98","0.0777609997771631","0.0603041234317941","0.0952178761225322","3"
"No worries","1989","Baden-Württemberg","Female","92","0.0789214428744996","0.0613361315976382","0.096506754151361","3"
"No worries","1989","Bavaria","Male","31","0.0280212477920473","0.0164022314999524","0.0396402640841423","3"
"No worries","1989","Bavaria","Female","40","0.0399802229676587","0.0265709923296265","0.053389453605691","3"
"No worries","1989","Berlin","Male","10","","","","3"
"No worries","1989","Berlin","Female","12","","","","3"
"No worries","1989","Brandenburg","Male","","","","","3"
"No worries","1989","Brandenburg","Female","","","","","3"
"No worries","1989","Mecklenburg-Western Pomerania","Male","","","","","3"
"No worries","1989","Mecklenburg-Western Pomerania","Female","","","","","3"
"No worries","1989","Saxony","Male","","","","","3"
"No worries","1989","Saxony","Female","","","","","3"
"No worries","1989","Saxony-Anhalt","Male","","","","","3"
"No worries","1989","Saxony-Anhalt","Female","","","","","3"
"No worries","1989","Thuringia","Male","","","","","3"
"No worries","1989","Thuringia","Female","","","","","3"
"Some worries","1989","Thuringia","Male","","","","","2"
"Some worries","1989","Thuringia","Female","","","","","2"
"Some worries","1989","Schleswig-Holstein","Male","45","0.286607834275948","0.21351115963277","0.359704508919125","2"
"Some worries","1989","Schleswig-Holstein","Female","44","0.23786555083442","0.170178145275539","0.305552956393302","2"
"Some worries","1989","Hamburg","Male","23","","","","2"
"Some worries","1989","Hamburg","Female","32","0.309369855988945","0.218317275946184","0.400422436031706","2"
"Some worries","1989","Lower Saxony","Male","182","0.373182633139624","0.329960442400881","0.416404823878366","2"
"Some worries","1989","Berlin","Female","64","0.418526439964504","0.343929693569143","0.493123186359865","2"
"Some worries","1989","Mecklenburg-Western Pomerania","Male","","","","","2"
"Some worries","1989","Mecklenburg-Western Pomerania","Female","","","","","2"
"Some worries","1989","Saxony","Male","","","","","2"
"Some worries","1989","Saxony","Female","","","","","2"
"Some worries","1989","Saxony-Anhalt","Male","","","","","2"
"Some worries","1989","Saxony-Anhalt","Female","","","","","2"
"Some worries","1989","Lower Saxony","Female","171","0.323185060303445","0.282752882154222","0.363617238452669","2"
"Some worries","1989","Bremen","Male","15","","","","2"
"Some worries","1989","Bremen","Female","15","","","","2"
"Some worries","1989","Rhineland-Palatinate,Saarland","Female","122","0.348258966224217","0.298769613021895","0.397748319426538","2"
"Some worries","1989","Baden-Württemberg","Male","323","0.324046397750087","0.293537542093692","0.354555253406482","2"
"Some worries","1989","Bavaria","Male","277","0.353781385851502","0.320118258429593","0.38744451327341","2"
"Some worries","1989","Bavaria","Female","276","0.32685147363003","0.294746535434897","0.358956411825163","2"
"Some worries","1989","Berlin","Male","52","0.341195172955512","0.267268804416064","0.415121541494961","2"
"Some worries","1989","Brandenburg","Male","","","","","2"
"Some worries","1989","Brandenburg","Female","","","","","2"
"Some worries","1989","North Rhine-Westphalia","Male","479","0.342099956494979","0.316241339382911","0.367958573607048","2"
"Some worries","1989","North Rhine-Westphalia","Female","452","0.310434554416054","0.285408723753894","0.335460385078215","2"
"Some worries","1989","Hesse","Male","187","0.353836659661934","0.311671166194789","0.39600215312908","2"
"Some worries","1989","Hesse","Female","167","0.32248468548879","0.281348751859602","0.363620619117978","2"
"Some worries","1989","Rhineland-Palatinate,Saarland","Male","120","0.347291070935931","0.296383187854345","0.398198954017517","2"
"Some worries","1989","Baden-Württemberg","Female","290","0.300693527546923","0.270784655844429","0.330602399249417","2"
"Big worries","1990","Schleswig-Holstein","Male","80","0.618977233095897","0.536751360172399","0.701203106019395","1"
"Big worries","1990","Schleswig-Holstein","Female","82","0.600764535688748","0.520774931976075","0.680754139401422","1"
"Big worries","1990","Hamburg","Male","50","0.587338942164329","0.480126121136395","0.694551763192263","1"
"Big worries","1990","Hamburg","Female","53","0.599424174283954","0.497043909107488","0.701804439460421","1"
"Big worries","1990","Lower Saxony","Male","288","0.610223879102352","0.566730140565714","0.653717617638991","1"
"Big worries","1990","Lower Saxony","Female","293","0.606381336986519","0.562990865978162","0.649771807994876","1"
"Big worries","1990","Bremen","Male","31","0.704288337361024","0.573818945826252","0.834757728895797","1"
"Big worries","1990","Bremen","Female","35","0.621655255099545","0.49463507177455","0.74867543842454","1"
"Big worries","1990","North Rhine-Westphalia","Male","713","0.60265650151113","0.575615314654554","0.629697688367705","1"
"Big worries","1990","North Rhine-Westphalia","Female","792","0.660158013967411","0.634360629673904","0.685955398260917","1"
"Big worries","1990","Hesse","Male","304","0.64804956845923","0.605763733062957","0.690335403855504","1"
"Big worries","1990","Hesse","Female","306","0.634173865403245","0.591526561061654","0.676821169744836","1"
"Big worries","1990","Rhineland-Palatinate,Saarland","Male","188","0.598678861034819","0.544889581234476","0.652468140835162","1"
"Big worries","1990","Rhineland-Palatinate,Saarland","Female","203","0.570592588238038","0.518808973379103","0.622376203096973","1"
"Big worries","1990","Baden-Württemberg","Male","518","0.633388234836358","0.601975765991339","0.664800703681377","1"
"Big worries","1990","Baden-Württemberg","Female","526","0.627021812531123","0.595286066977837","0.65875755808441","1"
"Big worries","1990","Bavaria","Male","471","0.618154227131627","0.584124409215689","0.652184045047566","1"
"Big worries","1990","Bavaria","Female","498","0.636021566795559","0.602743042080413","0.669300091510704","1"
"Big worries","1990","Berlin","Male","164","0.523908226415457","0.466624717508337","0.581191735322578","1"
"Big worries","1990","Berlin","Female","192","0.561450004924245","0.508074235394727","0.614825774453763","1"
"Big worries","1990","Brandenburg","Male","185","0.507897372240904","0.456037695186522","0.559757049295286","1"
"Big worries","1990","Brandenburg","Female","203","0.510421605862029","0.459893872671529","0.560949339052528","1"
"Big worries","1990","Mecklenburg-Western Pomerania","Male","118","0.492746226003592","0.430271431794423","0.555221020212761","1"
"Big worries","1990","Mecklenburg-Western Pomerania","Female","115","0.450486206808762","0.390125003988074","0.510847409629451","1"
"Big worries","1990","Saxony","Male","416","0.662178273736269","0.625304226816992","0.699052320655547","1"
"Big worries","1990","Saxony","Female","421","0.589261745200538","0.553023416266423","0.625500074134654","1"
"Big worries","1990","Saxony-Anhalt","Male","248","0.618008959204757","0.569538357303902","0.666479561105612","1"
"Big worries","1990","Saxony-Anhalt","Female","280","0.649266627806044","0.604162743031295","0.694370512580794","1"
"Big worries","1990","Thuringia","Male","214","0.61724060884271","0.566245849030793","0.668235368654628","1"
"Big worries","1990","Thuringia","Female","233","0.605561920651328","0.557242634184379","0.653881207118277","1"
"No worries","1990","Schleswig-Holstein","Female","15","","","","3"
"No worries","1990","Schleswig-Holstein","Male","11","","","","3"
"No worries","1990","Hamburg","Male","5","","","","3"
"No worries","1990","Hamburg","Female","4","","","","3"
"No worries","1990","Lower Saxony","Male","16","","","","3"
"No worries","1990","Lower Saxony","Female","22","","","","3"
"No worries","1990","Rhineland-Palatinate,Saarland","Female","16","","","","3"
"No worries","1990","Bremen","Male","2","","","","3"
"No worries","1990","North Rhine-Westphalia","Male","98","0.0577750663354882","0.0448820274305128","0.0706681052404635","3"
"No worries","1990","North Rhine-Westphalia","Female","83","0.0407985742044672","0.0300242359062619","0.0515729125026726","3"
"No worries","1990","Hesse","Male","25","","","","3"
"No worries","1990","Hesse","Female","37","0.0832527002579082","0.0587917099821122","0.107713690533704","3"
"No worries","1990","Rhineland-Palatinate,Saarland","Male","16","","","","3"
"No worries","1990","Baden-Württemberg","Male","75","0.0490481295688565","0.0349696949117871","0.0631265642259259","3"
"No worries","1990","Baden-Württemberg","Female","69","0.0552860855548285","0.0402884173790845","0.0702837537305725","3"
"No worries","1990","Bavaria","Male","32","0.033509029555982","0.0209039080685469","0.0461141510434171","3"
"No worries","1990","Bavaria","Female","25","","","","3"
"No worries","1990","Bremen","Female","5","","","","3"
"No worries","1990","Berlin","Male","16","","","","3"
"No worries","1990","Berlin","Female","12","","","","3"
"No worries","1990","Brandenburg","Male","5","","","","3"
"No worries","1990","Brandenburg","Female","15","","","","3"
"No worries","1990","Mecklenburg-Western Pomerania","Male","11","","","","3"
"No worries","1990","Mecklenburg-Western Pomerania","Female","11","","","","3"
"No worries","1990","Saxony","Male","17","","","","3"
"No worries","1990","Saxony","Female","17","","","","3"
"No worries","1990","Saxony-Anhalt","Male","6","","","","3"
"No worries","1990","Saxony-Anhalt","Female","9","","","","3"
"No worries","1990","Thuringia","Male","7","","","","3"
"No worries","1990","Thuringia","Female","12","","","","3"
"Some worries","1990","Thuringia","Male","128","0.360232593684964","0.309866538684752","0.410598648685177","2"
"Some worries","1990","Schleswig-Holstein","Male","43","0.311354203782353","0.232953310840671","0.389755096724035","2"
"Some worries","1990","Schleswig-Holstein","Female","47","0.290460991817384","0.21631308572225","0.364608897912517","2"
"Some worries","1990","Hamburg","Male","26","","","","2"
"Some worries","1990","Hamburg","Female","31","0.360053729190292","0.259762681553786","0.460344776826798","2"
"Some worries","1990","Lower Saxony","Male","179","0.346829146653925","0.304382272106554","0.389276021201295","2"
"Some worries","1990","Lower Saxony","Female","172","0.339310155047048","0.297258716717149","0.381361593376946","2"
"Some worries","1990","Mecklenburg-Western Pomerania","Male","117","0.463026975507743","0.400716664549382","0.525337286466105","2"
"Some worries","1990","Mecklenburg-Western Pomerania","Female","135","0.504721143119006","0.444064484788343","0.565377801449669","2"
"Some worries","1990","Saxony","Female","270","0.381104607089322","0.345331044990897","0.416878169187746","2"
"Some worries","1990","Saxony-Anhalt","Male","132","0.370027505985175","0.321862431442362","0.418192580527987","2"
"Some worries","1990","Saxony-Anhalt","Female","141","0.330512625700931","0.28605164008186","0.374973611320002","2"
"Some worries","1990","Thuringia","Female","148","0.358269617425649","0.310863639878033","0.405675594973266","2"
"Some worries","1990","Bremen","Male","14","","","","2"
"Some worries","1990","Bremen","Female","16","","","","2"
"Some worries","1990","North Rhine-Westphalia","Male","447","0.339568432153382","0.313399540017437","0.365737324289327","2"
"Some worries","1990","North Rhine-Westphalia","Female","420","0.299043411828122","0.274107463617457","0.323979360038787","2"
"Some worries","1990","Hesse","Male","161","0.322544112880138","0.281155094982204","0.363933130778072","2"
"Some worries","1990","Rhineland-Palatinate,Saarland","Female","132","0.367689293847453","0.31724636525744","0.418132222437466","2"
"Some worries","1990","Bavaria","Male","280","0.348336743312391","0.314965032550648","0.381708454074133","2"
"Some worries","1990","Bavaria","Female","280","0.337345226966615","0.304643456302994","0.370046997630237","2"
"Some worries","1990","Berlin","Male","112","0.39949884226683","0.343320185324379","0.455677499209281","2"
"Some worries","1990","Berlin","Female","128","0.375348698636994","0.323263379327379","0.427434017946609","2"
"Some worries","1990","Brandenburg","Male","167","0.474453721761431","0.422655315889146","0.526252127633717","2"
"Some worries","1990","Brandenburg","Female","158","0.437318880876059","0.387178866532383","0.487458895219736","2"
"Some worries","1990","Saxony","Male","199","0.309159198450853","0.27312875329193","0.345189643609777","2"
"Some worries","1990","Hesse","Female","147","0.282573434338847","0.242707270883399","0.322439597794295","2"
"Some worries","1990","Rhineland-Palatinate,Saarland","Male","115","0.344622151602567","0.29247024102118","0.396774062183954","2"
"Some worries","1990","Baden-Württemberg","Male","311","0.317563635594785","0.287217014737419","0.347910256452152","2"
"Some worries","1990","Baden-Württemberg","Female","297","0.317692101914048","0.287138735239816","0.34824546858828","2"
"Big worries","1991","Schleswig-Holstein","Male","73","0.52313240809398","0.441836477472737","0.604428338715224","1"
"Big worries","1991","Schleswig-Holstein","Female","77","0.524411075642944","0.443953113751158","0.60486903753473","1"
"Big worries","1991","Hamburg","Male","43","0.514308029976432","0.401942421195353","0.626673638757511","1"
"Big worries","1991","Hamburg","Female","47","0.574120476663861","0.469000918646789","0.679240034680934","1"
"Big worries","1991","Lower Saxony","Female","261","0.514886601028483","0.470859212948553","0.558913989108413","1"
"Big worries","1991","Bremen","Male","26","","","","1"
"Big worries","1991","Lower Saxony","Male","224","0.478386161311795","0.433604727040791","0.5231675955828","1"
"Big worries","1991","Bremen","Female","31","0.569940799253013","0.435377875603225","0.704503722902802","1"
"Big worries","1991","North Rhine-Westphalia","Male","629","0.540836766452179","0.513255387238972","0.568418145665386","1"
"Big worries","1991","North Rhine-Westphalia","Female","711","0.590066040090526","0.563258554097342","0.61687352608371","1"
"Big worries","1991","Hesse","Male","203","0.463256577308789","0.418923883730751","0.507589270886826","1"
"Big worries","1991","Hesse","Female","223","0.475473993077949","0.430751373794557","0.520196612361341","1"
"Big worries","1991","Rhineland-Palatinate,Saarland","Male","133","0.445624152777911","0.390822827548281","0.500425478007541","1"
"Big worries","1991","Rhineland-Palatinate,Saarland","Female","158","0.480841006587824","0.4284972354398","0.533184777735848","1"
"Big worries","1991","Baden-Württemberg","Male","393","0.489356688988625","0.456643456681941","0.52206992129531","1"
"Big worries","1991","Baden-Württemberg","Female","456","0.544360345847667","0.511895161504706","0.576825530190629","1"
"Big worries","1991","Bavaria","Male","366","0.478608453135429","0.443927493533803","0.513289412737055","1"
"Big worries","1991","Bavaria","Female","434","0.555797936298318","0.521473856598321","0.590122015998315","1"
"Big worries","1991","Berlin","Male","152","0.529390544954111","0.47164405955889","0.587137030349331","1"
"Big worries","1991","Berlin","Female","174","0.544218692646409","0.48947935812684","0.598958027165979","1"
"Big worries","1991","Brandenburg","Male","135","0.384293081897085","0.331571004477684","0.437015159316487","1"
"Big worries","1991","Brandenburg","Female","147","0.389505161330834","0.338707459241874","0.440302863419794","1"
"Big worries","1991","Mecklenburg-Western Pomerania","Male","92","0.387544558902217","0.324853996041221","0.450235121763213","1"
"Big worries","1991","Mecklenburg-Western Pomerania","Female","110","0.472380502604637","0.408686507608967","0.536074497600307","1"
"Big worries","1991","Saxony","Male","265","0.46727482957246","0.426740368699346","0.507809290445574","1"
"Big worries","1991","Saxony","Female","294","0.451884494405687","0.413624828223517","0.490144160587857","1"
"Big worries","1991","Saxony-Anhalt","Male","181","0.475619161868389","0.425005778670047","0.52623254506673","1"
"Big worries","1991","Saxony-Anhalt","Female","216","0.518824763650708","0.471210191095954","0.566439336205462","1"
"Big worries","1991","Thuringia","Male","144","0.423975564779932","0.370656565693984","0.47729456386588","1"
"Big worries","1991","Thuringia","Female","179","0.480252751726263","0.428998170543683","0.531507332908843","1"
"No worries","1991","Schleswig-Holstein","Male","11","","","","3"
"No worries","1991","Schleswig-Holstein","Female","12","","","","3"
"No worries","1991","Hamburg","Male","5","","","","3"
"No worries","1991","Lower Saxony","Female","23","","","","3"
"No worries","1991","Lower Saxony","Male","23","","","","3"
"No worries","1991","Hamburg","Female","7","","","","3"
"No worries","1991","Bremen","Male","4","","","","3"
"No worries","1991","North Rhine-Westphalia","Female","92","0.04463572428131","0.0333799695647032","0.0558914789979169","3"
"No worries","1991","Bavaria","Male","47","0.0541566265435556","0.0384437989578457","0.0698694541292656","3"
"No worries","1991","Bavaria","Female","40","0.0392547217700371","0.0258394266224855","0.0526700169175887","3"
"No worries","1991","Bremen","Female","5","","","","3"
"No worries","1991","North Rhine-Westphalia","Male","106","0.0543725540962387","0.0418223952079977","0.0669227129844798","3"
"No worries","1991","Hesse","Male","41","0.0696706426189405","0.0470360215943835","0.0923052636434975","3"
"No worries","1991","Hesse","Female","29","","","","3"
"No worries","1991","Rhineland-Palatinate,Saarland","Male","18","","","","3"
"No worries","1991","Rhineland-Palatinate,Saarland","Female","25","","","","3"
"No worries","1991","Baden-Württemberg","Male","93","0.0757399602668186","0.0584253988838479","0.0930545216497893","3"
"No worries","1991","Baden-Württemberg","Female","68","0.0525732233903072","0.0380246970087524","0.0671217497718619","3"
"No worries","1991","Berlin","Male","18","","","","3"
"No worries","1991","Berlin","Female","13","","","","3"
"No worries","1991","Brandenburg","Male","14","","","","3"
"No worries","1991","Brandenburg","Female","14","","","","3"
"No worries","1991","Mecklenburg-Western Pomerania","Male","12","","","","3"
"No worries","1991","Mecklenburg-Western Pomerania","Female","4","","","","3"
"No worries","1991","Saxony","Male","26","","","","3"
"No worries","1991","Saxony","Female","24","","","","3"
"No worries","1991","Saxony-Anhalt","Male","10","","","","3"
"No worries","1991","Saxony-Anhalt","Female","8","","","","3"
"No worries","1991","Thuringia","Male","13","","","","3"
"No worries","1991","Thuringia","Female","11","","","","3"
"Some worries","1991","Schleswig-Holstein","Male","61","0.397140618294756","0.317498233567139","0.476783003022374","2"
"Some worries","1991","Schleswig-Holstein","Female","59","0.416566304886368","0.337141701289133","0.495990908483603","2"
"Some worries","1991","Mecklenburg-Western Pomerania","Male","128","0.552054218930476","0.488064870135633","0.616043567725319","2"
"Some worries","1991","Saxony","Female","332","0.506714989588341","0.468280400006186","0.545149579170497","2"
"Some worries","1991","Saxony-Anhalt","Male","183","0.499561947706374","0.448888304691934","0.550235590720814","2"
"Some worries","1991","Saxony-Anhalt","Female","199","0.448220422463439","0.400828258563232","0.495612586363645","2"
"Some worries","1991","Thuringia","Male","173","0.525177027957452","0.471299229338076","0.579054826576827","2"
"Some worries","1991","Thuringia","Female","175","0.470534477712908","0.419329023024163","0.521739932401652","2"
"Some worries","1991","Hamburg","Male","28","","","","2"
"Some worries","1991","Hamburg","Female","31","0.389639357459683","0.285966922683921","0.493311792235444","2"
"Some worries","1991","Bremen","Male","15","","","","2"
"Some worries","1991","Lower Saxony","Male","231","0.468309475017299","0.423576263798069","0.513042686236529","2"
"Some worries","1991","Lower Saxony","Female","211","0.424287549079585","0.380748549452887","0.467826548706283","2"
"Some worries","1991","Bremen","Female","16","","","","2"
"Some worries","1991","North Rhine-Westphalia","Female","490","0.365298235628164","0.339052577427833","0.391543893828495","2"
"Some worries","1991","Hesse","Male","242","0.467072780072271","0.422716390714368","0.511429169430174","2"
"Some worries","1991","Bavaria","Male","384","0.467234920321015","0.432596789133364","0.501873051508667","2"
"Some worries","1991","Bavaria","Female","331","0.404947341931645","0.371037393690127","0.438857290173163","2"
"Some worries","1991","Berlin","Female","131","0.414227807536038","0.360087772596918","0.468367842475158","2"
"Some worries","1991","Brandenburg","Male","178","0.575721134467475","0.522153064354224","0.629289204580727","2"
"Some worries","1991","Brandenburg","Female","193","0.561848682982593","0.510163244584988","0.613534121380198","2"
"Some worries","1991","Mecklenburg-Western Pomerania","Female","122","0.511599169624979","0.447824942840022","0.575373396409936","2"
"Some worries","1991","Saxony","Male","291","0.495609045678242","0.454989051617031","0.536229039739454","2"
"Some worries","1991","North Rhine-Westphalia","Male","519","0.404790679451582","0.377623194419063","0.431958164484101","2"
"Some worries","1991","Hesse","Female","227","0.469055466483987","0.424364781417132","0.513746151550842","2"
"Some worries","1991","Rhineland-Palatinate,Saarland","Male","165","0.491677913588987","0.436557256040503","0.546798571137472","2"
"Some worries","1991","Rhineland-Palatinate,Saarland","Female","167","0.457484827549181","0.40529229619719","0.509677358901173","2"
"Some worries","1991","Baden-Württemberg","Male","411","0.434903350744556","0.40246120190493","0.467345499584182","2"
"Some worries","1991","Baden-Württemberg","Female","380","0.403066430762026","0.371091089231848","0.435041772292203","2"
"Some worries","1991","Berlin","Male","117","0.41532312123336","0.358312187084569","0.472334055382151","2"
"Big worries","1992","Schleswig-Holstein","Male","66","0.53878648640775","0.452763880442984","0.624809092372517","1"
"Big worries","1992","Schleswig-Holstein","Female","72","0.529977586118079","0.447596678892214","0.612358493343945","1"
"Big worries","1992","Hamburg","Male","39","0.550893879834166","0.43267084731303","0.669116912355302","1"
"Big worries","1992","Hamburg","Female","48","0.559885291222619","0.454356467127962","0.665414115317275","1"
"Big worries","1992","Lower Saxony","Female","288","0.587127703565898","0.543309821750736","0.630945585381059","1"
"Big worries","1992","Bremen","Male","28","","","","1"
"Big worries","1992","Lower Saxony","Male","257","0.525486192554776","0.480721127048384","0.570251258061168","1"
"Big worries","1992","Bremen","Female","33","0.671879072522744","0.541734634893422","0.802023510152067","1"
"Big worries","1992","North Rhine-Westphalia","Male","709","0.599556963397447","0.572240501080053","0.626873425714841","1"
"Big worries","1992","North Rhine-Westphalia","Female","781","0.631519850383758","0.605226291048235","0.657813409719281","1"
"Big worries","1992","Hesse","Male","228","0.526442138663121","0.481350140035057","0.571534137291185","1"
"Big worries","1992","Hesse","Female","253","0.527259978518464","0.482781594585957","0.571738362450971","1"
"Big worries","1992","Rhineland-Palatinate,Saarland","Male","144","0.449281086730169","0.393998041145818","0.504564132314519","1"
"Big worries","1992","Rhineland-Palatinate,Saarland","Female","183","0.541007736049496","0.488425026161462","0.59359044593753","1"
"Big worries","1992","Baden-Württemberg","Male","457","0.593255187193551","0.560707071715397","0.625803302671705","1"
"Big worries","1992","Baden-Württemberg","Female","508","0.639200965482273","0.607489849115521","0.670912081849024","1"
"Big worries","1992","Bavaria","Male","420","0.531286404048887","0.49694201535546","0.565630792742313","1"
"Big worries","1992","Bavaria","Female","484","0.61135954910351","0.578057533183038","0.644661565023982","1"
"Big worries","1992","Berlin","Male","166","0.644422639607267","0.588051001907777","0.700794277306757","1"
"Big worries","1992","Berlin","Female","218","0.707220321985218","0.657285836456794","0.757154807513642","1"
"Big worries","1992","Brandenburg","Male","155","0.502762536360188","0.44789491600125","0.557630156719126","1"
"Big worries","1992","Brandenburg","Female","188","0.542989670114721","0.490424589402664","0.595554750826778","1"
"Big worries","1992","Mecklenburg-Western Pomerania","Male","101","0.510718789059986","0.442289607201957","0.579147970918015","1"
"Big worries","1992","Mecklenburg-Western Pomerania","Female","124","0.597064036331582","0.530246356616877","0.663881716046286","1"
"Big worries","1992","Saxony","Male","292","0.561239619390022","0.519150937448684","0.603328301331361","1"
"Big worries","1992","Saxony","Female","355","0.560738935010865","0.521767555520462","0.599710314501267","1"
"Big worries","1992","Saxony-Anhalt","Male","216","0.597579493719436","0.54727120399502","0.647887783443853","1"
"Big worries","1992","Saxony-Anhalt","Female","253","0.624024571420337","0.576908871065701","0.671140271774973","1"
"Big worries","1992","Thuringia","Male","179","0.550864675430461","0.496870071505087","0.604859279355835","1"
"Big worries","1992","Thuringia","Female","216","0.607166499024235","0.556291475948526","0.658041522099944","1"
"No worries","1992","Schleswig-Holstein","Female","13","","","","3"
"No worries","1992","Hamburg","Male","5","","","","3"
"No worries","1992","Schleswig-Holstein","Male","8","","","","3"
"No worries","1992","Hamburg","Female","4","","","","3"
"No worries","1992","Lower Saxony","Male","20","","","","3"
"No worries","1992","Lower Saxony","Female","14","","","","3"
"No worries","1992","Bremen","Male","1","","","","3"
"No worries","1992","North Rhine-Westphalia","Female","77","0.0454691560242831","0.0341137606975073","0.0568245513510589","3"
"No worries","1992","Bavaria","Male","35","0.0479413427992443","0.0332377111552209","0.0626449744432677","3"
"No worries","1992","Bavaria","Female","25","","","","3"
"No worries","1992","Bremen","Female","3","","","","3"
"No worries","1992","North Rhine-Westphalia","Male","75","0.042620874634501","0.031359484312238","0.0538822649567639","3"
"No worries","1992","Hesse","Male","28","","","","3"
"No worries","1992","Hesse","Female","36","0.0923719908582141","0.0665761608118076","0.11816782090462","3"
"No worries","1992","Rhineland-Palatinate,Saarland","Male","5","","","","3"
"No worries","1992","Rhineland-Palatinate,Saarland","Female","14","","","","3"
"No worries","1992","Baden-Württemberg","Male","78","0.0479006547726041","0.033750671620881","0.0620506379243273","3"
"No worries","1992","Baden-Württemberg","Female","53","0.0396284915071961","0.0267464842084532","0.052510498805939","3"
"No worries","1992","Berlin","Male","13","","","","3"
"No worries","1992","Berlin","Female","9","","","","3"
"No worries","1992","Brandenburg","Male","10","","","","3"
"No worries","1992","Brandenburg","Female","6","","","","3"
"No worries","1992","Mecklenburg-Western Pomerania","Male","11","","","","3"
"No worries","1992","Mecklenburg-Western Pomerania","Female","6","","","","3"
"No worries","1992","Saxony","Male","27","","","","3"
"No worries","1992","Saxony","Female","20","","","","3"
"No worries","1992","Saxony-Anhalt","Male","12","","","","3"
"No worries","1992","Saxony-Anhalt","Female","4","","","","3"
"No worries","1992","Thuringia","Male","5","","","","3"
"No worries","1992","Thuringia","Female","5","","","","3"
"Some worries","1992","Schleswig-Holstein","Male","55","0.407210839950648","0.322427010654607","0.491994669246688","2"
"Some worries","1992","Schleswig-Holstein","Female","56","0.389271492836857","0.308791314314447","0.469751671359268","2"
"Some worries","1992","Hamburg","Male","24","","","","2"
"Some worries","1992","Hamburg","Female","33","0.410219058340374","0.305652717167474","0.514785399513274","2"
"Some worries","1992","Bremen","Male","14","","","","2"
"Some worries","1992","Mecklenburg-Western Pomerania","Male","93","0.44187918129188","0.373898260593472","0.509860101990287","2"
"Some worries","1992","Saxony","Female","248","0.404806807389845","0.366262792628293","0.443350822151396","2"
"Some worries","1992","Saxony-Anhalt","Male","137","0.360528556134282","0.311269955368047","0.409787156900517","2"
"Some worries","1992","Saxony-Anhalt","Female","149","0.363387510962467","0.316602401490138","0.410172620434797","2"
"Some worries","1992","Thuringia","Male","142","0.429701170217369","0.375964122926849","0.483438217507889","2"
"Some worries","1992","Thuringia","Female","133","0.385266478794014","0.334570849351844","0.435962108236185","2"
"Some worries","1992","Lower Saxony","Male","201","0.438356764743643","0.393875383415601","0.482838146071684","2"
"Some worries","1992","Lower Saxony","Female","183","0.37808818939051","0.334932487982881","0.421243890798138","2"
"Some worries","1992","Bremen","Female","14","","","","2"
"Some worries","1992","North Rhine-Westphalia","Female","435","0.323010993591959","0.297522258211838","0.34849972897208","2"
"Some worries","1992","Hesse","Male","215","0.403515454724632","0.359208967214592","0.447821942234672","2"
"Some worries","1992","Bavaria","Male","356","0.420772253151869","0.386795185917408","0.45474932038633","2"
"Some worries","1992","Bavaria","Female","314","0.362611277208274","0.329766144999944","0.395456409416603","2"
"Some worries","1992","Berlin","Female","92","0.278756300531156","0.229551654517425","0.327960946544886","2"
"Some worries","1992","Brandenburg","Male","154","0.468582075756734","0.413822044824064","0.523342106689404","2"
"Some worries","1992","Brandenburg","Female","151","0.429261880795837","0.377032106944472","0.481491654647202","2"
"Some worries","1992","Mecklenburg-Western Pomerania","Female","77","0.356890942192194","0.291627046420007","0.422154837964381","2"
"Some worries","1992","Saxony","Male","215","0.394631713962984","0.353176106147014","0.436087321778954","2"
"Some worries","1992","North Rhine-Westphalia","Male","452","0.357822161968052","0.331098243985979","0.384546079950125","2"
"Some worries","1992","Hesse","Female","195","0.380368030623322","0.337117212933649","0.423618848312995","2"
"Some worries","1992","Rhineland-Palatinate,Saarland","Male","162","0.539710647874317","0.48431650409938","0.595104791649254","2"
"Some worries","1992","Rhineland-Palatinate,Saarland","Female","148","0.409026983162424","0.357147176500835","0.460906789824014","2"
"Some worries","1992","Baden-Württemberg","Male","340","0.358844158033845","0.327062334894498","0.390625981173192","2"
"Some worries","1992","Baden-Württemberg","Female","320","0.321170543010531","0.290338072153221","0.352003013867841","2"
"Some worries","1992","Berlin","Male","98","0.322021655286698","0.266996831975235","0.377046478598161","2"
"Big worries","1993","Schleswig-Holstein","Male","70","0.518894146779154","0.43522843431964","0.602559859238668","1"
"Big worries","1993","Schleswig-Holstein","Female","66","0.476104640069876","0.395093424990731","0.557115855149021","1"
"Big worries","1993","Hamburg","Male","35","0.478340112559308","0.356902412039703","0.599777813078913","1"
"Big worries","1993","Hamburg","Female","40","0.557476597409957","0.445068162474163","0.669885032345752","1"
"Big worries","1993","Bremen","Male","28","","","","1"
"Big worries","1993","Lower Saxony","Male","216","0.443904166478723","0.399731930088876","0.488076402868571","1"
"Big worries","1993","Lower Saxony","Female","262","0.539753878625579","0.495712744500043","0.583795012751116","1"
"Big worries","1993","Bremen","Female","27","","","","1"
"Big worries","1993","North Rhine-Westphalia","Male","624","0.519739248882466","0.491635124895991","0.547843372868942","1"
"Big worries","1993","North Rhine-Westphalia","Female","720","0.558344325046183","0.531224734996302","0.585463915096064","1"
"Big worries","1993","Hesse","Male","215","0.493942679687493","0.448104419705877","0.539780939669108","1"
"Big worries","1993","Hesse","Female","229","0.539048926081542","0.494268716401359","0.583829135761726","1"
"Big worries","1993","Rhineland-Palatinate,Saarland","Male","135","0.455963318789015","0.400067771129025","0.511858866449005","1"
"Big worries","1993","Rhineland-Palatinate,Saarland","Female","150","0.431045840894993","0.377935972485915","0.48415570930407","1"
"Big worries","1993","Baden-Württemberg","Male","398","0.469909749300111","0.437138622440472","0.502680876159751","1"
"Big worries","1993","Baden-Württemberg","Female","419","0.499901319114674","0.466996744780135","0.532805893449214","1"
"Big worries","1993","Bavaria","Male","372","0.475073304592754","0.440403725135103","0.509742884050405","1"
"Big worries","1993","Bavaria","Female","437","0.557892847391246","0.523796453148602","0.591989241633889","1"
"Big worries","1993","Berlin","Male","151","0.549642697048582","0.490624545493044","0.60866084860412","1"
"Big worries","1993","Berlin","Female","189","0.641281144159852","0.587187535153338","0.695374753166366","1"
"Big worries","1993","Brandenburg","Male","137","0.45705229903538","0.400869086584826","0.513235511485934","1"
"Big worries","1993","Brandenburg","Female","152","0.479557639141435","0.425243470498517","0.533871807784353","1"
"Big worries","1993","Mecklenburg-Western Pomerania","Male","83","0.450168934165468","0.38069572259317","0.519642145737767","1"
"Big worries","1993","Mecklenburg-Western Pomerania","Female","107","0.502989732655948","0.434712372540652","0.571267092771245","1"
"Big worries","1993","Saxony","Male","237","0.451555734031343","0.408700374589685","0.494411093473","1"
"Big worries","1993","Saxony","Female","290","0.454320987013854","0.414447455224312","0.494194518803397","1"
"Big worries","1993","Saxony-Anhalt","Male","166","0.485916460537363","0.433329144185449","0.538503776889276","1"
"Big worries","1993","Saxony-Anhalt","Female","205","0.508241428472603","0.458877356041828","0.557605500903377","1"
"Big worries","1993","Thuringia","Male","149","0.445915043330794","0.391110218837931","0.500719867823657","1"
"Big worries","1993","Thuringia","Female","168","0.461447181882176","0.408767393688918","0.514126970075433","1"
"No worries","1993","Schleswig-Holstein","Female","9","","","","3"
"No worries","1993","Schleswig-Holstein","Male","7","","","","3"
"No worries","1993","Hamburg","Male","8","","","","3"
"No worries","1993","Hamburg","Female","2","","","","3"
"No worries","1993","Lower Saxony","Male","17","","","","3"
"No worries","1993","Lower Saxony","Female","21","","","","3"
"No worries","1993","Bremen","Male","3","","","","3"
"No worries","1993","Bremen","Female","7","","","","3"
"No worries","1993","North Rhine-Westphalia","Male","68","0.0415026466662312","0.0302831828270061","0.0527221105054562","3"
"No worries","1993","North Rhine-Westphalia","Female","69","0.0392221999087506","0.0286206926812845","0.0498237071362166","3"
"No worries","1993","Bavaria","Male","51","0.0677662243006237","0.0503165232228338","0.0852159253784136","3"
"No worries","1993","Bavaria","Female","23","","","","3"
"No worries","1993","Hesse","Male","25","","","","3"
"No worries","1993","Hesse","Female","31","0.0646052822033609","0.0425213662750146","0.0866891981317071","3"
"No worries","1993","Rhineland-Palatinate,Saarland","Male","16","","","","3"
"No worries","1993","Rhineland-Palatinate,Saarland","Female","16","","","","3"
"No worries","1993","Baden-Württemberg","Male","67","0.0524286811956864","0.0377934475811936","0.0670639148101792","3"
"No worries","1993","Baden-Württemberg","Female","62","0.0434766258896076","0.0300563331036481","0.0568969186755671","3"
"No worries","1993","Berlin","Male","9","","","","3"
"No worries","1993","Berlin","Female","5","","","","3"
"No worries","1993","Brandenburg","Male","3","","","","3"
"No worries","1993","Brandenburg","Female","11","","","","3"
"No worries","1993","Mecklenburg-Western Pomerania","Male","4","","","","3"
"No worries","1993","Mecklenburg-Western Pomerania","Female","3","","","","3"
"No worries","1993","Saxony","Male","25","","","","3"
"No worries","1993","Saxony","Female","23","","","","3"
"No worries","1993","Saxony-Anhalt","Male","8","","","","3"
"No worries","1993","Saxony-Anhalt","Female","6","","","","3"
"No worries","1993","Thuringia","Male","9","","","","3"
"No worries","1993","Thuringia","Female","6","","","","3"
"Some worries","1993","Schleswig-Holstein","Male","60","0.442256154344316","0.359090857223936","0.525421451464697","2"
"Some worries","1993","Hamburg","Male","22","","","","2"
"Some worries","1993","Hamburg","Female","33","0.432260582310025","0.320145303723234","0.544375860896817","2"
"Some worries","1993","Schleswig-Holstein","Female","71","0.486098850472314","0.405026315126983","0.567171385817645","2"
"Some worries","1993","Lower Saxony","Male","253","0.523888798980983","0.479486678351939","0.568290919610028","2"
"Some worries","1993","Lower Saxony","Female","209","0.416455848888446","0.372895948012613","0.460015749764278","2"
"Some worries","1993","Bremen","Male","13","","","","2"
"Some worries","1993","Bremen","Female","15","","","","2"
"Some worries","1993","Mecklenburg-Western Pomerania","Male","110","0.537432361464214","0.467807473729755","0.607057249198674","2"
"Some worries","1993","Saxony","Female","286","0.49622901752161","0.456189177628046","0.536268857415174","2"
"Some worries","1993","Saxony-Anhalt","Male","173","0.496330833926232","0.443724060700521","0.548937607151942","2"
"Some worries","1993","Saxony-Anhalt","Female","183","0.478553342297334","0.429228000761898","0.52787868383277","2"
"Some worries","1993","Thuringia","Male","158","0.525739993150264","0.470684797681351","0.580795188619176","2"
"Some worries","1993","Thuringia","Female","170","0.522401806548542","0.469617776858195","0.575185836238889","2"
"Some worries","1993","North Rhine-Westphalia","Male","522","0.438758104451303","0.41084382867178","0.466672380230825","2"
"Some worries","1993","North Rhine-Westphalia","Female","499","0.402433475045067","0.375652256142506","0.429214693947627","2"
"Some worries","1993","Hesse","Male","217","0.458644405112","0.412959854651718","0.504328955572283","2"
"Some worries","1993","Bavaria","Male","374","0.457160471106623","0.422575374066581","0.491745568146665","2"
"Some worries","1993","Bavaria","Female","355","0.413546820672923","0.37973657687696","0.447357064468886","2"
"Some worries","1993","Berlin","Female","108","0.335154602587454","0.281915889771082","0.388393315403825","2"
"Some worries","1993","Brandenburg","Male","162","0.530915211860437","0.474631480850879","0.587198942869994","2"
"Some worries","1993","Brandenburg","Female","162","0.474813294520309","0.420522686225522","0.529103902815095","2"
"Some worries","1993","Mecklenburg-Western Pomerania","Female","96","0.490109795551959","0.421844573611188","0.558375017492729","2"
"Some worries","1993","Saxony","Male","256","0.48338016268013","0.440346019342143","0.526414306018116","2"
"Some worries","1993","Hesse","Female","216","0.396345791715097","0.352404192702474","0.44028739072772","2"
"Some worries","1993","Rhineland-Palatinate,Saarland","Male","154","0.487825229286182","0.431728260992578","0.543922197579786","2"
"Some worries","1993","Rhineland-Palatinate,Saarland","Female","168","0.517745493876347","0.464157047204341","0.571333940548354","2"
"Some worries","1993","Baden-Württemberg","Male","426","0.477661569504202","0.444863719184185","0.510459419824219","2"
"Some worries","1993","Baden-Württemberg","Female","406","0.456622054995718","0.423841543435888","0.489402566555548","2"
"Some worries","1993","Berlin","Male","113","0.423944813727727","0.365323779486158","0.482565847969297","2"
"Big worries","1994","Schleswig-Holstein","Male","48","0.37299097579294","0.291714531664271","0.454267419921609","1"
"Big worries","1994","Schleswig-Holstein","Female","53","0.317643643652233","0.243139887796442","0.392147399508024","1"
"Big worries","1994","Hamburg","Male","20","","","","1"
"Big worries","1994","Hamburg","Female","24","","","","1"
"Big worries","1994","Lower Saxony","Male","161","0.318417288699907","0.276610529360519","0.360224048039295","1"
"Big worries","1994","Lower Saxony","Female","191","0.388947217578155","0.345649170539182","0.432245264617129","1"
"Big worries","1994","Bremen","Male","17","","","","1"
"Big worries","1994","Bremen","Female","20","","","","1"
"Big worries","1994","North Rhine-Westphalia","Male","504","0.430701848241817","0.402508466583753","0.458895229899881","1"
"Big worries","1994","North Rhine-Westphalia","Female","588","0.459283069021871","0.431886226213844","0.486679911829899","1"
"Big worries","1994","Hesse","Male","148","0.366674775547308","0.322001454471844","0.411348096622772","1"
"Big worries","1994","Hesse","Female","177","0.413724574498642","0.369246688054353","0.45820246094293","1"
"Big worries","1994","Rhineland-Palatinate,Saarland","Male","104","0.341184842853992","0.287265260180054","0.395104425527929","1"
"Big worries","1994","Rhineland-Palatinate,Saarland","Female","113","0.332643229064158","0.282189407494051","0.383097050634266","1"
"Big worries","1994","Baden-Württemberg","Male","283","0.350415044706121","0.318546967094941","0.382283122317301","1"
"Big worries","1994","Baden-Württemberg","Female","312","0.410348550316175","0.377774619099484","0.442922481532866","1"
"Big worries","1994","Bavaria","Male","276","0.370162736745308","0.335969183701022","0.404356289789594","1"
"Big worries","1994","Bavaria","Female","354","0.437851971565748","0.403749031723306","0.47195491140819","1"
"Big worries","1994","Berlin","Male","106","0.436771250049673","0.376250030960792","0.497292469138555","1"
"Big worries","1994","Berlin","Female","152","0.530472012930611","0.47313123552453","0.587812790336691","1"
"Big worries","1994","Brandenburg","Male","88","0.311682809563573","0.258647511513517","0.364718107613629","1"
"Big worries","1994","Brandenburg","Female","120","0.395877341392194","0.341872126427325","0.449882556357063","1"
"Big worries","1994","Mecklenburg-Western Pomerania","Male","73","0.343282636382148","0.278286681500699","0.408278591263598","1"
"Big worries","1994","Mecklenburg-Western Pomerania","Female","78","0.384433590518341","0.318003843082169","0.450863337954512","1"
"Big worries","1994","Saxony","Male","186","0.343977528483341","0.303420401989567","0.384534654977116","1"
"Big worries","1994","Saxony","Female","234","0.359541760109401","0.321081025257977","0.398002494960824","1"
"Big worries","1994","Saxony-Anhalt","Male","110","0.339232676724301","0.287917322257504","0.390548031191098","1"
"Big worries","1994","Saxony-Anhalt","Female","138","0.363021683093292","0.314416478444861","0.411626887741724","1"
"Big worries","1994","Thuringia","Male","114","0.37418003739556","0.320741098343919","0.427618976447202","1"
"Big worries","1994","Thuringia","Female","125","0.342041696901359","0.292055654444733","0.392027739357985","1"
"No worries","1994","Schleswig-Holstein","Male","13","","","","3"
"No worries","1994","Schleswig-Holstein","Female","15","","","","3"
"No worries","1994","Hamburg","Male","4","","","","3"
"No worries","1994","Hamburg","Female","5","","","","3"
"No worries","1994","Lower Saxony","Male","26","","","","3"
"No worries","1994","Lower Saxony","Female","19","","","","3"
"No worries","1994","Bremen","Male","3","","","","3"
"No worries","1994","Bremen","Female","3","","","","3"
"No worries","1994","North Rhine-Westphalia","Male","90","0.0668605251102919","0.0526389700068075","0.0810820802137764","3"
"No worries","1994","North Rhine-Westphalia","Female","67","0.0439448447242548","0.0326762241319262","0.0552134653165833","3"
"No worries","1994","Bavaria","Male","59","0.06382479400912","0.04651439874721","0.0811351892710301","3"
"No worries","1994","Bavaria","Female","40","0.0477793072642137","0.033117363478955","0.0624412510494724","3"
"No worries","1994","Hesse","Female","40","0.0736204301053268","0.0500356790235152","0.0972051811871385","3"
"No worries","1994","Rhineland-Palatinate,Saarland","Male","18","","","","3"
"No worries","1994","Rhineland-Palatinate,Saarland","Female","28","","","","3"
"No worries","1994","Baden-Württemberg","Male","99","0.0896975295448933","0.0706108836251828","0.108784175464604","3"
"No worries","1994","Baden-Württemberg","Female","77","0.0587416657137488","0.043170411893832","0.0743129195336656","3"
"No worries","1994","Hesse","Male","39","0.0749911621414844","0.0505752860371352","0.0994070382458336","3"
"No worries","1994","Berlin","Male","13","","","","3"
"No worries","1994","Berlin","Female","9","","","","3"
"No worries","1994","Brandenburg","Male","18","","","","3"
"No worries","1994","Brandenburg","Female","7","","","","3"
"No worries","1994","Mecklenburg-Western Pomerania","Male","12","","","","3"
"No worries","1994","Mecklenburg-Western Pomerania","Female","6","","","","3"
"No worries","1994","Saxony","Male","48","0.0923440726213929","0.067626380436209","0.117061764806577","3"
"No worries","1994","Saxony","Female","28","","","","3"
"No worries","1994","Saxony-Anhalt","Male","10","","","","3"
"No worries","1994","Saxony-Anhalt","Female","16","","","","3"
"No worries","1994","Thuringia","Male","15","","","","3"
"No worries","1994","Thuringia","Female","18","","","","3"
"Some worries","1994","Hamburg","Male","39","0.613537161520605","0.49329628807786","0.733778034963349","2"
"Some worries","1994","Hamburg","Female","48","0.607611133733926","0.498549015585019","0.716673251882834","2"
"Some worries","1994","Lower Saxony","Male","290","0.626322751729295","0.582908099782844","0.669737403675746","2"
"Some worries","1994","Lower Saxony","Female","277","0.559198168828147","0.515103287747072","0.603293049909222","2"
"Some worries","1994","Bremen","Male","22","","","","2"
"Some worries","1994","Schleswig-Holstein","Male","75","0.540039046423563","0.456276147259535","0.623801945587591","2"
"Some worries","1994","Schleswig-Holstein","Female","82","0.590355212227117","0.511657360157262","0.669053064296971","2"
"Some worries","1994","Bremen","Female","22","","","","2"
"Some worries","1994","North Rhine-Westphalia","Male","591","0.502437626647891","0.473969836289716","0.530905417006067","2"
"Some worries","1994","North Rhine-Westphalia","Female","616","0.496772086253874","0.4692845212322","0.524259651275548","2"
"Some worries","1994","Saxony","Female","336","0.588111418723182","0.548664127983212","0.627558709463152","2"
"Some worries","1994","Saxony-Anhalt","Male","207","0.635240336334876","0.583067235221164","0.687413437448589","2"
"Some worries","1994","Thuringia","Male","186","0.584043001558316","0.529612862471239","0.638473140645392","2"
"Some worries","1994","Thuringia","Female","203","0.591669811124681","0.539878668595668","0.643460953653694","2"
"Some worries","1994","Hesse","Male","260","0.558334062311208","0.512299041410351","0.604369083212065","2"
"Some worries","1994","Hesse","Female","254","0.512654995396031","0.46751427416989","0.557795716622173","2"
"Some worries","1994","Rhineland-Palatinate,Saarland","Male","175","0.569851458014089","0.513544777369721","0.626158138658457","2"
"Some worries","1994","Rhineland-Palatinate,Saarland","Female","194","0.588681513026374","0.535988261168117","0.64137476488463","2"
"Some worries","1994","Bavaria","Male","431","0.566012469245572","0.530914229885324","0.60111070860582","2"
"Some worries","1994","Berlin","Female","130","0.434553786109127","0.377600470018322","0.491507102199931","2"
"Some worries","1994","Brandenburg","Male","187","0.640283260230011","0.585331617605157","0.695234902854865","2"
"Some worries","1994","Brandenburg","Female","188","0.575715549828726","0.521136577799238","0.630294521858214","2"
"Some worries","1994","Mecklenburg-Western Pomerania","Male","120","0.581227960564548","0.513692285054816","0.648763636074281","2"
"Some worries","1994","Mecklenburg-Western Pomerania","Female","122","0.589623785498585","0.522451044723431","0.656796526273739","2"
"Some worries","1994","Saxony","Male","293","0.563678398895266","0.5213373281345","0.606019469656032","2"
"Some worries","1994","Saxony-Anhalt","Female","222","0.574300016875278","0.524322416559349","0.624277617191207","2"
"Some worries","1994","Baden-Württemberg","Male","479","0.559887425748985","0.526730156137957","0.593044695360014","2"
"Some worries","1994","Baden-Württemberg","Female","487","0.530909783970076","0.49786258998082","0.563956977959332","2"
"Some worries","1994","Bavaria","Female","419","0.514368721170038","0.480013446943522","0.548723995396555","2"
"Some worries","1994","Berlin","Male","139","0.53087584508483","0.469981268053062","0.591770422116599","2"
"Big worries","1995","Schleswig-Holstein","Male","60","0.463158080468152","0.379043934511021","0.547272226425283","1"
"Big worries","1995","Schleswig-Holstein","Female","70","0.473118170535919","0.392680653186693","0.553555687885144","1"
"Big worries","1995","Hamburg","Male","28","","","","1"
"Big worries","1995","Hamburg","Female","33","0.488934731033661","0.370987656420619","0.606881805646704","1"
"Big worries","1995","Lower Saxony","Male","190","0.379576344705539","0.337704992738384","0.421447696672694","1"
"Big worries","1995","Lower Saxony","Female","251","0.463305230163137","0.420650645028921","0.505959815297353","1"
"Big worries","1995","Bremen","Male","25","","","","1"
"Big worries","1995","Bremen","Female","31","0.577821827459611","0.442269224199086","0.713374430720136","1"
"Big worries","1995","North Rhine-Westphalia","Male","543","0.444366794884353","0.416654052312397","0.472079537456309","1"
"Big worries","1995","North Rhine-Westphalia","Female","660","0.497648812690763","0.470897996592858","0.524399628788668","1"
"Big worries","1995","Hesse","Male","188","0.418021847966059","0.372948272885935","0.463095423046184","1"
"Big worries","1995","Hesse","Female","219","0.488553508039259","0.444339130525106","0.532767885553412","1"
"Big worries","1995","Rhineland-Palatinate,Saarland","Male","121","0.363015314005953","0.311750815910212","0.414279812101695","1"
"Big worries","1995","Rhineland-Palatinate,Saarland","Female","131","0.35925765288478","0.310171410576877","0.408343895192684","1"
"Big worries","1995","Baden-Württemberg","Male","332","0.429853466921616","0.397144997967591","0.462561935875641","1"
"Big worries","1995","Baden-Württemberg","Female","377","0.445965945972364","0.413863556870565","0.478068335074163","1"
"Big worries","1995","Bavaria","Male","314","0.385834651003056","0.352597196621878","0.419072105384233","1"
"Big worries","1995","Bavaria","Female","389","0.465327547116132","0.431834737571573","0.498820356660691","1"
"Big worries","1995","Berlin","Male","131","0.478096491544738","0.41829203054883","0.537900952540646","1"
"Big worries","1995","Berlin","Female","168","0.567786115838446","0.511635536955662","0.623936694721231","1"
"Big worries","1995","Brandenburg","Male","111","0.441195386210966","0.382827876295981","0.499562896125951","1"
"Big worries","1995","Brandenburg","Female","133","0.459093762033476","0.403441294668608","0.514746229398344","1"
"Big worries","1995","Mecklenburg-Western Pomerania","Male","70","0.309782745292013","0.246484353144835","0.373081137439191","1"
"Big worries","1995","Mecklenburg-Western Pomerania","Female","83","0.417522852004511","0.350824052893462","0.48422165111556","1"
"Big worries","1995","Saxony","Male","196","0.393600758341817","0.351406654777398","0.435794861906237","1"
"Big worries","1995","Saxony","Female","234","0.391740725703016","0.351980161295458","0.431501290110573","1"
"Big worries","1995","Saxony-Anhalt","Male","124","0.388472836803085","0.334818273472321","0.442127400133849","1"
"Big worries","1995","Saxony-Anhalt","Female","165","0.429722358591537","0.379349304353327","0.480095412829747","1"
"Big worries","1995","Thuringia","Male","121","0.448628745103199","0.393264057599128","0.503993432607271","1"
"Big worries","1995","Thuringia","Female","150","0.4661524280897","0.412812667316283","0.519492188863116","1"
"No worries","1995","Schleswig-Holstein","Male","11","","","","3"
"No worries","1995","Lower Saxony","Female","21","","","","3"
"No worries","1995","Schleswig-Holstein","Female","16","","","","3"
"No worries","1995","Hamburg","Male","6","","","","3"
"No worries","1995","Hamburg","Female","2","","","","3"
"No worries","1995","Lower Saxony","Male","29","","","","3"
"No worries","1995","Bremen","Female","4","","","","3"
"No worries","1995","North Rhine-Westphalia","Male","72","0.0508664227346442","0.0386119711837153","0.0631208742855733","3"
"No worries","1995","North Rhine-Westphalia","Female","60","0.0396075742518939","0.0291727456776972","0.0500424028260907","3"
"No worries","1995","Bremen","Male","2","","","","3"
"No worries","1995","Rhineland-Palatinate,Saarland","Male","31","0.0841576082916492","0.0545606688333729","0.113754547749925","3"
"No worries","1995","Rhineland-Palatinate,Saarland","Female","28","","","","3"
"No worries","1995","Bavaria","Female","46","0.0511209158408022","0.0363321121750356","0.0659097195065687","3"
"No worries","1995","Hesse","Male","35","0.076878672711061","0.0525341364578509","0.101223208964271","3"
"No worries","1995","Hesse","Female","41","0.0869378717679573","0.0620170699202531","0.111858673615662","3"
"No worries","1995","Baden-Württemberg","Male","87","0.0811711607698507","0.0631274880082192","0.0992148335314823","3"
"No worries","1995","Baden-Württemberg","Female","74","0.0479194841531767","0.0341248184035798","0.0617141499027736","3"
"No worries","1995","Bavaria","Male","64","0.0741102619991244","0.0562246710179864","0.0919958529802623","3"
"No worries","1995","Berlin","Male","11","","","","3"
"No worries","1995","Berlin","Female","6","","","","3"
"No worries","1995","Brandenburg","Male","10","","","","3"
"No worries","1995","Brandenburg","Female","10","","","","3"
"No worries","1995","Mecklenburg-Western Pomerania","Male","9","","","","3"
"No worries","1995","Mecklenburg-Western Pomerania","Female","4","","","","3"
"No worries","1995","Saxony","Male","30","0.0646621801831541","0.043422210340801","0.0859021500255072","3"
"No worries","1995","Saxony","Female","20","","","","3"
"No worries","1995","Saxony-Anhalt","Male","13","","","","3"
"No worries","1995","Saxony-Anhalt","Female","12","","","","3"
"No worries","1995","Thuringia","Male","14","","","","3"
"No worries","1995","Thuringia","Female","14","","","","3"
"Some worries","1995","Hamburg","Male","28","","","","2"
"Some worries","1995","Hamburg","Female","34","0.472212016182774","0.35441838442769","0.590005647937858","2"
"Some worries","1995","Lower Saxony","Male","297","0.560983495569567","0.518164280085091","0.603802711054043","2"
"Some worries","1995","Lower Saxony","Female","253","0.491926582043269","0.449162237335716","0.534690926750822","2"
"Some worries","1995","Bremen","Male","17","","","","2"
"Some worries","1995","North Rhine-Westphalia","Female","622","0.462743613057343","0.436066867699687","0.489420358414999","2"
"Some worries","1995","Saxony","Female","325","0.56712608269559","0.52676811122383","0.60748405416735","2"
"Some worries","1995","Thuringia","Male","175","0.517535462801779","0.461910465938644","0.573160459664915","2"
"Some worries","1995","Thuringia","Female","172","0.49067385785979","0.437220757953878","0.544126957765702","2"
"Some worries","1995","Schleswig-Holstein","Male","64","0.473304265061021","0.389081146811599","0.557527383310443","2"
"Some worries","1995","Schleswig-Holstein","Female","62","0.453306422363318","0.373104430316639","0.533508414409997","2"
"Some worries","1995","Bremen","Female","16","","","","2"
"Some worries","1995","North Rhine-Westphalia","Male","620","0.504766782381003","0.476882152819761","0.532651411942245","2"
"Some worries","1995","Hesse","Male","237","0.50509947932288","0.459409959802768","0.550788998842991","2"
"Some worries","1995","Rhineland-Palatinate,Saarland","Male","186","0.552827077702398","0.499821430311239","0.605832725093557","2"
"Some worries","1995","Rhineland-Palatinate,Saarland","Female","208","0.555999614427666","0.505166820827664","0.606832408027668","2"
"Some worries","1995","Berlin","Female","125","0.406865606011933","0.351183642640592","0.462547569383274","2"
"Some worries","1995","Brandenburg","Male","157","0.524597140971545","0.465892890507184","0.583301391435907","2"
"Some worries","1995","Mecklenburg-Western Pomerania","Male","126","0.64364932029942","0.578089974118639","0.709208666480202","2"
"Some worries","1995","Mecklenburg-Western Pomerania","Female","123","0.570415711889988","0.503464509992095","0.637366913787881","2"
"Some worries","1995","Saxony","Male","289","0.541737061475029","0.498704606982974","0.584769515967083","2"
"Some worries","1995","Saxony-Anhalt","Male","180","0.563926539205492","0.509336984090077","0.618516094320907","2"
"Some worries","1995","Saxony-Anhalt","Female","194","0.534354591240391","0.483596699930049","0.585112482550734","2"
"Some worries","1995","Hesse","Female","231","0.424508620192784","0.380789640978518","0.46822759940705","2"
"Some worries","1995","Baden-Württemberg","Male","461","0.488975372308533","0.455948217417229","0.522002527199838","2"
"Some worries","1995","Baden-Württemberg","Female","470","0.506114569874459","0.47382548005726","0.538403659691659","2"
"Some worries","1995","Bavaria","Male","446","0.54005508699782","0.506025519788166","0.574084654207474","2"
"Some worries","1995","Bavaria","Female","417","0.483551537043066","0.449996078934859","0.517106995151272","2"
"Some worries","1995","Berlin","Male","126","0.475341358003294","0.415552272510193","0.535130443496395","2"
"Some worries","1995","Brandenburg","Female","165","0.509961251035681","0.454132677305711","0.565789824765651","2"
"Big worries","1996","Schleswig-Holstein","Male","45","0.385715590598937","0.304502340497889","0.466928840699985","1"
"Big worries","1996","Schleswig-Holstein","Female","62","0.459679782800045","0.379388103000456","0.539971462599634","1"
"Big worries","1996","Hamburg","Male","19","","","","1"
"Big worries","1996","Hamburg","Female","26","","","","1"
"Big worries","1996","Lower Saxony","Male","157","0.297854074929274","0.258086262861732","0.337621886996815","1"
"Big worries","1996","Lower Saxony","Female","201","0.395131276245655","0.353782542326095","0.436480010165215","1"
"Big worries","1996","Bremen","Male","13","","","","1"
"Big worries","1996","Bremen","Female","16","","","","1"
"Big worries","1996","North Rhine-Westphalia","Male","433","0.366230073489361","0.339173844706528","0.393286302272195","1"
"Big worries","1996","North Rhine-Westphalia","Female","572","0.440563133102248","0.413981888654911","0.467144377549586","1"
"Big worries","1996","Hesse","Male","118","0.297240388298167","0.254437966461767","0.340042810134568","1"
"Big worries","1996","Hesse","Female","166","0.374974296530525","0.331160452493128","0.418788140567923","1"
"Big worries","1996","Rhineland-Palatinate,Saarland","Male","107","0.336053580600188","0.285395860770126","0.38671130043025","1"
"Big worries","1996","Rhineland-Palatinate,Saarland","Female","108","0.323708923102265","0.275037047920042","0.372380798284489","1"
"Big worries","1996","Baden-Württemberg","Male","246","0.318740396399199","0.287190280812357","0.350290511986041","1"
"Big worries","1996","Baden-Württemberg","Female","316","0.394584154310353","0.362236335144084","0.426931973476622","1"
"Big worries","1996","Bavaria","Male","259","0.322483207896498","0.290470698085385","0.354495717707611","1"
"Big worries","1996","Bavaria","Female","343","0.408824456571355","0.375618292534357","0.442030620608352","1"
"Big worries","1996","Berlin","Male","125","0.507578445073225","0.44633660635282","0.568820283793631","1"
"Big worries","1996","Berlin","Female","146","0.514422409939396","0.456700445272503","0.572144374606288","1"
"Big worries","1996","Brandenburg","Male","87","0.348939569216049","0.293603102968474","0.404276035463625","1"
"Big worries","1996","Brandenburg","Female","126","0.405325887809411","0.350848975815075","0.459802799803746","1"
"Big worries","1996","Mecklenburg-Western Pomerania","Male","62","0.320290304601999","0.254969175368131","0.385611433835867","1"
"Big worries","1996","Mecklenburg-Western Pomerania","Female","71","0.36904722017564","0.302337447527931","0.435756992823348","1"
"Big worries","1996","Saxony","Male","183","0.354433978196093","0.313477702837874","0.395390253554311","1"
"Big worries","1996","Saxony","Female","201","0.351647973932023","0.31295521889111","0.390340728972937","1"
"Big worries","1996","Saxony-Anhalt","Male","106","0.317052142221249","0.265583538505691","0.368520745936807","1"
"Big worries","1996","Saxony-Anhalt","Female","127","0.372411806210284","0.322747256529636","0.422076355890932","1"
"Big worries","1996","Thuringia","Male","125","0.383694278130874","0.330162801754916","0.437225754506833","1"
"Big worries","1996","Thuringia","Female","141","0.415754123696384","0.363520380610913","0.467987866781855","1"
"No worries","1996","Schleswig-Holstein","Male","16","","","","3"
"No worries","1996","Schleswig-Holstein","Female","16","","","","3"
"No worries","1996","Hamburg","Male","7","","","","3"
"No worries","1996","Hamburg","Female","3","","","","3"
"No worries","1996","Lower Saxony","Male","46","0.0942414320787301","0.0688350164335044","0.119647847723956","3"
"No worries","1996","Lower Saxony","Female","27","","","","3"
"No worries","1996","Bremen","Male","3","","","","3"
"No worries","1996","Bremen","Female","6","","","","3"
"No worries","1996","North Rhine-Westphalia","Male","96","0.0743353040465522","0.0596037400027778","0.0890668680903265","3"
"No worries","1996","North Rhine-Westphalia","Female","70","0.0396752805051692","0.0292241144337421","0.0501264465765963","3"
"No worries","1996","Rhineland-Palatinate,Saarland","Male","26","","","","3"
"No worries","1996","Rhineland-Palatinate,Saarland","Female","24","","","","3"
"No worries","1996","Bavaria","Female","46","0.0481778838270785","0.033713704380496","0.062642063273661","3"
"No worries","1996","Hesse","Male","44","0.117821447079651","0.0876287812985452","0.148014112860756","3"
"No worries","1996","Hesse","Female","44","0.0967639708820876","0.0700080971882183","0.123519844575957","3"
"No worries","1996","Baden-Württemberg","Male","115","0.0972873097423734","0.0772227815177851","0.117351837966962","3"
"No worries","1996","Baden-Württemberg","Female","98","0.061157342050438","0.0452985902324476","0.0770160938684284","3"
"No worries","1996","Bavaria","Male","74","0.0812588901709719","0.0625461167873023","0.0999716635546414","3"
"No worries","1996","Berlin","Male","13","","","","3"
"No worries","1996","Berlin","Female","10","","","","3"
"No worries","1996","Brandenburg","Male","15","","","","3"
"No worries","1996","Brandenburg","Female","19","","","","3"
"No worries","1996","Mecklenburg-Western Pomerania","Male","18","","","","3"
"No worries","1996","Mecklenburg-Western Pomerania","Female","7","","","","3"
"No worries","1996","Saxony","Male","43","0.0908767748699243","0.0662662839534083","0.11548726578644","3"
"No worries","1996","Saxony","Female","35","0.0710304856507426","0.0502146772832616","0.0918462940182237","3"
"No worries","1996","Saxony-Anhalt","Male","20","","","","3"
"No worries","1996","Saxony-Anhalt","Female","20","","","","3"
"No worries","1996","Thuringia","Male","15","","","","3"
"No worries","1996","Thuringia","Female","19","","","","3"
"Some worries","1996","Hamburg","Male","34","0.618601152990073","0.49569672884559","0.741505577134556","2"
"Some worries","1996","Hamburg","Female","39","0.529961223986038","0.411334503218341","0.648587944753736","2"
"Some worries","1996","Lower Saxony","Male","305","0.607904492991996","0.565449395316287","0.650359590667705","2"
"Some worries","1996","Lower Saxony","Female","309","0.545551628097084","0.503438145977595","0.587665110216573","2"
"Some worries","1996","Bremen","Male","29","","","","2"
"Some worries","1996","North Rhine-Westphalia","Female","698","0.519761586392582","0.493011435918254","0.54651173686691","2"
"Some worries","1996","Saxony","Female","349","0.577321540417234","0.537291678053857","0.617351402780611","2"
"Some worries","1996","Thuringia","Male","177","0.575147689508962","0.520731623442151","0.629563755575773","2"
"Some worries","1996","Thuringia","Female","182","0.516140497382888","0.463176757579636","0.569104237186141","2"
"Some worries","1996","Schleswig-Holstein","Male","77","0.535549881013054","0.45233939653174","0.618760365494368","2"
"Some worries","1996","Schleswig-Holstein","Female","70","0.461973594709884","0.381652872445504","0.542294316974264","2"
"Some worries","1996","Bremen","Female","27","","","","2"
"Some worries","1996","North Rhine-Westphalia","Male","689","0.559434622464086","0.53155388227323","0.587315362654942","2"
"Some worries","1996","Hesse","Male","276","0.584938164622182","0.538793402036387","0.631082927207978","2"
"Some worries","1996","Rhineland-Palatinate,Saarland","Male","201","0.585024051581135","0.532182789574407","0.637865313587863","2"
"Some worries","1996","Rhineland-Palatinate,Saarland","Female","223","0.617281841304897","0.566720894322902","0.667842788286891","2"
"Some worries","1996","Berlin","Female","132","0.439193580802662","0.381876201235275","0.496510960370049","2"
"Some worries","1996","Brandenburg","Male","183","0.599324495127622","0.542432250137247","0.656216740117996","2"
"Some worries","1996","Mecklenburg-Western Pomerania","Male","116","0.601866742510811","0.533336154686751","0.67039733033487","2"
"Some worries","1996","Mecklenburg-Western Pomerania","Female","123","0.597891440042901","0.530106551025715","0.665676329060087","2"
"Some worries","1996","Saxony","Male","298","0.554689246933983","0.51213539167043","0.597243102197536","2"
"Some worries","1996","Saxony-Anhalt","Male","188","0.62363499633511","0.570048776302396","0.677221216367823","2"
"Some worries","1996","Saxony-Anhalt","Female","217","0.570733425556145","0.519884990698193","0.621581860414097","2"
"Some worries","1996","Hesse","Female","259","0.528261732587387","0.483082713315166","0.573440751859608","2"
"Some worries","1996","Baden-Württemberg","Male","477","0.583972293858428","0.550600209691784","0.617344378025072","2"
"Some worries","1996","Baden-Württemberg","Female","463","0.544258503639209","0.511296758813425","0.577220248464994","2"
"Some worries","1996","Bavaria","Male","486","0.59625790193253","0.562655120145393","0.629860683719668","2"
"Some worries","1996","Bavaria","Female","453","0.542997659601567","0.509350358372143","0.57664496083099","2"
"Some worries","1996","Berlin","Male","118","0.444284769435668","0.383417338599748","0.505152200271588","2"
"Some worries","1996","Brandenburg","Female","167","0.520862031331879","0.465429790159623","0.576294272504134","2"
"Big worries","1997","Schleswig-Holstein","Male","37","0.28536564121575","0.207437193924181","0.363294088507319","1"
"Big worries","1997","Schleswig-Holstein","Female","48","0.368062015618836","0.288173968741369","0.447950062496303","1"
"Big worries","1997","Hamburg","Male","22","","","","1"
"Big worries","1997","Hamburg","Female","24","","","","1"
"Big worries","1997","Lower Saxony","Male","145","0.31014353827664","0.269880657205389","0.350406419347892","1"
"Big worries","1997","Lower Saxony","Female","191","0.379521628099909","0.338401658099918","0.4206415980999","1"
"Big worries","1997","Bremen","Male","20","","","","1"
"Big worries","1997","Bremen","Female","25","","","","1"
"Big worries","1997","North Rhine-Westphalia","Female","516","0.380058771179009","0.353813500981331","0.406304041376686","1"
"Big worries","1997","North Rhine-Westphalia","Male","388","0.330289800284437","0.303701725292033","0.35687787527684","1"
"Big worries","1997","Hesse","Male","124","0.331802861820779","0.286555444503612","0.377050279137946","1"
"Big worries","1997","Hesse","Female","156","0.38183793371369","0.336129752834019","0.427546114593361","1"
"Big worries","1997","Rhineland-Palatinate,Saarland","Male","108","0.32744772764663","0.277492349064071","0.37740310622919","1"
"Big worries","1997","Rhineland-Palatinate,Saarland","Female","115","0.320533250767202","0.2730454798077","0.368021021726705","1"
"Big worries","1997","Baden-Württemberg","Male","202","0.279505327760746","0.249283771959054","0.309726883562438","1"
"Big worries","1997","Baden-Württemberg","Female","289","0.354888711832229","0.323057612203419","0.38671981146104","1"
"Big worries","1997","Bavaria","Male","229","0.295256091130386","0.263606963498085","0.326905218762686","1"
"Big worries","1997","Bavaria","Female","287","0.364592835727256","0.331848275376538","0.397337396077974","1"
"Big worries","1997","Berlin","Male","107","0.433204450142274","0.371283129826075","0.495125770458473","1"
"Big worries","1997","Berlin","Female","148","0.544501708043816","0.484540806557465","0.604462609530168","1"
"Big worries","1997","Brandenburg","Male","82","0.294494363261317","0.242391311292827","0.346597415229806","1"
"Big worries","1997","Brandenburg","Female","119","0.416159702372776","0.360840588191961","0.471478816553592","1"
"Big worries","1997","Mecklenburg-Western Pomerania","Male","55","0.30957433658491","0.244349894200042","0.374798778969778","1"
"Big worries","1997","Mecklenburg-Western Pomerania","Female","72","0.398999317254845","0.330091136379936","0.467907498129753","1"
"Big worries","1997","Saxony","Male","181","0.362384434304379","0.32094946301383","0.403819405594927","1"
"Big worries","1997","Saxony","Female","209","0.37881100921535","0.339057703567171","0.41856431486353","1"
"Big worries","1997","Saxony-Anhalt","Male","100","0.326312876411555","0.27411973065851","0.378506022164601","1"
"Big worries","1997","Saxony-Anhalt","Female","137","0.434254286953953","0.382838477657226","0.48567009625068","1"
"Big worries","1997","Thuringia","Male","96","0.313952927104652","0.262863893696379","0.365041960512925","1"
"Big worries","1997","Thuringia","Female","125","0.358036778123486","0.307300345813256","0.408773210433716","1"
"No worries","1997","Schleswig-Holstein","Male","23","","","","3"
"No worries","1997","Schleswig-Holstein","Female","25","","","","3"
"No worries","1997","Hamburg","Male","9","","","","3"
"No worries","1997","Lower Saxony","Male","38","0.0717118604981878","0.0492533470143845","0.0941703739819912","3"
"No worries","1997","Lower Saxony","Female","29","","","","3"
"No worries","1997","Hamburg","Female","9","","","","3"
"No worries","1997","Bremen","Male","6","","","","3"
"No worries","1997","Bremen","Female","6","","","","3"
"No worries","1997","North Rhine-Westphalia","Male","106","0.0876951720337331","0.0717049797588522","0.103685364308614","3"
"No worries","1997","North Rhine-Westphalia","Female","84","0.0529704462021352","0.0408603110464447","0.0650805813578258","3"
"No worries","1997","Hesse","Male","41","0.0828344216087533","0.0563475466479398","0.109321296569567","3"
"No worries","1997","Hesse","Female","41","0.0840200381270817","0.0579202098488914","0.110119866405272","3"
"No worries","1997","Rhineland-Palatinate,Saarland","Male","32","0.0933105805297412","0.0623475856100246","0.124273575449458","3"
"No worries","1997","Rhineland-Palatinate,Saarland","Female","44","0.146766023275423","0.110757279524225","0.182774767026621","3"
"No worries","1997","Bavaria","Female","63","0.0638290883378346","0.0471989471259004","0.0804592295497689","3"
"No worries","1997","Baden-Württemberg","Male","137","0.127491662793032","0.105030508492581","0.149952817093482","3"
"No worries","1997","Baden-Württemberg","Female","98","0.0662133482716044","0.0496714694869625","0.0827552270562462","3"
"No worries","1997","Bavaria","Male","103","0.109366151621129","0.0877121727465287","0.13102013049573","3"
"No worries","1997","Berlin","Male","7","","","","3"
"No worries","1997","Berlin","Female","7","","","","3"
"No worries","1997","Brandenburg","Male","23","","","","3"
"No worries","1997","Brandenburg","Female","16","","","","3"
"No worries","1997","Mecklenburg-Western Pomerania","Male","12","","","","3"
"No worries","1997","Mecklenburg-Western Pomerania","Female","5","","","","3"
"No worries","1997","Saxony","Male","52","0.105333204974771","0.0788716032626161","0.131794806686925","3"
"No worries","1997","Saxony","Female","35","0.0638593337338477","0.0438223279317915","0.0838963395359038","3"
"No worries","1997","Saxony-Anhalt","Male","28","","","","3"
"No worries","1997","Saxony-Anhalt","Female","24","","","","3"
"No worries","1997","Thuringia","Male","26","","","","3"
"No worries","1997","Thuringia","Female","21","","","","3"
"Some worries","1997","Hamburg","Male","29","","","","2"
"Some worries","1997","Hamburg","Female","32","0.488386603216214","0.366867588949747","0.609905617482681","2"
"Some worries","1997","Lower Saxony","Female","315","0.570258523548792","0.52831057482479","0.612206472272795","2"
"Some worries","1997","Bremen","Male","20","","","","2"
"Some worries","1997","Schleswig-Holstein","Male","69","0.558018135626762","0.472318373294332","0.643717897959191","2"
"Some worries","1997","Schleswig-Holstein","Female","67","0.490597245740383","0.407788297167178","0.573406194313587","2"
"Some worries","1997","Lower Saxony","Male","324","0.618144601225172","0.575854510270374","0.66043469217997","2"
"Some worries","1997","Bremen","Female","17","","","","2"
"Some worries","1997","North Rhine-Westphalia","Male","708","0.58201502768183","0.554131784248442","0.609898271115218","2"
"Some worries","1997","North Rhine-Westphalia","Female","714","0.566970782618856","0.540179756481868","0.593761808755845","2"
"Some worries","1997","Hesse","Male","251","0.585362716570468","0.538020549937431","0.632704883203504","2"
"Some worries","1997","Saxony","Female","328","0.557329657050802","0.516624787526621","0.598034526574984","2"
"Some worries","1997","Thuringia","Male","195","0.605968484095206","0.55217756580577","0.659759402384641","2"
"Some worries","1997","Thuringia","Female","197","0.577440692333082","0.525165148464603","0.62971623620156","2"
"Some worries","1997","Hesse","Female","237","0.534142028159228","0.487211183831432","0.581072872487024","2"
"Some worries","1997","Rhineland-Palatinate,Saarland","Male","199","0.579241691823629","0.526689056562671","0.631794327084586","2"
"Some worries","1997","Rhineland-Palatinate,Saarland","Female","212","0.532700725957375","0.481931524358777","0.583469927555973","2"
"Some worries","1997","Berlin","Female","110","0.4140108561445","0.354707973581538","0.473313738707462","2"
"Some worries","1997","Brandenburg","Male","189","0.647669897137459","0.593065683499338","0.70227411077558","2"
"Some worries","1997","Mecklenburg-Western Pomerania","Male","126","0.624982611294462","0.556681289819534","0.693283932769389","2"
"Some worries","1997","Mecklenburg-Western Pomerania","Female","117","0.571232154081467","0.50159120943762","0.640873098725314","2"
"Some worries","1997","Saxony","Male","284","0.532282360720851","0.489272728275878","0.575291993165824","2"
"Some worries","1997","Saxony-Anhalt","Male","182","0.588288303415557","0.533503645574815","0.643072961256299","2"
"Some worries","1997","Saxony-Anhalt","Female","196","0.495049685732365","0.443186080733638","0.546913290731093","2"
"Some worries","1997","Baden-Württemberg","Male","508","0.593003009446222","0.559918063188914","0.626087955703531","2"
"Some worries","1997","Baden-Württemberg","Female","481","0.578897939896166","0.546051907756911","0.611743972035422","2"
"Some worries","1997","Bavaria","Male","466","0.595377757248485","0.561323781318756","0.629431733178214","2"
"Some worries","1997","Bavaria","Female","480","0.571578075934909","0.537912761931704","0.605243389938115","2"
"Some worries","1997","Berlin","Male","132","0.541219216982603","0.478950523866623","0.603487910098583","2"
"Some worries","1997","Brandenburg","Female","170","0.517140009740778","0.461059383892003","0.573220635589554","2"
"Big worries","1998","Schleswig-Holstein","Male","36","0.250358403296298","0.183852191068103","0.316864615524493","1"
"Big worries","1998","Schleswig-Holstein","Female","57","0.290594277170063","0.226034479151114","0.355154075189013","1"
"Big worries","1998","Hamburg","Male","20","","","","1"
"Big worries","1998","Hamburg","Female","22","","","","1"
"Big worries","1998","Lower Saxony","Male","165","0.316504310518228","0.279163592410574","0.353845028625881","1"
"Big worries","1998","Lower Saxony","Female","194","0.356937320218949","0.31876109043175","0.395113550006148","1"
"Big worries","1998","Bremen","Male","23","","","","1"
"Big worries","1998","Bremen","Female","27","","","","1"
"Big worries","1998","North Rhine-Westphalia","Male","446","0.332563830959752","0.307616149882885","0.35751151203662","1"
"Big worries","1998","North Rhine-Westphalia","Female","535","0.351651470534615","0.327300384932365","0.376002556136865","1"
"Big worries","1998","Hesse","Male","152","0.363436136327886","0.319624180668083","0.40724809198769","1"
"Big worries","1998","Hesse","Female","191","0.425470878327464","0.381423876372518","0.469517880282409","1"
"Big worries","1998","Rhineland-Palatinate,Saarland","Male","122","0.327060884659874","0.280259723454254","0.373862045865494","1"
"Big worries","1998","Rhineland-Palatinate,Saarland","Female","137","0.320953566244341","0.276199676323484","0.365707456165198","1"
"Big worries","1998","Baden-Württemberg","Male","205","0.26426968360741","0.235185911193305","0.293353456021516","1"
"Big worries","1998","Baden-Württemberg","Female","287","0.33844786011603","0.308214862844642","0.368680857387418","1"
"Big worries","1998","Bavaria","Male","269","0.298186012106832","0.268332222650391","0.328039801563272","1"
"Big worries","1998","Bavaria","Female","365","0.388320284631326","0.357554595175911","0.419085974086741","1"
"Big worries","1998","Berlin","Male","91","0.387403203981596","0.327015703869405","0.447790704093788","1"
"Big worries","1998","Berlin","Female","124","0.432268092362181","0.374242802763835","0.490293381960527","1"
"Big worries","1998","Brandenburg","Male","86","0.282678820029715","0.231976219037503","0.333381421021927","1"
"Big worries","1998","Brandenburg","Female","112","0.386382232004395","0.332865194101483","0.439899269907306","1"
"Big worries","1998","Mecklenburg-Western Pomerania","Male","46","0.229971219385964","0.171795697879627","0.2881467408923","1"
"Big worries","1998","Mecklenburg-Western Pomerania","Female","64","0.357196619581824","0.29207740262447","0.422315836539178","1"
"Big worries","1998","Saxony","Male","158","0.290319362681173","0.253023433042115","0.327615292320232","1"
"Big worries","1998","Saxony","Female","192","0.297579379849301","0.261416421704764","0.333742337993838","1"
"Big worries","1998","Saxony-Anhalt","Male","94","0.276856768072628","0.228433855902664","0.325279680242591","1"
"Big worries","1998","Saxony-Anhalt","Female","122","0.358913643473294","0.309362909527889","0.408464377418699","1"
"Big worries","1998","Thuringia","Male","101","0.296361066297534","0.248791196222782","0.343930936372286","1"
"Big worries","1998","Thuringia","Female","134","0.394921357950807","0.34570723967495","0.444135476226665","1"
"No worries","1998","Schleswig-Holstein","Female","37","0.174032552494949","0.120122717659966","0.227942387329932","3"
"No worries","1998","Hamburg","Male","12","","","","3"
"No worries","1998","Schleswig-Holstein","Male","37","0.185121629355316","0.125496509356647","0.244746749353984","3"
"No worries","1998","Hamburg","Female","7","","","","3"
"No worries","1998","Lower Saxony","Male","60","0.0873624617606129","0.0646932428238308","0.110031680697395","3"
"No worries","1998","Lower Saxony","Female","38","0.0769717105913289","0.0557322502102924","0.0982111709723655","3"
"No worries","1998","Bremen","Male","3","","","","3"
"No worries","1998","Bremen","Female","4","","","","3"
"No worries","1998","North Rhine-Westphalia","Male","123","0.0886271288939892","0.073577728529653","0.103676529258325","3"
"No worries","1998","North Rhine-Westphalia","Female","79","0.048832476714735","0.0378413876826782","0.0598235657467919","3"
"No worries","1998","Hesse","Male","36","0.0684830376440624","0.0454768590338553","0.0914892162542695","3"
"No worries","1998","Hesse","Female","29","","","","3"
"No worries","1998","Rhineland-Palatinate,Saarland","Male","30","0.0792679850872347","0.0523172900144967","0.106218680159973","3"
"No worries","1998","Rhineland-Palatinate,Saarland","Female","36","0.0975201283663133","0.0690803737765442","0.125959882956082","3"
"No worries","1998","Bavaria","Female","67","0.0780115438981989","0.0610817468352656","0.0949413409611322","3"
"No worries","1998","Baden-Württemberg","Male","122","0.115872516695488","0.0947611959255803","0.136983837465395","3"
"No worries","1998","Baden-Württemberg","Female","90","0.0859264522905116","0.0680200931617495","0.103832811419274","3"
"No worries","1998","Bavaria","Male","90","0.0963297416980841","0.0770753405986399","0.115584142797528","3"
"No worries","1998","Berlin","Male","12","","","","3"
"No worries","1998","Berlin","Female","9","","","","3"
"No worries","1998","Brandenburg","Male","16","","","","3"
"No worries","1998","Brandenburg","Female","9","","","","3"
"No worries","1998","Mecklenburg-Western Pomerania","Male","20","","","","3"
"No worries","1998","Mecklenburg-Western Pomerania","Female","6","","","","3"
"No worries","1998","Saxony","Male","57","0.100297087595453","0.0756147844418244","0.124979390749082","3"
"No worries","1998","Saxony","Female","37","0.0549312776841509","0.0369091753721476","0.0729533799961541","3"
"No worries","1998","Saxony-Anhalt","Male","24","","","","3"
"No worries","1998","Saxony-Anhalt","Female","18","","","","3"
"No worries","1998","Thuringia","Male","29","","","","3"
"No worries","1998","Thuringia","Female","16","","","","3"
"Some worries","1998","Hamburg","Male","35","0.500661581315979","0.380937830645041","0.620385331986918","2"
"Some worries","1998","Lower Saxony","Female","373","0.566090969189722","0.526598629713268","0.605583308666175","2"
"Some worries","1998","Bremen","Male","22","","","","2"
"Some worries","1998","Bremen","Female","21","","","","2"
"Some worries","1998","North Rhine-Westphalia","Male","801","0.578809040146259","0.552663658790171","0.604954421502347","2"
"Some worries","1998","North Rhine-Westphalia","Female","863","0.59951605275065","0.574526941649244","0.624505163852055","2"
"Some worries","1998","Schleswig-Holstein","Male","90","0.564519967348386","0.488403597778079","0.640636336918693","2"
"Some worries","1998","Schleswig-Holstein","Female","96","0.535373170334988","0.464455945165953","0.606290395504022","2"
"Some worries","1998","Hamburg","Female","57","0.68878959826363","0.590937710726519","0.786641485800741","2"
"Some worries","1998","Lower Saxony","Male","371","0.59613322772116","0.556740533251299","0.63552592219102","2"
"Some worries","1998","Hesse","Male","275","0.568080826028051","0.522961365014662","0.61320028704144","2"
"Some worries","1998","Hesse","Female","264","0.518261143049434","0.473746225491891","0.562776060606977","2"
"Some worries","1998","Rhineland-Palatinate,Saarland","Male","234","0.593671130252891","0.544674496462342","0.64266776404344","2"
"Some worries","1998","Thuringia","Male","224","0.63054763603875","0.580268867072702","0.680826405004798","2"
"Some worries","1998","Thuringia","Female","229","0.568926799353663","0.519069104648772","0.618784494058554","2"
"Some worries","1998","Rhineland-Palatinate,Saarland","Female","245","0.581526305389346","0.534235281798238","0.628817328980453","2"
"Some worries","1998","Baden-Württemberg","Male","556","0.619857799697102","0.587840344059112","0.651875255335092","2"
"Some worries","1998","Baden-Württemberg","Female","564","0.575625687593458","0.544046721536923","0.607204653649993","2"
"Some worries","1998","Bavaria","Male","543","0.605484246195084","0.573588819148071","0.637379673242097","2"
"Some worries","1998","Berlin","Female","147","0.53224184354389","0.473798605861876","0.590685081225904","2"
"Some worries","1998","Mecklenburg-Western Pomerania","Male","135","0.658014711556882","0.592434686841758","0.723594736272006","2"
"Some worries","1998","Mecklenburg-Western Pomerania","Female","138","0.614528463009474","0.548385509658681","0.680671416360266","2"
"Some worries","1998","Saxony","Male","354","0.609383549723373","0.569295716265317","0.64947138318143","2"
"Some worries","1998","Saxony","Female","385","0.647489342466548","0.609700260324094","0.685278424609002","2"
"Some worries","1998","Saxony-Anhalt","Male","210","0.646482485453665","0.594746226883553","0.698218744023777","2"
"Some worries","1998","Saxony-Anhalt","Female","220","0.587264633287008","0.536407765789721","0.638121500784294","2"
"Some worries","1998","Bavaria","Female","532","0.533668171470475","0.502176714488648","0.565159628452302","2"
"Some worries","1998","Berlin","Male","147","0.560241470231172","0.498713463025419","0.621769477436925","2"
"Some worries","1998","Brandenburg","Male","201","0.676837395523142","0.62417755986914","0.729497231177145","2"
"Some worries","1998","Brandenburg","Female","197","0.584178549129234","0.530008306773241","0.638348791485226","2"
"Big worries","1999","Schleswig-Holstein","Male","24","","","","1"
"Big worries","1999","Schleswig-Holstein","Female","25","","","","1"
"Big worries","1999","Hamburg","Male","12","","","","1"
"Big worries","1999","Hamburg","Female","17","","","","1"
"Big worries","1999","Lower Saxony","Male","114","0.216442053282137","0.183098977047545","0.249785129516729","1"
"Big worries","1999","Lower Saxony","Female","151","0.256802728685354","0.221521612705078","0.292083844665629","1"
"Big worries","1999","Bremen","Male","13","","","","1"
"Big worries","1999","Bremen","Female","19","","","","1"
"Big worries","1999","North Rhine-Westphalia","Male","300","0.231421637814137","0.208531133891953","0.254312141736322","1"
"Big worries","1999","North Rhine-Westphalia","Female","372","0.263093488366614","0.239979337112779","0.286207639620449","1"
"Big worries","1999","Hesse","Male","81","0.185265347791342","0.148755614985319","0.221775080597365","1"
"Big worries","1999","Hesse","Female","124","0.294021111797437","0.252431703360713","0.335610520234161","1"
"Big worries","1999","Rhineland-Palatinate,Saarland","Male","72","0.204957483069428","0.163714388080623","0.246200578058233","1"
"Big worries","1999","Rhineland-Palatinate,Saarland","Female","72","0.162018203122925","0.125863829547111","0.198172576698738","1"
"Big worries","1999","Baden-Württemberg","Male","135","0.183922961971837","0.157847397403271","0.209998526540402","1"
"Big worries","1999","Baden-Württemberg","Female","194","0.266536055091038","0.237455079230249","0.295617030951828","1"
"Big worries","1999","Bavaria","Male","191","0.217909853408179","0.190509466837412","0.245310239978946","1"
"Big worries","1999","Bavaria","Female","226","0.248091559469652","0.220273228349672","0.275909890589632","1"
"Big worries","1999","Berlin","Male","77","0.315428165112138","0.257359708143606","0.37349662208067","1"
"Big worries","1999","Berlin","Female","89","0.343096476303033","0.286364112965685","0.399828839640381","1"
"Big worries","1999","Brandenburg","Male","56","0.178183148162661","0.13383393596311","0.222532360362211","1"
"Big worries","1999","Brandenburg","Female","90","0.301264251104349","0.250677727912623","0.351850774296075","1"
"Big worries","1999","Mecklenburg-Western Pomerania","Male","27","","","","1"
"Big worries","1999","Mecklenburg-Western Pomerania","Female","41","0.2229239661384","0.166087820442134","0.279760111834666","1"
"Big worries","1999","Saxony","Male","125","0.26091587316802","0.224182644127483","0.297649102208557","1"
"Big worries","1999","Saxony","Female","138","0.234649467584861","0.200908948493974","0.268389986675748","1"
"Big worries","1999","Saxony-Anhalt","Male","54","0.151654462043533","0.113071724780102","0.190237199306964","1"
"Big worries","1999","Saxony-Anhalt","Female","80","0.193546776083782","0.152735572527411","0.234357979640153","1"
"Big worries","1999","Thuringia","Male","69","0.215353702815479","0.172349820041381","0.258357585589577","1"
"Big worries","1999","Thuringia","Female","72","0.20774862652021","0.166466532633286","0.249030720407135","1"
"No worries","1999","Hamburg","Male","13","","","","3"
"No worries","1999","Schleswig-Holstein","Male","50","0.294275342622952","0.221588768488444","0.366961916757461","3"
"No worries","1999","Schleswig-Holstein","Female","46","0.207456036989803","0.147720031584458","0.267192042395148","3"
"No worries","1999","Hamburg","Female","9","","","","3"
"No worries","1999","Lower Saxony","Male","88","0.131626691063972","0.104253558667703","0.158999823460242","3"
"No worries","1999","Lower Saxony","Female","47","0.0866465848331908","0.0639277739187513","0.10936539574763","3"
"No worries","1999","Bremen","Female","3","","","","3"
"No worries","1999","Bremen","Male","5","","","","3"
"No worries","1999","North Rhine-Westphalia","Male","192","0.136817912069649","0.118165629573171","0.155470194566127","3"
"No worries","1999","North Rhine-Westphalia","Female","111","0.071562439874559","0.0580312613333347","0.0850936184157833","3"
"No worries","1999","Hesse","Male","73","0.159171424944851","0.124792701537051","0.193550148352651","3"
"No worries","1999","Hesse","Female","42","0.0850453981347312","0.0595816218231076","0.110509174446355","3"
"No worries","1999","Rhineland-Palatinate,Saarland","Male","51","0.148105584771762","0.111814263094054","0.184396906449471","3"
"No worries","1999","Rhineland-Palatinate,Saarland","Female","49","0.140621021661831","0.106511224986435","0.174730818337226","3"
"No worries","1999","Baden-Württemberg","Female","125","0.0952971729587232","0.0759848466661186","0.114609499251328","3"
"No worries","1999","Bavaria","Male","167","0.171670285453023","0.146641542752674","0.196699028153373","3"
"No worries","1999","Bavaria","Female","125","0.137638420656866","0.11544842906837","0.159828412245362","3"
"No worries","1999","Brandenburg","Male","31","0.0968745282606361","0.0625942830011899","0.131154773520082","3"
"No worries","1999","Brandenburg","Female","23","","","","3"
"No worries","1999","Baden-Württemberg","Male","152","0.151594450114945","0.127456879000532","0.175732021229358","3"
"No worries","1999","Berlin","Male","29","","","","3"
"No worries","1999","Berlin","Female","15","","","","3"
"No worries","1999","Mecklenburg-Western Pomerania","Male","37","0.182888097591402","0.128768626340953","0.237007568841851","3"
"No worries","1999","Mecklenburg-Western Pomerania","Female","19","","","","3"
"No worries","1999","Saxony","Male","84","0.141422469053138","0.112274326437072","0.170570611669204","3"
"No worries","1999","Saxony","Female","58","0.0930190193070877","0.0698932202764123","0.116144818337763","3"
"No worries","1999","Saxony-Anhalt","Male","36","0.091990630236922","0.0609023991624845","0.12307886131136","3"
"No worries","1999","Saxony-Anhalt","Female","39","0.109265476994172","0.0770390270707373","0.141491926917607","3"
"No worries","1999","Thuringia","Male","59","0.188252683045412","0.147357180346698","0.229148185744126","3"
"No worries","1999","Thuringia","Female","41","0.105083492723995","0.0738788190448289","0.136288166403161","3"
"Some worries","1999","Hamburg","Male","39","0.676294450709954","0.561663712757399","0.790925188662509","2"
"Some worries","1999","Lower Saxony","Female","391","0.656550686481456","0.618201522575786","0.694899850387125","2"
"Some worries","1999","Bremen","Male","20","","","","2"
"Some worries","1999","Bremen","Female","27","","","","2"
"Some worries","1999","North Rhine-Westphalia","Male","812","0.631760450116213","0.605581590268868","0.657939309963558","2"
"Some worries","1999","North Rhine-Westphalia","Female","911","0.665344071758827","0.640573324319166","0.690114819198488","2"
"Some worries","1999","Rhineland-Palatinate,Saarland","Male","245","0.64693693215881","0.598107542110483","0.695766322207136","2"
"Some worries","1999","Thuringia","Male","223","0.596393614139109","0.545067304500973","0.647719923777245","2"
"Some worries","1999","Schleswig-Holstein","Male","77","0.524876635571942","0.445225599073081","0.604527672070804","2"
"Some worries","1999","Schleswig-Holstein","Female","106","0.628168465956609","0.556969672755118","0.699367259158101","2"
"Some worries","1999","Hamburg","Female","50","0.670788403351607","0.565137885442514","0.7764389212607","2"
"Some worries","1999","Lower Saxony","Male","384","0.651931255653891","0.61336276017458","0.690499751133201","2"
"Some worries","1999","Hesse","Male","281","0.655563227263807","0.610908698514466","0.700217756013148","2"
"Some worries","1999","Hesse","Female","295","0.620933490067832","0.576646325216879","0.665220654918784","2"
"Some worries","1999","Rhineland-Palatinate,Saarland","Female","278","0.697360775215245","0.652283982371798","0.742437568058691","2"
"Some worries","1999","Baden-Württemberg","Female","569","0.638166771950239","0.606561253027557","0.66977229087292","2"
"Some worries","1999","Bavaria","Male","514","0.610419861138798","0.578052851253439","0.642786871024156","2"
"Some worries","1999","Mecklenburg-Western Pomerania","Male","132","0.670647130287521","0.604851384105812","0.73644287646923","2"
"Some worries","1999","Mecklenburg-Western Pomerania","Female","146","0.683827576689319","0.62033107772124","0.747324075657398","2"
"Some worries","1999","Saxony","Female","410","0.672331513108051","0.63496170647587","0.709701319740232","2"
"Some worries","1999","Saxony-Anhalt","Male","242","0.756354907719545","0.710178441135417","0.802531374303673","2"
"Some worries","1999","Saxony-Anhalt","Female","241","0.697187746922046","0.649724391674184","0.744651102169908","2"
"Some worries","1999","Thuringia","Female","258","0.687167880755795","0.639988935174586","0.734346826337004","2"
"Some worries","1999","Baden-Württemberg","Male","561","0.664482587913218","0.632702909427145","0.696262266399292","2"
"Some worries","1999","Bavaria","Female","575","0.614270019873482","0.582918113399179","0.645621926347784","2"
"Some worries","1999","Berlin","Male","140","0.57080003709885","0.508948233001278","0.632651841196423","2"
"Some worries","1999","Berlin","Female","165","0.60531442787728","0.546904309116099","0.66372454663846","2"
"Some worries","1999","Brandenburg","Male","199","0.724942323576703","0.673190138989887","0.77669450816352","2"
"Some worries","1999","Brandenburg","Female","203","0.615591132682098","0.561956238764574","0.669226026599621","2"
"Some worries","1999","Saxony","Male","340","0.597661657778842","0.556642633325546","0.638680682232138","2"
"Big worries","2000","Schleswig-Holstein","Male","57","0.197211985160485","0.154540088161356","0.239883882159613","1"
"Big worries","2000","Schleswig-Holstein","Female","76","0.206916437499301","0.165915911553553","0.247916963445049","1"
"Big worries","2000","Hamburg","Male","43","0.35131959750545","0.269571242885855","0.433067952125045","1"
"Big worries","2000","Hamburg","Female","62","0.395769427764754","0.320926867414508","0.470611988114999","1"
"Big worries","2000","Lower Saxony","Male","202","0.227988099105497","0.20198553489921","0.253990663311785","1"
"Big worries","2000","Lower Saxony","Female","265","0.263873996176323","0.23693223943413","0.290815752918517","1"
"Big worries","2000","Bremen","Male","26","","","","1"
"Big worries","2000","Bremen","Female","38","0.370511033869379","0.276325969681046","0.464696098057713","1"
"Big worries","2000","North Rhine-Westphalia","Male","615","0.251380030031092","0.234286005050457","0.268474055011727","1"
"Big worries","2000","North Rhine-Westphalia","Female","800","0.298073120424654","0.280680714711768","0.31546552613754","1"
"Big worries","2000","Hesse","Male","197","0.229484420421621","0.200508239418053","0.258460601425188","1"
"Big worries","2000","Hesse","Female","261","0.296546897951099","0.266092116516001","0.327001679386197","1"
"Big worries","2000","Rhineland-Palatinate,Saarland","Male","161","0.243616814596296","0.211281408488328","0.275952220704263","1"
"Big worries","2000","Rhineland-Palatinate,Saarland","Female","225","0.301342017153065","0.269016925194269","0.333667109111861","1"
"Big worries","2000","Baden-Württemberg","Male","312","0.229557848673449","0.207753251523862","0.251362445823037","1"
"Big worries","2000","Baden-Württemberg","Female","388","0.271516853509875","0.249084865309263","0.293948841710487","1"
"Big worries","2000","Bavaria","Male","360","0.222902042799701","0.202660202853743","0.243143882745659","1"
"Big worries","2000","Bavaria","Female","479","0.274597122593175","0.253698451639711","0.295495793546639","1"
"Big worries","2000","Berlin","Male","132","0.323222879720896","0.27680453288858","0.369641226553212","1"
"Big worries","2000","Berlin","Female","193","0.445586281380282","0.398553318898294","0.492619243862271","1"
"Big worries","2000","Brandenburg","Male","128","0.260518003311826","0.221734394944776","0.299301611678877","1"
"Big worries","2000","Brandenburg","Female","161","0.342300083730082","0.301281191499593","0.38331897596057","1"
"Big worries","2000","Mecklenburg-Western Pomerania","Male","73","0.311065138618995","0.254903135529139","0.367227141708851","1"
"Big worries","2000","Saxony-Anhalt","Male","105","0.214999097420837","0.17854959731903","0.251448597522643","1"
"Big worries","2000","Saxony-Anhalt","Female","157","0.287186227712399","0.249911908423896","0.324460547000901","1"
"Big worries","2000","Mecklenburg-Western Pomerania","Female","92","0.305598760545902","0.253729767768702","0.357467753323103","1"
"Big worries","2000","Saxony","Male","210","0.262992788938847","0.233430634431584","0.292554943446111","1"
"Big worries","2000","Saxony","Female","237","0.267663642524545","0.239101075915498","0.296226209133592","1"
"Big worries","2000","Thuringia","Male","123","0.241666285079572","0.204621453562022","0.278711116597122","1"
"Big worries","2000","Thuringia","Female","142","0.284550754365454","0.246530173799464","0.322571334931445","1"
"No worries","2000","Schleswig-Holstein","Female","113","0.280852050800589","0.235365775029039","0.326338326572139","3"
"No worries","2000","Hamburg","Male","23","","","","3"
"No worries","2000","Hamburg","Female","17","","","","3"
"No worries","2000","Schleswig-Holstein","Male","112","0.300608850204379","0.25143481984252","0.349782880566239","3"
"No worries","2000","Lower Saxony","Male","191","0.184843622526876","0.160784998134599","0.208902246919153","3"
"No worries","2000","Lower Saxony","Female","126","0.121056491747957","0.101116450286571","0.140996533209343","3"
"No worries","2000","Bremen","Male","10","","","","3"
"No worries","2000","Bremen","Female","13","","","","3"
"No worries","2000","North Rhine-Westphalia","Male","433","0.177835598179016","0.162768246404678","0.192902949953355","3"
"No worries","2000","North Rhine-Westphalia","Female","303","0.114120987376987","0.102031099295136","0.126210875458838","3"
"No worries","2000","Hesse","Male","113","0.140391609439482","0.116453230935748","0.164329987943216","3"
"No worries","2000","Hesse","Female","89","0.113398282317304","0.0922556653431243","0.134540899291484","3"
"No worries","2000","Rhineland-Palatinate,Saarland","Male","99","0.158254082375924","0.130761108013247","0.185747056738601","3"
"No worries","2000","Rhineland-Palatinate,Saarland","Female","97","0.142606207376168","0.117972090753113","0.167240323999222","3"
"No worries","2000","Baden-Württemberg","Female","223","0.123484476015815","0.106890685424025","0.140078266607604","3"
"No worries","2000","Bavaria","Male","345","0.216700928392707","0.196663163785872","0.236738692999543","3"
"No worries","2000","Bavaria","Female","254","0.143112183419318","0.126714544158832","0.159509822679804","3"
"No worries","2000","Brandenburg","Male","52","0.0887369504052501","0.0636100065338362","0.113863894276664","3"
"No worries","2000","Brandenburg","Female","38","0.0787396432821378","0.0554558119502289","0.102023474614047","3"
"No worries","2000","Baden-Württemberg","Male","266","0.166371968202966","0.1470630381735","0.185680898232432","3"
"No worries","2000","Berlin","Male","35","0.11320636168421","0.0817605732327662","0.144652150135653","3"
"No worries","2000","Berlin","Female","17","","","","3"
"No worries","2000","Mecklenburg-Western Pomerania","Male","39","0.126285930836525","0.0859873282361076","0.166584533436942","3"
"No worries","2000","Mecklenburg-Western Pomerania","Female","35","0.134222875765158","0.0958395059992506","0.172606245531065","3"
"No worries","2000","Saxony","Male","137","0.159380283850232","0.134802349630626","0.183958218069838","3"
"No worries","2000","Saxony","Female","76","0.0809396611764079","0.0633442287721815","0.0985350935806343","3"
"No worries","2000","Saxony-Anhalt","Male","89","0.169492022151177","0.136204251166702","0.202779793135651","3"
"No worries","2000","Saxony-Anhalt","Female","52","0.0864892610974955","0.0633325009472196","0.109646021247771","3"
"No worries","2000","Thuringia","Male","66","0.130035540903514","0.100930300016191","0.159140781790836","3"
"No worries","2000","Thuringia","Female","57","0.116324584417","0.0893079280005182","0.143341240833482","3"
"Some worries","2000","Hamburg","Male","65","0.497023434801454","0.411403527806215","0.582643341796692","2"
"Some worries","2000","Lower Saxony","Female","637","0.61506951207572","0.585325141105795","0.644813883045645","2"
"Some worries","2000","Bremen","Male","49","0.537476923684374","0.43148195709106","0.643471890277688","2"
"Some worries","2000","Bremen","Female","50","0.495452643029805","0.397944823097726","0.592960462961884","2"
"Some worries","2000","North Rhine-Westphalia","Male","1426","0.570784371789891","0.551280445656249","0.590288297923533","2"
"Some worries","2000","North Rhine-Westphalia","Female","1554","0.587805892198359","0.569089584730876","0.606522199665842","2"
"Some worries","2000","Rhineland-Palatinate,Saarland","Male","417","0.59812910302778","0.561197810967301","0.63506039508826","2"
"Some worries","2000","Thuringia","Male","324","0.628298174016914","0.586479558121165","0.670116789912663","2"
"Some worries","2000","Schleswig-Holstein","Male","165","0.502179164635136","0.448557445048601","0.555800884221671","2"
"Some worries","2000","Schleswig-Holstein","Female","186","0.51223151170011","0.461640603821685","0.562822419578535","2"
"Some worries","2000","Hamburg","Female","85","0.541139713682972","0.464875445599538","0.617403981766405","2"
"Some worries","2000","Lower Saxony","Male","607","0.587168278367626","0.556653099931482","0.617683456803771","2"
"Some worries","2000","Hesse","Male","499","0.630123970138897","0.596856871627977","0.663391068649817","2"
"Some worries","2000","Hesse","Female","514","0.590054819731597","0.557260374145053","0.622849265318141","2"
"Some worries","2000","Rhineland-Palatinate,Saarland","Female","452","0.556051775470767","0.52104908816234","0.591054462779193","2"
"Some worries","2000","Baden-Württemberg","Female","899","0.60499867047431","0.580341904894094","0.629655436054527","2"
"Some worries","2000","Bavaria","Male","919","0.560397028807591","0.536257249234795","0.584536808380388","2"
"Some worries","2000","Mecklenburg-Western Pomerania","Male","149","0.56264893054448","0.502467614225907","0.622830246863053","2"
"Some worries","2000","Mecklenburg-Western Pomerania","Female","176","0.56017836368894","0.504289119430759","0.616067607947121","2"
"Some worries","2000","Saxony","Female","610","0.651396696299047","0.620654438114344","0.68213895448375","2"
"Some worries","2000","Saxony-Anhalt","Male","294","0.615508880427987","0.572347184742014","0.658670576113959","2"
"Some worries","2000","Saxony-Anhalt","Female","357","0.626324511190106","0.586469137532449","0.666179884847763","2"
"Some worries","2000","Thuringia","Female","342","0.599124661217545","0.55782821055149","0.640421111883601","2"
"Some worries","2000","Baden-Württemberg","Male","851","0.604070183123584","0.578713947378243","0.629426418868926","2"
"Some worries","2000","Bavaria","Female","1019","0.582290693987507","0.559197285361898","0.605384102613117","2"
"Some worries","2000","Berlin","Male","223","0.563570758594894","0.514350155160616","0.612791362029172","2"
"Some worries","2000","Berlin","Female","219","0.511307619325427","0.464005743778335","0.55860949487252","2"
"Some worries","2000","Brandenburg","Male","312","0.650745046282923","0.608619818485592","0.692870274080254","2"
"Some worries","2000","Brandenburg","Female","315","0.578960272987781","0.536277517219647","0.621643028755914","2"
"Some worries","2000","Saxony","Male","505","0.577626927210921","0.544460390794336","0.610793463627505","2"
"Big worries","2001","Schleswig-Holstein","Male","51","0.190101003637669","0.146065212154202","0.234136795121136","1"
"Big worries","2001","Schleswig-Holstein","Female","55","0.164978850064351","0.125468478322858","0.204489221805844","1"
"Big worries","2001","Hamburg","Male","29","","","","1"
"Big worries","2001","Hamburg","Female","49","0.323348637899569","0.249231204171323","0.397466071627814","1"
"Big worries","2001","Lower Saxony","Male","194","0.245029137305292","0.217068947818804","0.27298932679178","1"
"Big worries","2001","Lower Saxony","Female","229","0.240213834565838","0.212874284024704","0.267553385106973","1"
"Big worries","2001","Bremen","Male","21","","","","1"
"Big worries","2001","Bremen","Female","27","","","","1"
"Big worries","2001","Hesse","Male","162","0.241984042797188","0.210547421434564","0.273420664159812","1"
"Big worries","2001","Hesse","Female","196","0.245323156333116","0.21497102275187","0.275675289914362","1"
"Big worries","2001","Rhineland-Palatinate,Saarland","Male","164","0.257748138543851","0.223674410526367","0.291821866561336","1"
"Big worries","2001","North Rhine-Westphalia","Male","542","0.243496594967296","0.225734861693201","0.261258328241391","1"
"Big worries","2001","North Rhine-Westphalia","Female","704","0.295441205977118","0.277199503868801","0.313682908085435","1"
"Big worries","2001","Rhineland-Palatinate,Saarland","Female","183","0.263833093552105","0.231370423157499","0.29629576394671","1"
"Big worries","2001","Baden-Württemberg","Male","270","0.224451092268528","0.201404820292101","0.247497364244955","1"
"Big worries","2001","Baden-Württemberg","Female","339","0.267922150539252","0.244218423049153","0.291625878029351","1"
"Big worries","2001","Bavaria","Male","287","0.198423490229261","0.177817820853557","0.219029159604965","1"
"Big worries","2001","Bavaria","Female","387","0.236359763906569","0.215497022333155","0.257222505479984","1"
"Big worries","2001","Berlin","Male","145","0.374374671498467","0.3260322815729","0.422717061424034","1"
"Big worries","2001","Berlin","Female","168","0.418685867199767","0.370579008402048","0.466792725997486","1"
"Big worries","2001","Brandenburg","Male","101","0.209156177604981","0.172269430163661","0.246042925046301","1"
"Big worries","2001","Brandenburg","Female","142","0.294056353486061","0.253715010534591","0.33439769643753","1"
"Big worries","2001","Mecklenburg-Western Pomerania","Male","54","0.220337570661555","0.167457786805073","0.273217354518036","1"
"Big worries","2001","Mecklenburg-Western Pomerania","Female","72","0.250923324558263","0.199867903741175","0.301978745375352","1"
"Big worries","2001","Saxony","Male","188","0.249514036653556","0.219242669139108","0.279785404168005","1"
"Big worries","2001","Saxony","Female","223","0.259301054136112","0.229908172882389","0.288693935389835","1"
"Big worries","2001","Saxony-Anhalt","Male","93","0.191718932551561","0.156317976531931","0.22711988857119","1"
"Big worries","2001","Saxony-Anhalt","Female","144","0.261542830863751","0.223878408424099","0.299207253303404","1"
"Big worries","2001","Thuringia","Female","124","0.267044748415238","0.228031207617647","0.306058289212828","1"
"Big worries","2001","Thuringia","Male","111","0.23251902636845","0.194408921090569","0.270629131646332","1"
"No worries","2001","Schleswig-Holstein","Male","108","0.312353410192025","0.260341363464984","0.364365456919067","3"
"No worries","2001","Schleswig-Holstein","Female","107","0.260227936344473","0.213521776189169","0.306934096499777","3"
"No worries","2001","Hamburg","Male","15","","","","3"
"No worries","2001","Hamburg","Female","18","","","","3"
"No worries","2001","Lower Saxony","Male","176","0.197222266278913","0.171355521324311","0.223089011233514","3"
"No worries","2001","Lower Saxony","Female","122","0.13448241287387","0.112649214202475","0.156315611545266","3"
"No worries","2001","Bremen","Male","12","","","","3"
"No worries","2001","Bremen","Female","12","","","","3"
"No worries","2001","North Rhine-Westphalia","Male","345","0.149673207618072","0.134909398591933","0.16443701664421","3"
"No worries","2001","North Rhine-Westphalia","Female","276","0.10926451425414","0.0967911055551039","0.121737922953175","3"
"No worries","2001","Hesse","Male","112","0.148840960346152","0.122715141222104","0.174966779470201","3"
"No worries","2001","Hesse","Female","85","0.116729551902957","0.0940791089139031","0.139379994892011","3"
"No worries","2001","Rhineland-Palatinate,Saarland","Male","97","0.155357833159171","0.127138341052812","0.18357732526553","3"
"No worries","2001","Rhineland-Palatinate,Saarland","Female","94","0.143366612455059","0.117552751135369","0.169180473774748","3"
"No worries","2001","Baden-Württemberg","Male","248","0.184339627912091","0.162920624461707","0.205758631362475","3"
"No worries","2001","Baden-Württemberg","Female","193","0.120973719247187","0.103520314974142","0.138427123520231","3"
"No worries","2001","Bavaria","Male","287","0.205986725525001","0.185091301309415","0.226882149740587","3"
"No worries","2001","Bavaria","Female","287","0.179349067226428","0.160509583469409","0.198188550983447","3"
"No worries","2001","Brandenburg","Male","57","0.0953485949322786","0.0687114649122438","0.121985724952313","3"
"No worries","2001","Brandenburg","Female","47","0.0982524309181293","0.0718973597519817","0.124607502084277","3"
"No worries","2001","Berlin","Male","23","","","","3"
"No worries","2001","Berlin","Female","15","","","","3"
"No worries","2001","Mecklenburg-Western Pomerania","Male","37","0.144618397710643","0.0997455310567578","0.189491264364529","3"
"No worries","2001","Mecklenburg-Western Pomerania","Female","23","","","","3"
"No worries","2001","Saxony","Male","126","0.157842744749995","0.132337930082517","0.183347559417474","3"
"No worries","2001","Saxony","Female","94","0.109624634996248","0.0886709792949833","0.130578290697513","3"
"No worries","2001","Saxony-Anhalt","Male","72","0.153912906664358","0.121460542463502","0.186365270865215","3"
"No worries","2001","Saxony-Anhalt","Female","58","0.125938753016094","0.0975041038800019","0.154373402152187","3"
"No worries","2001","Thuringia","Male","62","0.142759398054817","0.111199847331533","0.174318948778101","3"
"No worries","2001","Thuringia","Female","61","0.141767689362781","0.111008443928967","0.172526934796595","3"
"Some worries","2001","Lower Saxony","Female","587","0.625303752560291","0.594327287124357","0.656280217996225","2"
"Some worries","2001","Bremen","Male","40","0.46691201748317","0.352465223000262","0.581358811966078","2"
"Some worries","2001","North Rhine-Westphalia","Male","1356","0.606830197414632","0.586615971104377","0.627044423724888","2"
"Some worries","2001","North Rhine-Westphalia","Female","1423","0.595294279768742","0.575669412335089","0.614919147202395","2"
"Some worries","2001","Schleswig-Holstein","Male","146","0.497545586170306","0.441432656604484","0.553658515736128","2"
"Some worries","2001","Schleswig-Holstein","Female","177","0.574793213591176","0.522166754313345","0.627419672869007","2"
"Some worries","2001","Hamburg","Male","76","0.603605428996253","0.516087328012079","0.691123529980427","2"
"Some worries","2001","Hamburg","Female","86","0.543438666249235","0.464511373305304","0.622365959193166","2"
"Some worries","2001","Lower Saxony","Male","539","0.557748596415795","0.525462168210236","0.590035024621355","2"
"Some worries","2001","Bremen","Female","46","0.532172622227795","0.426098924367121","0.638246320088469","2"
"Some worries","2001","Hesse","Male","439","0.60917499685666","0.573359949397638","0.644990044315681","2"
"Some worries","2001","Hesse","Female","491","0.637947291763927","0.604045883425093","0.671848700102761","2"
"Some worries","2001","Rhineland-Palatinate,Saarland","Male","372","0.586894028296978","0.548535952076565","0.62525210451739","2"
"Some worries","2001","Rhineland-Palatinate,Saarland","Female","431","0.592800293992837","0.556610226317407","0.628990361668266","2"
"Some worries","2001","Thuringia","Male","299","0.624721575576733","0.581040115892736","0.668403035260731","2"
"Some worries","2001","Baden-Württemberg","Male","741","0.591209279819381","0.564053870003355","0.618364689635407","2"
"Some worries","2001","Baden-Württemberg","Female","809","0.611104130213561","0.58501209373796","0.637196166689162","2"
"Some worries","2001","Bavaria","Male","865","0.595589784245737","0.570232521372566","0.620947047118908","2"
"Some worries","2001","Mecklenburg-Western Pomerania","Male","145","0.635044031627802","0.573623404834407","0.696464658421197","2"
"Some worries","2001","Mecklenburg-Western Pomerania","Female","182","0.679571976821581","0.624619005144146","0.734524948499016","2"
"Some worries","2001","Saxony","Female","537","0.63107431086764","0.598712795102079","0.6634358266332","2"
"Some worries","2001","Saxony-Anhalt","Male","310","0.654368160784081","0.611600131638882","0.69713618992928","2"
"Some worries","2001","Saxony-Anhalt","Female","321","0.612518416120154","0.570765928574502","0.654270903665806","2"
"Some worries","2001","Thuringia","Female","309","0.591187562221982","0.547835544952611","0.634539579491352","2"
"Some worries","2001","Bavaria","Female","919","0.584291168867002","0.560089267339156","0.608493070394849","2"
"Some worries","2001","Berlin","Male","217","0.548388938636229","0.498678870928448","0.598099006344009","2"
"Some worries","2001","Berlin","Female","221","0.553143283362122","0.504663532963901","0.601623033760344","2"
"Some worries","2001","Brandenburg","Male","309","0.69549522746274","0.653757021317319","0.737233433608161","2"
"Some worries","2001","Brandenburg","Female","301","0.60769121559581","0.564459193765565","0.650923237426055","2"
"Some worries","2001","Saxony","Male","471","0.592643218596448","0.558271804699861","0.627014632493035","2"
"Big worries","2002","Schleswig-Holstein","Male","41","0.142114235960835","0.105269786946681","0.178958684974988","1"
"Big worries","2002","Schleswig-Holstein","Female","57","0.183874078958655","0.144770522609814","0.222977635307496","1"
"Big worries","2002","Hamburg","Male","23","","","","1"
"Big worries","2002","Hamburg","Female","38","0.187992245237209","0.131229622649647","0.244754867824771","1"
"Big worries","2002","Lower Saxony","Male","163","0.192725402183279","0.16791586858894","0.217534935777618","1"
"Big worries","2002","Lower Saxony","Female","235","0.24015701737074","0.213851131144821","0.26646290359666","1"
"Big worries","2002","Bremen","Male","24","","","","1"
"Big worries","2002","Bremen","Female","29","","","","1"
"Big worries","2002","Hesse","Male","141","0.202286879063651","0.174239504976275","0.230334253151026","1"
"Big worries","2002","Hesse","Female","199","0.242816563645697","0.213990965026757","0.271642162264637","1"
"Big worries","2002","North Rhine-Westphalia","Male","505","0.216858800196516","0.200218199123323","0.23349940126971","1"
"Big worries","2002","North Rhine-Westphalia","Female","663","0.265824119822311","0.248500082026643","0.28314815761798","1"
"Big worries","2002","Rhineland-Palatinate,Saarland","Male","137","0.196490663953767","0.165967888591101","0.227013439316432","1"
"Big worries","2002","Rhineland-Palatinate,Saarland","Female","182","0.275763138164608","0.243165366651273","0.308360909677942","1"
"Big worries","2002","Baden-Württemberg","Male","267","0.208299808824696","0.186811816216994","0.229787801432398","1"
"Big worries","2002","Baden-Württemberg","Female","354","0.282633664478059","0.259287560390938","0.30597976856518","1"
"Big worries","2002","Bavaria","Male","313","0.204426761175707","0.184414565123157","0.224438957228258","1"
"Big worries","2002","Bavaria","Female","445","0.25024665074227","0.229668248254456","0.270825053230083","1"
"Big worries","2002","Berlin","Male","131","0.344926128911508","0.298631696361062","0.391220561461954","1"
"Big worries","2002","Berlin","Female","162","0.400883342615483","0.354235682348493","0.447531002882473","1"
"Big worries","2002","Brandenburg","Male","96","0.201893912028028","0.165448148237057","0.238339675818999","1"
"Big worries","2002","Brandenburg","Female","136","0.282765463598508","0.243052856814106","0.322478070382911","1"
"Big worries","2002","Mecklenburg-Western Pomerania","Male","57","0.283713240487996","0.225705311251093","0.341721169724899","1"
"Big worries","2002","Mecklenburg-Western Pomerania","Female","78","0.312496988249067","0.258494335523205","0.36649964097493","1"
"Big worries","2002","Saxony","Male","173","0.232826217122859","0.203739113279701","0.261913320966017","1"
"Big worries","2002","Saxony","Female","172","0.217572131550443","0.189653707512436","0.24549055558845","1"
"Big worries","2002","Saxony-Anhalt","Male","72","0.148685874104533","0.116243929508376","0.181127818700689","1"
"Big worries","2002","Saxony-Anhalt","Female","100","0.196747520751682","0.162177717610763","0.231317323892601","1"
"Big worries","2002","Thuringia","Male","107","0.236531502758982","0.198515405623453","0.27454759989451","1"
"Big worries","2002","Thuringia","Female","89","0.183396739602881","0.149026309209718","0.217767169996045","1"
"No worries","2002","Schleswig-Holstein","Female","132","0.274953021763847","0.229882795550841","0.320023247976853","3"
"No worries","2002","Schleswig-Holstein","Male","145","0.358355157149064","0.307756064750479","0.408954249547649","3"
"No worries","2002","Hamburg","Male","31","0.193486371502073","0.129627613294078","0.257345129710067","3"
"No worries","2002","Hamburg","Female","25","","","","3"
"No worries","2002","Lower Saxony","Male","194","0.222584247648582","0.196419752629867","0.248748742667298","3"
"No worries","2002","Lower Saxony","Female","130","0.132599830477918","0.111715305379948","0.153484355575888","3"
"No worries","2002","Bremen","Male","11","","","","3"
"No worries","2002","Bremen","Female","13","","","","3"
"No worries","2002","North Rhine-Westphalia","Male","451","0.179440293107187","0.163945865877892","0.194934720336483","3"
"No worries","2002","North Rhine-Westphalia","Female","343","0.129801556072271","0.116621994159102","0.142981117985441","3"
"No worries","2002","Hesse","Male","143","0.188916686199734","0.161585852777664","0.216247519621804","3"
"No worries","2002","Hesse","Female","88","0.105227745721684","0.084599608304225","0.125855883139143","3"
"No worries","2002","Rhineland-Palatinate,Saarland","Male","125","0.220363614895112","0.188523575946276","0.252203653843947","3"
"No worries","2002","Rhineland-Palatinate,Saarland","Female","95","0.139118404219177","0.113875257144759","0.164361551293594","3"
"No worries","2002","Baden-Württemberg","Male","249","0.169067123977029","0.149234344227555","0.188899903726503","3"
"No worries","2002","Baden-Württemberg","Female","181","0.113901932486027","0.0974302327243436","0.13037363224771","3"
"No worries","2002","Bavaria","Male","288","0.18581223155279","0.16651099078521","0.205113472320369","3"
"No worries","2002","Brandenburg","Male","71","0.148491607668843","0.116206625296146","0.18077659004154","3"
"No worries","2002","Brandenburg","Female","42","0.0813151717044523","0.0572131385030022","0.105417204905902","3"
"No worries","2002","Bavaria","Female","217","0.136447832923757","0.120140012383269","0.152755653464245","3"
"No worries","2002","Berlin","Male","48","0.135626184242478","0.10228022981551","0.168972138669446","3"
"No worries","2002","Berlin","Female","30","0.0569116350648762","0.0348599446029067","0.0789633255268456","3"
"No worries","2002","Mecklenburg-Western Pomerania","Male","50","0.195162850290471","0.144164434918713","0.24616126566223","3"
"No worries","2002","Mecklenburg-Western Pomerania","Female","39","0.16011143520471","0.117386945659645","0.202835924749776","3"
"No worries","2002","Saxony","Male","145","0.194193906116978","0.166968727586751","0.221419084647205","3"
"No worries","2002","Saxony","Female","100","0.110532258791913","0.089315612600359","0.131748904983466","3"
"No worries","2002","Saxony-Anhalt","Male","88","0.21050379775089","0.173330414125728","0.247677181376051","3"
"No worries","2002","Saxony-Anhalt","Female","69","0.136486793770641","0.106633239606994","0.166340347934287","3"
"No worries","2002","Thuringia","Male","73","0.154804910920458","0.122445670276159","0.187164151564757","3"
"No worries","2002","Thuringia","Female","65","0.149510441097971","0.117840018026007","0.181180864169934","3"
"Some worries","2002","Lower Saxony","Female","648","0.627243152151342","0.597466617902678","0.657019686400006","2"
"Some worries","2002","North Rhine-Westphalia","Male","1400","0.603700906696297","0.583950188097228","0.623451625295365","2"
"Some worries","2002","North Rhine-Westphalia","Female","1492","0.604374324105417","0.585198805801274","0.623549842409561","2"
"Some worries","2002","Hesse","Male","504","0.608796434736615","0.574722488442867","0.642870381030364","2"
"Some worries","2002","Hesse","Female","563","0.651955690632619","0.619932475199553","0.683978906065685","2"
"Some worries","2002","Rhineland-Palatinate,Saarland","Male","389","0.583145721151121","0.545271974017038","0.621019468285205","2"
"Some worries","2002","Schleswig-Holstein","Male","159","0.499530606890101","0.446770173241409","0.552291040538794","2"
"Some worries","2002","Hamburg","Male","93","0.67868247595706","0.603192385231051","0.754172566683068","2"
"Some worries","2002","Hamburg","Female","119","0.688517066106338","0.621236927093111","0.755797205119565","2"
"Some worries","2002","Lower Saxony","Male","614","0.584690350168138","0.553695649231278","0.615685051104998","2"
"Some worries","2002","Bremen","Male","45","0.58817000959656","0.480321655755434","0.696018363437686","2"
"Some worries","2002","Bremen","Female","50","0.536953855803157","0.43506309710282","0.638844614503495","2"
"Some worries","2002","Rhineland-Palatinate,Saarland","Female","445","0.585118457616216","0.549179667841108","0.621057247391324","2"
"Some worries","2002","Baden-Württemberg","Male","856","0.622633067198275","0.596984149312023","0.648281985084528","2"
"Some worries","2002","Baden-Württemberg","Female","894","0.603464403035914","0.578101503864361","0.628827302207467","2"
"Some worries","2002","Schleswig-Holstein","Female","188","0.541172899277498","0.490872669757229","0.591473128797767","2"
"Some worries","2002","Bavaria","Male","959","0.609761007271503","0.585554565929823","0.633967448613184","2"
"Some worries","2002","Bavaria","Female","1040","0.613305516333973","0.590169385209682","0.636441647458263","2"
"Some worries","2002","Berlin","Male","226","0.519447686846013","0.470788838733866","0.568106534958161","2"
"Some worries","2002","Berlin","Female","232","0.542205022319641","0.494782740984552","0.58962730365473","2"
"Some worries","2002","Mecklenburg-Western Pomerania","Male","125","0.521123909221533","0.456842383641011","0.585405434802055","2"
"Some worries","2002","Saxony","Female","567","0.671895609657644","0.64012511087552","0.703666108439769","2"
"Some worries","2002","Saxony-Anhalt","Male","302","0.640810328144577","0.597062774247624","0.68455788204153","2"
"Some worries","2002","Saxony-Anhalt","Female","339","0.666765685477678","0.625775704806935","0.70775566614842","2"
"Some worries","2002","Thuringia","Male","300","0.60866358632056","0.565002829155764","0.652324343485356","2"
"Some worries","2002","Thuringia","Female","333","0.667092819299148","0.625238688734276","0.708946949864021","2"
"Some worries","2002","Brandenburg","Male","299","0.649614480303129","0.606297711201914","0.692931249404343","2"
"Some worries","2002","Brandenburg","Female","316","0.635919364697039","0.593488250917042","0.678350478477037","2"
"Some worries","2002","Mecklenburg-Western Pomerania","Female","166","0.527391576546222","0.469225175047577","0.585557978044868","2"
"Some worries","2002","Saxony","Male","493","0.572979876760163","0.538936587140687","0.607023166379638","2"
"Big worries","2003","Schleswig-Holstein","Male","31","0.138011628356054","0.100280124214854","0.175743132497254","1"
"Big worries","2003","Schleswig-Holstein","Female","59","0.182617592154842","0.142141551995171","0.223093632314513","1"
"Big worries","2003","Hamburg","Male","29","","","","1"
"Big worries","2003","Hamburg","Female","40","0.286573517260878","0.21672972799867","0.356417306523086","1"
"Big worries","2003","Lower Saxony","Male","168","0.214885420045686","0.18837280130593","0.241398038785443","1"
"Big worries","2003","Lower Saxony","Female","237","0.254289030217467","0.227080842172774","0.28149721826216","1"
"Big worries","2003","Bremen","Male","19","","","","1"
"Big worries","2003","Bremen","Female","24","","","","1"
"Big worries","2003","Hesse","Male","134","0.208154338186088","0.178703363996733","0.237605312375442","1"
"Big worries","2003","Hesse","Female","184","0.227327142876555","0.197686272237112","0.256968013515998","1"
"Big worries","2003","Baden-Württemberg","Female","336","0.262495906735031","0.239281796995904","0.285710016474157","1"
"Big worries","2003","North Rhine-Westphalia","Male","479","0.235467472035446","0.217990212952735","0.252944731118158","1"
"Big worries","2003","North Rhine-Westphalia","Female","646","0.287577975849581","0.269457877365401","0.30569807433376","1"
"Big worries","2003","Rhineland-Palatinate,Saarland","Male","143","0.25231589456032","0.218586406171111","0.286045382949529","1"
"Big worries","2003","Rhineland-Palatinate,Saarland","Female","181","0.285910349309424","0.252627325959436","0.319193372659412","1"
"Big worries","2003","Baden-Württemberg","Male","235","0.196200655699308","0.174687589245372","0.217713722153244","1"
"Big worries","2003","Bavaria","Male","311","0.205519624037347","0.184898121000917","0.226141127073778","1"
"Big worries","2003","Bavaria","Female","432","0.268822124507747","0.24744313890078","0.290201110114714","1"
"Big worries","2003","Berlin","Male","104","0.255509256809231","0.21344569586346","0.297572817755002","1"
"Big worries","2003","Berlin","Female","163","0.400305149636371","0.353278849448153","0.447331449824588","1"
"Big worries","2003","Brandenburg","Male","110","0.228467498843734","0.189974715308987","0.266960282378482","1"
"Big worries","2003","Brandenburg","Female","147","0.314295739185633","0.273149387645499","0.355442090725766","1"
"Big worries","2003","Mecklenburg-Western Pomerania","Male","58","0.300844393008328","0.242821369784233","0.358867416232424","1"
"Big worries","2003","Mecklenburg-Western Pomerania","Female","80","0.27506470505333","0.222853707960343","0.327275702146316","1"
"Big worries","2003","Saxony","Male","187","0.272381092543062","0.241317616222229","0.303444568863895","1"
"Big worries","2003","Saxony","Female","210","0.286513470405808","0.255586176315906","0.317440764495711","1"
"Big worries","2003","Thuringia","Female","117","0.288890177966481","0.248676582305815","0.329103773627148","1"
"Big worries","2003","Saxony-Anhalt","Male","88","0.203981539397181","0.166287486714129","0.241675592080232","1"
"Big worries","2003","Saxony-Anhalt","Female","107","0.220656960656376","0.184235566491233","0.257078354821518","1"
"Big worries","2003","Thuringia","Male","111","0.242626254736603","0.203747381416438","0.281505128056767","1"
"No worries","2003","Schleswig-Holstein","Male","131","0.3488587019236","0.296720268795577","0.400997135051622","3"
"No worries","2003","Schleswig-Holstein","Female","120","0.298193018966429","0.250266967834133","0.346119070098725","3"
"No worries","2003","Lower Saxony","Male","190","0.202227347192481","0.17630095148006","0.228153742904901","3"
"No worries","2003","Lower Saxony","Female","140","0.148397715156578","0.126185976346182","0.170609453966973","3"
"No worries","2003","Bremen","Male","12","","","","3"
"No worries","2003","Hamburg","Male","19","","","","3"
"No worries","2003","Hamburg","Female","20","","","","3"
"No worries","2003","Bremen","Female","18","","","","3"
"No worries","2003","North Rhine-Westphalia","Male","455","0.192172929668174","0.175943054240504","0.208402805095843","3"
"No worries","2003","North Rhine-Westphalia","Female","288","0.109130570937534","0.0966482795760407","0.121612862299027","3"
"No worries","2003","Hesse","Male","133","0.167809946846716","0.140701366712232","0.1949185269812","3"
"No worries","2003","Hesse","Female","97","0.116404937872322","0.0937230174304516","0.139086858314193","3"
"No worries","2003","Rhineland-Palatinate,Saarland","Male","97","0.152324183972271","0.124419461892472","0.18022890605207","3"
"No worries","2003","Rhineland-Palatinate,Saarland","Female","97","0.128631421998465","0.103970691049042","0.153292152947889","3"
"No worries","2003","Baden-Württemberg","Male","205","0.14237864095653","0.12344873381384","0.16130854809922","3"
"No worries","2003","Baden-Württemberg","Female","132","0.0829432255383273","0.0683920821691239","0.0974943689075307","3"
"No worries","2003","Bavaria","Male","222","0.139664175170607","0.121974144126453","0.15735420621476","3"
"No worries","2003","Bavaria","Female","195","0.121373202367281","0.105625880754282","0.137120523980279","3"
"No worries","2003","Berlin","Male","44","0.103050952937647","0.0737296707455584","0.132372235129736","3"
"No worries","2003","Berlin","Female","22","","","","3"
"No worries","2003","Brandenburg","Male","48","0.0906112401130237","0.0642930621615315","0.116929418064516","3"
"No worries","2003","Brandenburg","Female","33","0.078467527555906","0.0546336904186268","0.102301364693185","3"
"No worries","2003","Mecklenburg-Western Pomerania","Male","49","0.203610482545773","0.152665044098329","0.254555920993217","3"
"No worries","2003","Mecklenburg-Western Pomerania","Female","34","0.134470638406868","0.0945819673922389","0.174359309421497","3"
"No worries","2003","Saxony","Male","116","0.142767227417299","0.118356920768295","0.167177534066303","3"
"No worries","2003","Saxony","Female","82","0.100417993405145","0.0798589614318881","0.120977025378402","3"
"No worries","2003","Saxony-Anhalt","Male","53","0.142969695094316","0.110225379617523","0.175714010571109","3"
"No worries","2003","Saxony-Anhalt","Female","53","0.104107006763298","0.0772843699198099","0.130929643606785","3"
"No worries","2003","Thuringia","Male","66","0.141539006272047","0.109924383425518","0.173153629118576","3"
"No worries","2003","Thuringia","Female","48","0.0852725346484472","0.0604932579222077","0.110051811374687","3"
"Some worries","2003","Lower Saxony","Female","607","0.597313254625955","0.56666997210646","0.62795653714545","2"
"Some worries","2003","North Rhine-Westphalia","Male","1330","0.57235959829638","0.551980557942904","0.592738638649856","2"
"Some worries","2003","North Rhine-Westphalia","Female","1463","0.603291453212885","0.583706910344698","0.622875996081072","2"
"Some worries","2003","Hesse","Male","463","0.624035714967196","0.588898714907202","0.659172715027191","2"
"Some worries","2003","Hesse","Female","487","0.656267919251123","0.622677292905454","0.689858545596791","2"
"Some worries","2003","Rhineland-Palatinate,Saarland","Male","397","0.595359921467409","0.557244333750206","0.633475509184612","2"
"Some worries","2003","Baden-Württemberg","Female","912","0.654560867726642","0.62947267751056","0.679649057942724","2"
"Some worries","2003","Schleswig-Holstein","Male","159","0.513129669720347","0.458451270319354","0.567808069121339","2"
"Some worries","2003","Hamburg","Male","86","0.660139532940954","0.579941468360996","0.740337597520911","2"
"Some worries","2003","Hamburg","Female","101","0.5916630789527","0.515738618822277","0.667587539083122","2"
"Some worries","2003","Lower Saxony","Male","564","0.582887232761833","0.551059797493604","0.614714668030062","2"
"Some worries","2003","Bremen","Male","50","0.565841499576861","0.45790281183307","0.673780187320653","2"
"Some worries","2003","Bremen","Female","50","0.54466656803397","0.442904879150555","0.646428256917386","2"
"Some worries","2003","Rhineland-Palatinate,Saarland","Female","430","0.585458228692111","0.549170183913312","0.62174627347091","2"
"Some worries","2003","Baden-Württemberg","Male","869","0.661420703344162","0.635784874736682","0.687056531951642","2"
"Some worries","2003","Bavaria","Male","942","0.654816200792046","0.630553620201712","0.67907878138238","2"
"Some worries","2003","Berlin","Male","265","0.641439790253122","0.595187625893889","0.687691954612355","2"
"Some worries","2003","Berlin","Female","232","0.547401714219162","0.499627935631296","0.595175492807029","2"
"Some worries","2003","Saxony","Female","529","0.613068536189046","0.579752904702509","0.646384167675584","2"
"Some worries","2003","Saxony-Anhalt","Male","298","0.653048765508503","0.608521824946728","0.697575706070279","2"
"Some worries","2003","Thuringia","Male","290","0.61583473899135","0.571720297250818","0.659949180731882","2"
"Some worries","2003","Thuringia","Female","323","0.625837287385071","0.582903505050438","0.668771069719704","2"
"Some worries","2003","Schleswig-Holstein","Female","171","0.519189388878729","0.466845739935853","0.571533037821605","2"
"Some worries","2003","Bavaria","Female","1025","0.609804673124972","0.586282389865174","0.63332695638477","2"
"Some worries","2003","Brandenburg","Male","299","0.680921261043242","0.638185900542622","0.723656621543862","2"
"Some worries","2003","Brandenburg","Female","309","0.607236733258461","0.563951664588311","0.650521801928612","2"
"Some worries","2003","Mecklenburg-Western Pomerania","Male","133","0.495545124445898","0.432290069710338","0.558800179181458","2"
"Some worries","2003","Mecklenburg-Western Pomerania","Female","167","0.590464656539803","0.53296866358892","0.647960649490685","2"
"Some worries","2003","Saxony","Male","486","0.584851680039639","0.550469445172654","0.619233914906624","2"
"Some worries","2003","Saxony-Anhalt","Female","338","0.675236032580327","0.634107317333938","0.716364747826715","2"
"Big worries","2004","Schleswig-Holstein","Male","38","0.152129149220813","0.112530933216763","0.191727365224863","1"
"Big worries","2004","Schleswig-Holstein","Female","59","0.19532963252927","0.154146804840117","0.236512460218423","1"
"Big worries","2004","Hamburg","Male","26","","","","1"
"Big worries","2004","Hamburg","Female","31","0.157635672290541","0.100816254052474","0.214455090528608","1"
"Big worries","2004","Lower Saxony","Male","161","0.172241681915707","0.147775936647987","0.196707427183426","1"
"Big worries","2004","Lower Saxony","Female","232","0.242801019769455","0.215831777819838","0.269770261719071","1"
"Big worries","2004","Bremen","Male","17","","","","1"
"Big worries","2004","Bremen","Female","26","","","","1"
"Big worries","2004","Hesse","Male","126","0.17256265469946","0.144469749442242","0.200655559956677","1"
"Big worries","2004","Hesse","Female","198","0.255495698915929","0.224114354839913","0.286877042991944","1"
"Big worries","2004","Baden-Württemberg","Female","352","0.300440241288428","0.27587553957021","0.325004943006646","1"
"Big worries","2004","North Rhine-Westphalia","Male","455","0.215887234021863","0.198619990992083","0.233154477051643","1"
"Big worries","2004","North Rhine-Westphalia","Female","598","0.26340680473146","0.245475217984704","0.281338391478215","1"
"Big worries","2004","Rhineland-Palatinate,Saarland","Male","137","0.249008479643843","0.214635206721093","0.283381752566593","1"
"Big worries","2004","Rhineland-Palatinate,Saarland","Female","177","0.305395354272974","0.270979866688","0.339810841857948","1"
"Big worries","2004","Baden-Württemberg","Male","235","0.19294104916057","0.171247017837613","0.214635080483528","1"
"Big worries","2004","Bavaria","Male","299","0.221652294845477","0.200258553008552","0.243046036682403","1"
"Big worries","2004","Bavaria","Female","404","0.258119043564693","0.236636729196183","0.279601357933204","1"
"Big worries","2004","Berlin","Male","95","0.253867998230013","0.210893403173169","0.296842593286858","1"
"Big worries","2004","Berlin","Female","136","0.322464155739444","0.277439045815156","0.367489265663733","1"
"Big worries","2004","Brandenburg","Male","94","0.233193477869689","0.193409855385203","0.272977100354174","1"
"Big worries","2004","Brandenburg","Female","125","0.303526443944521","0.262308651741284","0.344744236147759","1"
"Big worries","2004","Mecklenburg-Western Pomerania","Female","71","0.283676888437195","0.230495458664883","0.336858318209507","1"
"Big worries","2004","Mecklenburg-Western Pomerania","Male","55","0.239298832882643","0.184864936651475","0.293732729113811","1"
"Big worries","2004","Saxony","Male","149","0.205222329211669","0.176603457476422","0.233841200946917","1"
"Big worries","2004","Saxony","Female","196","0.261502754843284","0.231239324357759","0.291766185328808","1"
"Big worries","2004","Saxony-Anhalt","Male","85","0.185990350540166","0.149084591952643","0.222896109127688","1"
"Big worries","2004","Thuringia","Male","95","0.212179387624969","0.174978408871147","0.24938036637879","1"
"Big worries","2004","Thuringia","Female","95","0.212783736346647","0.176093510340875","0.249473962352419","1"
"Big worries","2004","Saxony-Anhalt","Female","109","0.23855594285347","0.201048161683777","0.276063724023164","1"
"No worries","2004","Schleswig-Holstein","Male","144","0.39744860355745","0.343492312830693","0.451404894284207","3"
"No worries","2004","Schleswig-Holstein","Female","116","0.259364774482817","0.213836544120002","0.304893004845632","3"
"No worries","2004","Hamburg","Male","30","0.195996612170782","0.129765542459787","0.262227681881778","3"
"No worries","2004","Hamburg","Female","15","","","","3"
"No worries","2004","Lower Saxony","Male","185","0.210349865191904","0.183942442325881","0.236757288057927","3"
"No worries","2004","Lower Saxony","Female","136","0.142467360611506","0.120482612459271","0.164452108763741","3"
"No worries","2004","Bremen","Male","14","","","","3"
"No worries","2004","Bremen","Female","14","","","","3"
"No worries","2004","North Rhine-Westphalia","Male","444","0.184874379056232","0.168582510616066","0.201166247496399","3"
"No worries","2004","North Rhine-Westphalia","Female","335","0.130175415798212","0.116476957213115","0.14387387438331","3"
"No worries","2004","Hesse","Male","114","0.161640955151164","0.134272743496131","0.189009166806197","3"
"No worries","2004","Hesse","Female","79","0.123515989061878","0.0998415483724637","0.147190429751291","3"
"No worries","2004","Rhineland-Palatinate,Saarland","Male","111","0.182777838758756","0.152057348805716","0.213498328711795","3"
"No worries","2004","Rhineland-Palatinate,Saarland","Female","77","0.117902142282153","0.0938045804268189","0.141999704137486","3"
"No worries","2004","Baden-Württemberg","Male","203","0.154024814288329","0.134179888696421","0.173869739880237","3"
"No worries","2004","Baden-Württemberg","Female","162","0.106308441618136","0.0897927129990827","0.122824170237189","3"
"No worries","2004","Bavaria","Male","287","0.199119845083785","0.178551239559087","0.219688450608484","3"
"No worries","2004","Bavaria","Female","211","0.142105115505229","0.124964523106464","0.159245707903993","3"
"No worries","2004","Berlin","Male","70","0.171226892779803","0.134030245793645","0.208423539765961","3"
"No worries","2004","Berlin","Female","34","0.0953705730341905","0.0670768256310578","0.123664320437323","3"
"No worries","2004","Brandenburg","Male","61","0.140773512825081","0.108053193869087","0.173493831781075","3"
"No worries","2004","Brandenburg","Female","45","0.0995023071230517","0.0726678990220637","0.12633671522404","3"
"No worries","2004","Mecklenburg-Western Pomerania","Male","55","0.183334825393949","0.13396784175932","0.232701809028578","3"
"No worries","2004","Mecklenburg-Western Pomerania","Female","36","0.130127984424442","0.090435655537544","0.169820313311341","3"
"No worries","2004","Saxony","Male","135","0.1734768608304","0.146644081501683","0.200309640159116","3"
"No worries","2004","Saxony","Female","96","0.129047972783223","0.105960399229272","0.152135546337174","3"
"No worries","2004","Saxony-Anhalt","Male","83","0.231920122711718","0.191888189520449","0.271952055902987","3"
"No worries","2004","Saxony-Anhalt","Female","54","0.0963286884146783","0.0703635690222634","0.122293807807093","3"
"No worries","2004","Thuringia","Male","77","0.166303632175923","0.132423591525605","0.200183672826242","3"
"No worries","2004","Thuringia","Female","59","0.119342058698369","0.090279454104883","0.148404663291855","3"
"Some worries","2004","Lower Saxony","Female","603","0.614731619619039","0.584121647374651","0.645341591863427","2"
"Some worries","2004","North Rhine-Westphalia","Male","1282","0.599238386921904","0.578671757190956","0.619805016652853","2"
"Some worries","2004","North Rhine-Westphalia","Female","1385","0.606417779470328","0.58652959800556","0.626305960935096","2"
"Some worries","2004","Hesse","Male","455","0.665796390149376","0.630726696262114","0.700866084036638","2"
"Some worries","2004","Hesse","Female","465","0.620988312022194","0.586081181254731","0.655895442789657","2"
"Some worries","2004","Rhineland-Palatinate,Saarland","Male","360","0.568213681597402","0.528841762571856","0.607585600622948","2"
"Some worries","2004","Baden-Württemberg","Female","824","0.593251317093436","0.566930312103952","0.619572322082921","2"
"Some worries","2004","Schleswig-Holstein","Male","134","0.450422247221737","0.395565628079076","0.505278866364399","2"
"Some worries","2004","Hamburg","Male","82","0.613566488772642","0.532325209358929","0.694807768186356","2"
"Some worries","2004","Hamburg","Female","112","0.781873085609975","0.717479544648571","0.846266626571379","2"
"Some worries","2004","Lower Saxony","Male","569","0.617408452892389","0.585917085775762","0.648899820009017","2"
"Some worries","2004","Bremen","Male","47","0.652248832100243","0.546556922812455","0.757940741388031","2"
"Some worries","2004","Bremen","Female","49","0.49646004437309","0.392584764427551","0.600335324318629","2"
"Some worries","2004","Rhineland-Palatinate,Saarland","Female","434","0.576702503444873","0.539783272970298","0.613621733919448","2"
"Some worries","2004","Baden-Württemberg","Male","833","0.6530341365511","0.626865166389834","0.679203106712367","2"
"Some worries","2004","Bavaria","Male","862","0.579227860070737","0.553799870784967","0.604655849356508","2"
"Some worries","2004","Berlin","Male","229","0.574905108990184","0.526091490012234","0.623718727968134","2"
"Some worries","2004","Berlin","Female","244","0.582165271226365","0.534656550684706","0.629673991768024","2"
"Some worries","2004","Saxony","Female","518","0.609449272373493","0.575851298452826","0.643047246294161","2"
"Some worries","2004","Saxony-Anhalt","Male","259","0.582089526748116","0.535308400439905","0.628870653056328","2"
"Some worries","2004","Thuringia","Male","292","0.621516980199108","0.577386485083442","0.665647475314774","2"
"Some worries","2004","Thuringia","Female","324","0.667874204954984","0.625652790221345","0.710095619688623","2"
"Some worries","2004","Schleswig-Holstein","Female","181","0.545305592987912","0.493580310141305","0.59703087583452","2"
"Some worries","2004","Bavaria","Female","979","0.599775840930078","0.575723903408041","0.623827778452115","2"
"Some worries","2004","Brandenburg","Male","279","0.62603300930523","0.580511308748328","0.671554709862131","2"
"Some worries","2004","Brandenburg","Female","308","0.596971248932427","0.552998981081774","0.640943516783081","2"
"Some worries","2004","Mecklenburg-Western Pomerania","Male","126","0.577366341723408","0.514343227247867","0.640389456198949","2"
"Some worries","2004","Mecklenburg-Western Pomerania","Female","169","0.586195127138362","0.528090268061557","0.644299986215168","2"
"Some worries","2004","Saxony","Male","481","0.621300809957931","0.586927961650133","0.655673658265729","2"
"Some worries","2004","Saxony-Anhalt","Female","333","0.665115368731852","0.623581407529326","0.706649329934377","2"
"Big worries","2005","Schleswig-Holstein","Male","43","0.171344231882156","0.128986458494335","0.213702005269977","1"
"Big worries","2005","Schleswig-Holstein","Female","73","0.24752090447165","0.202112471483013","0.292929337460287","1"
"Big worries","2005","Hamburg","Male","33","0.245053091085461","0.174058243224669","0.316047938946254","1"
"Big worries","2005","Hamburg","Female","37","0.242661128174818","0.174057404046374","0.311264852303263","1"
"Big worries","2005","Lower Saxony","Male","188","0.234864693594746","0.206565605103156","0.263163782086335","1"
"Big worries","2005","Lower Saxony","Female","265","0.297560914443301","0.268177727818622","0.32694410106798","1"
"Big worries","2005","Bremen","Male","17","","","","1"
"Big worries","2005","Bremen","Female","32","0.527641107186381","0.419585695007582","0.635696519365179","1"
"Big worries","2005","North Rhine-Westphalia","Male","519","0.255705707118195","0.236997962783729","0.274413451452662","1"
"Big worries","2005","North Rhine-Westphalia","Female","718","0.328806064986812","0.309342966891121","0.348269163082502","1"
"Big worries","2005","Hesse","Male","138","0.232291868220799","0.200025490162845","0.264558246278754","1"
"Big worries","2005","Hesse","Female","211","0.310316735616504","0.276239927795056","0.344393543437952","1"
"Big worries","2005","Rhineland-Palatinate,Saarland","Female","210","0.347441668965472","0.311087350756808","0.383795987174137","1"
"Big worries","2005","Baden-Württemberg","Male","301","0.26621879890397","0.241366726939077","0.291070870868862","1"
"Big worries","2005","Baden-Württemberg","Female","401","0.323632270699374","0.298296752437829","0.348967788960919","1"
"Big worries","2005","Rhineland-Palatinate,Saarland","Male","147","0.221745673147049","0.18779076829776","0.255700577996338","1"
"Big worries","2005","Bavaria","Male","311","0.248574254430569","0.225655350216887","0.271493158644251","1"
"Big worries","2005","Bavaria","Female","427","0.288416031129524","0.265708646091432","0.311123416167615","1"
"Big worries","2005","Berlin","Male","117","0.312755885507931","0.264997232880204","0.360514538135659","1"
"Big worries","2005","Berlin","Female","141","0.368218003417526","0.320653203348395","0.415782803486656","1"
"Big worries","2005","Brandenburg","Male","96","0.233808492718572","0.193521581571354","0.274095403865791","1"
"Big worries","2005","Brandenburg","Female","146","0.334800404595703","0.291860796534739","0.377740012656666","1"
"Big worries","2005","Mecklenburg-Western Pomerania","Male","54","0.235442287649605","0.180847463710417","0.290037111588793","1"
"Big worries","2005","Mecklenburg-Western Pomerania","Female","75","0.278573236862553","0.22519929655522","0.331947177169886","1"
"Big worries","2005","Saxony","Male","205","0.282661253066229","0.250413276687738","0.31490922944472","1"
"Big worries","2005","Saxony","Female","232","0.30292331426028","0.270633546513715","0.335213082006845","1"
"Big worries","2005","Saxony-Anhalt","Male","90","0.229050832258197","0.188814360766899","0.269287303749495","1"
"Big worries","2005","Thuringia","Female","143","0.360881234747693","0.316993606683492","0.404768862811894","1"
"Big worries","2005","Saxony-Anhalt","Female","137","0.326145307484422","0.283941890404319","0.368348724564525","1"
"Big worries","2005","Thuringia","Male","127","0.336646942047043","0.291981301359419","0.381312582734666","1"
"No worries","2005","Schleswig-Holstein","Male","140","0.413775138306978","0.358411373900074","0.469138902713882","3"
"No worries","2005","Schleswig-Holstein","Female","135","0.316929312893903","0.267974275965644","0.365884349822162","3"
"No worries","2005","Hamburg","Male","32","0.184856491623506","0.120783806434146","0.248929176812866","3"
"No worries","2005","Hamburg","Female","17","","","","3"
"No worries","2005","Lower Saxony","Male","180","0.227397303828745","0.199416175495211","0.255378432162279","3"
"No worries","2005","Lower Saxony","Female","128","0.1432011973159","0.120688923274219","0.165713471357581","3"
"No worries","2005","Bremen","Male","6","","","","3"
"No worries","2005","Bremen","Female","8","","","","3"
"No worries","2005","North Rhine-Westphalia","Male","380","0.16988775161514","0.153783953538223","0.185991549692058","3"
"No worries","2005","North Rhine-Westphalia","Female","250","0.100290394482477","0.0878452799356858","0.112735509029269","3"
"No worries","2005","Hesse","Male","102","0.151982657585429","0.124552106778625","0.179413208392232","3"
"No worries","2005","Hesse","Female","59","0.0843685617908198","0.0638955313116678","0.104841592269972","3"
"No worries","2005","Rhineland-Palatinate,Saarland","Male","90","0.177194260041754","0.145984699767219","0.208403820316288","3"
"No worries","2005","Rhineland-Palatinate,Saarland","Female","67","0.095785196363699","0.0733158526786529","0.118254540048745","3"
"No worries","2005","Baden-Württemberg","Male","170","0.118950694902125","0.100747670541308","0.137153719262942","3"
"No worries","2005","Baden-Württemberg","Female","116","0.0753426846350436","0.0610496846361264","0.0896356846339607","3"
"No worries","2005","Bavaria","Male","264","0.174130983677518","0.154020785303279","0.194241182051757","3"
"No worries","2005","Bavaria","Female","196","0.126479039683329","0.109818452894661","0.143139626471996","3"
"No worries","2005","Berlin","Male","45","0.143135535355768","0.107059101152022","0.179211969559514","3"
"No worries","2005","Berlin","Female","33","0.075661522672084","0.0495818222920957","0.101741223052072","3"
"No worries","2005","Brandenburg","Male","61","0.112877326068606","0.0827569521506931","0.14299769998652","3"
"No worries","2005","Brandenburg","Female","33","0.0599402062269458","0.03834158858111","0.0815388238727815","3"
"No worries","2005","Mecklenburg-Western Pomerania","Male","39","0.140027403655996","0.0953741691543568","0.184680638157635","3"
"No worries","2005","Mecklenburg-Western Pomerania","Female","31","0.0881265704674618","0.0543757635108767","0.121877377424047","3"
"No worries","2005","Saxony","Male","128","0.181616643689662","0.15400683488709","0.209226452492233","3"
"No worries","2005","Saxony","Female","69","0.0888012467870545","0.0688130147383137","0.108789478835795","3"
"No worries","2005","Saxony-Anhalt","Male","70","0.158718215129449","0.123729724491701","0.193706705767197","3"
"No worries","2005","Saxony-Anhalt","Female","46","0.0908674992032014","0.0649927112149751","0.116742287191428","3"
"No worries","2005","Thuringia","Male","62","0.136587435042837","0.104128936964125","0.169045933121549","3"
"No worries","2005","Thuringia","Female","39","0.0871792154204038","0.0614000761121988","0.112958354728609","3"
"Some worries","2005","North Rhine-Westphalia","Male","1190","0.574406541266664","0.553204092050048","0.595608990483281","2"
"Some worries","2005","North Rhine-Westphalia","Female","1270","0.570903540530711","0.550397732672795","0.591409348388627","2"
"Some worries","2005","Hesse","Female","438","0.605314702592676","0.569310968310416","0.641318436874936","2"
"Some worries","2005","Rhineland-Palatinate,Saarland","Male","338","0.601060066811198","0.561035479594819","0.641084654027576","2"
"Some worries","2005","Hamburg","Male","76","0.570090417291032","0.488375947329899","0.651804887252166","2"
"Some worries","2005","Hamburg","Female","96","0.605424502416112","0.527208157975836","0.683640846856389","2"
"Some worries","2005","Lower Saxony","Male","494","0.537738002576509","0.504454891168219","0.571021113984799","2"
"Some worries","2005","Lower Saxony","Female","537","0.559237888240799","0.527329340547928","0.59114643593367","2"
"Some worries","2005","Bremen","Male","40","0.74056366648971","0.632326998127658","0.848800334851762","2"
"Some worries","2005","Bremen","Female","42","0.393542404427246","0.287802928876314","0.499281879978177","2"
"Some worries","2005","Hesse","Male","418","0.615725474193772","0.578559159244301","0.652891789143242","2"
"Some worries","2005","Rhineland-Palatinate,Saarland","Female","382","0.556773134670829","0.518845342920925","0.594700926420732","2"
"Some worries","2005","Baden-Württemberg","Male","744","0.614830506193905","0.587467513316912","0.642193499070898","2"
"Some worries","2005","Baden-Württemberg","Female","793","0.601025044665582","0.574507607693022","0.627542481638142","2"
"Some worries","2005","Bavaria","Male","791","0.577294761891914","0.551098437204617","0.60349108657921","2"
"Some worries","2005","Schleswig-Holstein","Male","121","0.414880629810866","0.359495252798347","0.470266006823385","2"
"Some worries","2005","Schleswig-Holstein","Female","139","0.435549782634447","0.383380474569245","0.48771909069965","2"
"Some worries","2005","Bavaria","Female","906","0.585104929187148","0.560408716066234","0.609801142308061","2"
"Some worries","2005","Berlin","Male","200","0.544108579136301","0.492802680080531","0.59541447819207","2"
"Some worries","2005","Berlin","Female","221","0.55612047391039","0.507123806458392","0.605117141362389","2"
"Some worries","2005","Saxony","Female","477","0.608275438952666","0.573975066631744","0.642575811273587","2"
"Some worries","2005","Saxony-Anhalt","Male","259","0.612230952612355","0.565577338735959","0.658884566488751","2"
"Some worries","2005","Thuringia","Male","241","0.526765622910121","0.479574455783097","0.573956790037144","2"
"Some worries","2005","Thuringia","Female","278","0.551939549831903","0.506494850111414","0.597384249552392","2"
"Some worries","2005","Brandenburg","Male","267","0.653314181212821","0.608014594062291","0.698613768363351","2"
"Some worries","2005","Brandenburg","Female","285","0.605259389177352","0.560784408019925","0.649734370334778","2"
"Some worries","2005","Mecklenburg-Western Pomerania","Male","139","0.624530308694399","0.562218795028824","0.686841822359974","2"
"Some worries","2005","Mecklenburg-Western Pomerania","Female","165","0.633300192669985","0.575925074034078","0.690675311305892","2"
"Some worries","2005","Saxony","Male","416","0.535722103244109","0.500005843806681","0.571438362681538","2"
"Some worries","2005","Saxony-Anhalt","Female","291","0.582987193312376","0.538599444087232","0.62737494253752","2"
"Big worries","2006","Schleswig-Holstein","Male","63","0.239706372297938","0.192487704286434","0.286925040309441","1"
"Big worries","2006","Schleswig-Holstein","Female","83","0.240394957317934","0.196005515055289","0.284784399580578","1"
"Big worries","2006","Hamburg","Male","44","0.283129404159887","0.209546027028667","0.356712781291107","1"
"Big worries","2006","Hamburg","Female","44","0.229697132557937","0.165122367773408","0.294271897342465","1"
"Big worries","2006","Lower Saxony","Male","204","0.22981860098391","0.203037216562652","0.256599985405167","1"
"Big worries","2006","Lower Saxony","Female","288","0.299784867676196","0.271626452104246","0.327943283248147","1"
"Big worries","2006","Bremen","Male","14","","","","1"
"Big worries","2006","Bremen","Female","21","","","","1"
"Big worries","2006","North Rhine-Westphalia","Male","541","0.257344305361545","0.23890806954894","0.275780541174149","1"
"Big worries","2006","North Rhine-Westphalia","Female","695","0.307344526345408","0.288670066695734","0.326018985995082","1"
"Big worries","2006","Hesse","Male","150","0.208110451785024","0.178080212934697","0.23814069063535","1"
"Big worries","2006","Hesse","Female","205","0.250047278112812","0.219460710974725","0.280633845250899","1"
"Big worries","2006","Rhineland-Palatinate,Saarland","Female","209","0.327974688389604","0.292791676127947","0.363157700651261","1"
"Big worries","2006","Baden-Württemberg","Male","308","0.240139681229865","0.216936825133742","0.263342537325988","1"
"Big worries","2006","Baden-Württemberg","Female","431","0.313411194770094","0.289266840931716","0.337555548608473","1"
"Big worries","2006","Rhineland-Palatinate,Saarland","Male","160","0.269153946141164","0.233516798434228","0.304791093848099","1"
"Big worries","2006","Bavaria","Male","324","0.224317611454396","0.20310185527179","0.245533367637002","1"
"Big worries","2006","Bavaria","Female","473","0.294375726116205","0.272317838431287","0.316433613801122","1"
"Big worries","2006","Berlin","Male","113","0.317140960373237","0.269465022157812","0.364816898588662","1"
"Big worries","2006","Berlin","Female","165","0.370157049185153","0.323868976433953","0.416445121936353","1"
"Big worries","2006","Brandenburg","Male","111","0.239564712303582","0.200129481344534","0.278999943262629","1"
"Big worries","2006","Brandenburg","Female","139","0.275212351703586","0.23558659830282","0.314838105104352","1"
"Big worries","2006","Mecklenburg-Western Pomerania","Male","59","0.259238197767224","0.205766124333494","0.312710271200954","1"
"Big worries","2006","Mecklenburg-Western Pomerania","Female","73","0.252413892575303","0.202674380684677","0.30215340446593","1"
"Big worries","2006","Saxony-Anhalt","Male","103","0.241079814236306","0.200883897420797","0.281275731051816","1"
"Big worries","2006","Saxony","Male","174","0.232284239882936","0.202379239894343","0.262189239871529","1"
"Big worries","2006","Saxony","Female","221","0.272456492993735","0.241871107809834","0.303041878177636","1"
"Big worries","2006","Saxony-Anhalt","Female","122","0.244370993924091","0.205848598872308","0.282893388975874","1"
"Big worries","2006","Thuringia","Male","97","0.195236163285771","0.158694085976396","0.231778240595146","1"
"Big worries","2006","Thuringia","Female","130","0.250089739631932","0.212016267731352","0.288163211532512","1"
"No worries","2006","Schleswig-Holstein","Male","80","0.171413601542569","0.129729081354228","0.213098121730909","3"
"No worries","2006","Schleswig-Holstein","Female","65","0.139137309014154","0.1031862378289","0.175088380199407","3"
"No worries","2006","Hamburg","Male","20","","","","3"
"No worries","2006","Hamburg","Female","19","","","","3"
"No worries","2006","Lower Saxony","Male","156","0.184925751462527","0.160211856043022","0.209639646882032","3"
"No worries","2006","Lower Saxony","Female","116","0.11199303652562","0.0926113613729683","0.131374711678272","3"
"No worries","2006","Bremen","Male","9","","","","3"
"No worries","2006","Bremen","Female","12","","","","3"
"No worries","2006","North Rhine-Westphalia","Male","364","0.16256787001107","0.147007734208435","0.178128005813706","3"
"No worries","2006","North Rhine-Westphalia","Female","248","0.0991221608941656","0.0870274636930359","0.111216858095295","3"
"No worries","2006","Hesse","Male","111","0.164967272274762","0.137511720237974","0.19242282431155","3"
"No worries","2006","Hesse","Female","74","0.113790578490502","0.0913608476260998","0.136220309354904","3"
"No worries","2006","Rhineland-Palatinate,Saarland","Male","88","0.167812569367374","0.137785535931683","0.197839602803065","3"
"No worries","2006","Rhineland-Palatinate,Saarland","Female","64","0.105365249999166","0.0823565743047685","0.128373925693563","3"
"No worries","2006","Baden-Württemberg","Male","198","0.1441075133483","0.125031152979677","0.163183873716923","3"
"No worries","2006","Baden-Württemberg","Female","143","0.107292079392537","0.0911838242164134","0.12340033456866","3"
"No worries","2006","Bavaria","Male","274","0.205714190351521","0.185155029167368","0.226273351535673","3"
"No worries","2006","Bavaria","Female","188","0.127904137059025","0.111740072508247","0.144068201609803","3"
"No worries","2006","Berlin","Male","53","0.171364411982063","0.132758869765629","0.209969954198497","3"
"No worries","2006","Berlin","Female","29","","","","3"
"No worries","2006","Brandenburg","Female","41","0.0920103724857513","0.0663657081978887","0.117655036773614","3"
"No worries","2006","Brandenburg","Male","80","0.159212278063905","0.125407873324107","0.193016682803704","3"
"No worries","2006","Mecklenburg-Western Pomerania","Male","38","0.134023025563595","0.0924529207700856","0.175593130357104","3"
"No worries","2006","Mecklenburg-Western Pomerania","Female","36","0.125673015548935","0.0877177320124296","0.163628299085441","3"
"No worries","2006","Saxony","Male","129","0.19011994295283","0.162331904175408","0.217907981730252","3"
"No worries","2006","Saxony","Female","95","0.132957997525066","0.109633452033472","0.15628254301666","3"
"No worries","2006","Saxony-Anhalt","Male","79","0.171590508936715","0.136160388657155","0.207020629216274","3"
"No worries","2006","Saxony-Anhalt","Female","54","0.108949485649208","0.0810177516516634","0.136881219646752","3"
"No worries","2006","Thuringia","Male","75","0.1678552383368","0.133400753165125","0.202309723508475","3"
"No worries","2006","Thuringia","Female","62","0.13647082489731","0.106290194102848","0.166651455691773","3"
"Some worries","2006","North Rhine-Westphalia","Male","1255","0.580087824627385","0.559274218866069","0.600901430388701","2"
"Some worries","2006","Hesse","Female","491","0.636162143396686","0.602180797063031","0.670143489730341","2"
"Some worries","2006","Rhineland-Palatinate,Saarland","Male","347","0.563033484491462","0.523178669329133","0.602888299653791","2"
"Some worries","2006","Rhineland-Palatinate,Saarland","Female","411","0.56666006161123","0.529524012193947","0.603796111028513","2"
"Some worries","2006","Baden-Württemberg","Male","796","0.615752805421835","0.589331689824669","0.642173921019001","2"
"Some worries","2006","Baden-Württemberg","Female","844","0.579296725837369","0.553601735510569","0.604991716164169","2"
"Some worries","2006","Hamburg","Male","80","0.536596979104691","0.455150861520193","0.618043096689188","2"
"Some worries","2006","Hamburg","Female","100","0.653527468808105","0.580477402169751","0.72657753544646","2"
"Some worries","2006","Lower Saxony","Female","613","0.588222095798183","0.557974573811017","0.61846961778535","2"
"Some worries","2006","Bremen","Male","40","0.682478457426474","0.567528480653562","0.797428434199385","2"
"Some worries","2006","Bremen","Female","49","0.557486346012071","0.449983089503076","0.664989602521065","2"
"Some worries","2006","North Rhine-Westphalia","Female","1402","0.593533312760427","0.573653527169345","0.613413098351508","2"
"Some worries","2006","Hesse","Male","441","0.626922275940214","0.591146748517481","0.662697803362947","2"
"Some worries","2006","Bavaria","Male","887","0.569968198194084","0.544787923510514","0.595148472877654","2"
"Some worries","2006","Bavaria","Female","979","0.57772013682477","0.553815337304655","0.601624936344886","2"
"Some worries","2006","Berlin","Male","200","0.5114946276447","0.460283686329554","0.562705568959846","2"
"Some worries","2006","Schleswig-Holstein","Male","171","0.588880026159494","0.534457215449377","0.64330283686961","2"
"Some worries","2006","Schleswig-Holstein","Female","208","0.620467733667912","0.570058854070931","0.670876613264894","2"
"Some worries","2006","Lower Saxony","Male","588","0.585255647553563","0.553893415099821","0.616617880007305","2"
"Some worries","2006","Berlin","Female","224","0.551234191059896","0.503554009073161","0.598914373046631","2"
"Some worries","2006","Brandenburg","Male","259","0.601223009632513","0.55598279294017","0.646463226324857","2"
"Some worries","2006","Brandenburg","Female","308","0.632777275810662","0.590008345207786","0.675546206413539","2"
"Some worries","2006","Mecklenburg-Western Pomerania","Male","161","0.606738776669181","0.547134190539038","0.666343362799325","2"
"Some worries","2006","Saxony","Female","498","0.594585509481199","0.560857346894249","0.628313672068149","2"
"Some worries","2006","Thuringia","Male","280","0.636908598377429","0.592575772833971","0.681241423920888","2"
"Some worries","2006","Thuringia","Female","305","0.613439435470758","0.57062753413896","0.656251336802556","2"
"Some worries","2006","Mecklenburg-Western Pomerania","Female","184","0.621913091875761","0.566389832799586","0.677436350951936","2"
"Some worries","2006","Saxony","Male","463","0.577595817164234","0.542616620515363","0.612575013813106","2"
"Some worries","2006","Saxony-Anhalt","Male","253","0.587329676826979","0.54106537055148","0.633593983102478","2"
"Some worries","2006","Saxony-Anhalt","Female","302","0.646679520426701","0.603828309201858","0.689530731651544","2"
"Big worries","2007","Schleswig-Holstein","Male","76","0.28836129579889","0.236224137518309","0.340498454079472","1"
"Big worries","2007","Schleswig-Holstein","Female","104","0.326256085771787","0.27504701520306","0.377465156340514","1"
"Big worries","2007","Hamburg","Male","44","0.253619755837777","0.18049738825552","0.326742123420035","1"
"Big worries","2007","Hamburg","Female","65","0.401302211358133","0.325352224481182","0.477252198235083","1"
"Big worries","2007","Lower Saxony","Male","273","0.31592143206434","0.285345187392928","0.346497676735752","1"
"Big worries","2007","Lower Saxony","Female","342","0.384007630405856","0.353014880189395","0.415000380622318","1"
"Big worries","2007","Bremen","Male","25","","","","1"
"Big worries","2007","Bremen","Female","34","0.446432610708195","0.338172420426425","0.554692800989965","1"
"Big worries","2007","North Rhine-Westphalia","Male","699","0.365946193280116","0.344803651957217","0.387088734603015","1"
"Big worries","2007","North Rhine-Westphalia","Female","886","0.416733642370239","0.396141469363222","0.437325815377256","1"
"Big worries","2007","Hesse","Male","234","0.374466547190421","0.337819205883122","0.41111388849772","1"
"Big worries","2007","Hesse","Female","275","0.363309045131319","0.328202919398321","0.398415170864317","1"
"Big worries","2007","Rhineland-Palatinate,Saarland","Female","251","0.424682938529421","0.386085023125031","0.463280853933812","1"
"Big worries","2007","Baden-Württemberg","Male","420","0.374483510443347","0.346950198032036","0.402016822854658","1"
"Big worries","2007","Baden-Württemberg","Female","550","0.424282441186022","0.397353875621942","0.451211006750101","1"
"Big worries","2007","Berlin","Male","122","0.34375600302663","0.293564906123634","0.393947099929626","1"
"Big worries","2007","Berlin","Female","191","0.46824600375123","0.420063218188861","0.516428789313598","1"
"Big worries","2007","Rhineland-Palatinate,Saarland","Male","194","0.354601507550815","0.314252256934009","0.394950758167621","1"
"Big worries","2007","Bavaria","Male","443","0.325547154386388","0.300931509340206","0.35016279943257","1"
"Big worries","2007","Bavaria","Female","581","0.370184145320908","0.346161660130974","0.394206630510843","1"
"Big worries","2007","Brandenburg","Male","136","0.335816187251464","0.29026832255309","0.381364051949838","1"
"Big worries","2007","Brandenburg","Female","192","0.430922502193636","0.385320460940149","0.476524543447122","1"
"Big worries","2007","Mecklenburg-Western Pomerania","Male","67","0.295927184822986","0.2376909472624","0.354163422383572","1"
"Big worries","2007","Mecklenburg-Western Pomerania","Female","98","0.365250300963359","0.308237897135459","0.422262704791259","1"
"Big worries","2007","Saxony","Male","229","0.316648054177238","0.2832005040222","0.350095604332275","1"
"Big worries","2007","Saxony","Female","271","0.337813507788996","0.30423207130068","0.371394944277313","1"
"Big worries","2007","Saxony-Anhalt","Male","132","0.307440913343403","0.263467806194399","0.351414020492406","1"
"Big worries","2007","Saxony-Anhalt","Female","161","0.350304043296454","0.30627517961469","0.394332906978219","1"
"Big worries","2007","Thuringia","Male","148","0.354159976135693","0.309421823332582","0.398898128938805","1"
"Big worries","2007","Thuringia","Female","180","0.421417538288487","0.376776108336584","0.46605896824039","1"
"No worries","2007","Schleswig-Holstein","Male","63","0.146453282233124","0.105760976853645","0.187145587612604","3"
"No worries","2007","Schleswig-Holstein","Female","62","0.187492533669345","0.144861503795857","0.230123563542832","3"
"No worries","2007","Hamburg","Male","23","","","","3"
"No worries","2007","Hamburg","Female","4","","","","3"
"No worries","2007","Lower Saxony","Male","114","0.151517139356663","0.127934412207814","0.175099866505511","3"
"No worries","2007","Lower Saxony","Female","82","0.0964129748057693","0.0776044273382345","0.115221522273304","3"
"No worries","2007","Bremen","Male","8","","","","3"
"No worries","2007","Bremen","Female","8","","","","3"
"No worries","2007","North Rhine-Westphalia","Male","267","0.132951111936432","0.118048812217517","0.147853411655347","3"
"No worries","2007","North Rhine-Westphalia","Female","171","0.0705073125622603","0.059814806548718","0.0811998185758025","3"
"No worries","2007","Hesse","Male","64","0.096372619094002","0.0740275237738931","0.118717714414111","3"
"No worries","2007","Hesse","Female","37","0.0515870368413767","0.0354416115002525","0.0677324621825008","3"
"No worries","2007","Rhineland-Palatinate,Saarland","Male","49","0.101210039889862","0.075771503799818","0.126648575979906","3"
"No worries","2007","Rhineland-Palatinate,Saarland","Female","45","0.0661891737312217","0.0467758119295361","0.0856025355329073","3"
"No worries","2007","Baden-Württemberg","Male","151","0.126189380420579","0.107298909056551","0.145079851784607","3"
"No worries","2007","Baden-Württemberg","Female","124","0.102947947745061","0.0863903006616447","0.119505594828478","3"
"No worries","2007","Bavaria","Male","197","0.149355211793085","0.130630601523605","0.168079822062564","3"
"No worries","2007","Bavaria","Female","148","0.0968408135868621","0.0821273947095787","0.111554232464145","3"
"No worries","2007","Berlin","Male","58","0.194517331224638","0.152688462306843","0.236346200142433","3"
"No worries","2007","Berlin","Female","38","0.0815986050488304","0.0551649561303546","0.108032253967306","3"
"No worries","2007","Brandenburg","Male","54","0.138766444751803","0.105425663878135","0.172107225625471","3"
"No worries","2007","Brandenburg","Female","37","0.0775320848913185","0.0529048668139659","0.102159302968671","3"
"No worries","2007","Mecklenburg-Western Pomerania","Male","32","0.12151353060643","0.0798292848461356","0.163197776366725","3"
"No worries","2007","Mecklenburg-Western Pomerania","Female","22","","","","3"
"No worries","2007","Saxony","Male","110","0.166040357235921","0.139283627558383","0.192797086913459","3"
"No worries","2007","Saxony","Female","76","0.101291074365488","0.0798687928774007","0.122713355853575","3"
"No worries","2007","Saxony-Anhalt","Male","51","0.120415600541983","0.0894015818496952","0.151429619234272","3"
"No worries","2007","Saxony-Anhalt","Female","40","0.098238996535268","0.0707697021214406","0.125708290949095","3"
"No worries","2007","Thuringia","Male","63","0.156450459536729","0.122467629058356","0.190433290015101","3"
"No worries","2007","Thuringia","Female","50","0.125663471188543","0.0956964896970873","0.155630452679999","3"
"Some worries","2007","North Rhine-Westphalia","Male","1028","0.501102694783452","0.479156740901734","0.523048648665169","2"
"Some worries","2007","Hesse","Female","409","0.585103918027304","0.549140030679923","0.621067805374686","2"
"Some worries","2007","Rhineland-Palatinate,Saarland","Male","297","0.544188452559323","0.502181755597916","0.586195149520729","2"
"Some worries","2007","Rhineland-Palatinate,Saarland","Female","334","0.509127887739357","0.47009097722005","0.548164798258664","2"
"Some worries","2007","Baden-Württemberg","Male","616","0.499327109136074","0.470882999587495","0.527771218684652","2"
"Some worries","2007","Baden-Württemberg","Female","620","0.472769611068917","0.445567290982589","0.499971931155245","2"
"Some worries","2007","Berlin","Male","164","0.461726665748732","0.409044601828437","0.514408729669027","2"
"Some worries","2007","Hamburg","Male","69","0.553906966946926","0.470364023809818","0.637449910084034","2"
"Some worries","2007","Hamburg","Female","91","0.562427281914022","0.485559135703959","0.639295428124085","2"
"Some worries","2007","Lower Saxony","Female","522","0.519579394788375","0.487741870031835","0.551416919544914","2"
"Some worries","2007","Bremen","Male","33","0.502884757361274","0.382259320497543","0.623510194225005","2"
"Some worries","2007","Bremen","Female","39","0.497067356861004","0.388182341787775","0.605952371934234","2"
"Some worries","2007","North Rhine-Westphalia","Female","1145","0.512759045067501","0.49188204985722","0.533636040277782","2"
"Some worries","2007","Hesse","Male","372","0.529160833715577","0.491365270040764","0.566956397390391","2"
"Some worries","2007","Bavaria","Male","752","0.525097633820528","0.498864470035584","0.551330797605471","2"
"Some worries","2007","Bavaria","Female","823","0.532975041092229","0.508153673067076","0.557796409117383","2"
"Some worries","2007","Berlin","Female","183","0.45015539119994","0.402115645866683","0.498195136533196","2"
"Some worries","2007","Brandenburg","Female","224","0.491545412915046","0.445508425253341","0.537582400576751","2"
"Some worries","2007","Mecklenburg-Western Pomerania","Male","137","0.582559284570584","0.519643508693336","0.645475060447832","2"
"Some worries","2007","Thuringia","Male","228","0.489389564327578","0.442628108211791","0.536151020443364","2"
"Some worries","2007","Thuringia","Female","240","0.45291899052297","0.407916634907572","0.497921346138368","2"
"Some worries","2007","Schleswig-Holstein","Male","151","0.565185421967985","0.508130040168259","0.622240803767712","2"
"Some worries","2007","Schleswig-Holstein","Female","156","0.486251380558869","0.431659769276903","0.540842991840835","2"
"Some worries","2007","Lower Saxony","Male","501","0.532561428578998","0.499745194897808","0.565377662260187","2"
"Some worries","2007","Brandenburg","Male","223","0.525417367996733","0.477257953559903","0.573576782433564","2"
"Some worries","2007","Mecklenburg-Western Pomerania","Female","154","0.565701789871723","0.507012263358998","0.624391316384448","2"
"Some worries","2007","Saxony","Male","404","0.517311588586841","0.481381091634438","0.553242085539244","2"
"Some worries","2007","Saxony","Female","415","0.560895417845515","0.525658692936054","0.596132142754976","2"
"Some worries","2007","Saxony-Anhalt","Male","240","0.572143486114614","0.524993728943846","0.619293243285382","2"
"Some worries","2007","Saxony-Anhalt","Female","250","0.551456960168278","0.505556431003957","0.597357489332599","2"
"Big worries","2008","Schleswig-Holstein","Male","57","0.241407958009574","0.189491175481453","0.293324740537695","1"
"Big worries","2008","Schleswig-Holstein","Female","62","0.248265811755111","0.198884225578421","0.2976473979318","1"
"Big worries","2008","Hamburg","Male","29","","","","1"
"Big worries","2008","Hamburg","Female","50","0.258679400453789","0.188833073209836","0.328525727697741","1"
"Big worries","2008","Lower Saxony","Male","203","0.252898049258211","0.223520689073155","0.282275409443267","1"
"Big worries","2008","Lower Saxony","Female","246","0.293100390262068","0.263477221223529","0.322723559300608","1"
"Big worries","2008","Bremen","Male","18","","","","1"
"Big worries","2008","Bremen","Female","20","","","","1"
"Big worries","2008","North Rhine-Westphalia","Male","460","0.259119435915619","0.239228774135764","0.279010097695475","1"
"Big worries","2008","North Rhine-Westphalia","Female","612","0.319099657100788","0.299029158541053","0.339170155660523","1"
"Big worries","2008","Hesse","Male","163","0.260940196461706","0.226675751988408","0.295204640935005","1"
"Big worries","2008","Hesse","Female","208","0.323473307563539","0.28841574376829","0.358530871358789","1"
"Big worries","2008","Rhineland-Palatinate,Saarland","Female","186","0.328390079546035","0.290812739784544","0.365967419307525","1"
"Big worries","2008","Baden-Württemberg","Male","287","0.23676172972553","0.212085347607615","0.261438111843444","1"
"Big worries","2008","Baden-Württemberg","Female","420","0.362931869916092","0.336037931838189","0.389825807993995","1"
"Big worries","2008","Berlin","Male","100","0.324669710595599","0.274072200771853","0.375267220419345","1"
"Big worries","2008","Berlin","Female","160","0.390093551245464","0.341807570637051","0.438379531853877","1"
"Big worries","2008","Rhineland-Palatinate,Saarland","Male","133","0.288637868142272","0.248719983669643","0.328555752614901","1"
"Big worries","2008","Bavaria","Male","355","0.274071858645545","0.249936141235773","0.298207576055317","1"
"Big worries","2008","Bavaria","Female","446","0.31960924427035","0.295540450314138","0.343678038226563","1"
"Big worries","2008","Mecklenburg-Western Pomerania","Female","58","0.21944857366429","0.168848788676799","0.270048358651782","1"
"Big worries","2008","Brandenburg","Male","103","0.2573313106257","0.214110223225704","0.300552398025696","1"
"Big worries","2008","Brandenburg","Female","118","0.308255165476564","0.264760871384544","0.351749459568584","1"
"Big worries","2008","Mecklenburg-Western Pomerania","Male","42","0.19352096188015","0.142903459589678","0.244138464170622","1"
"Big worries","2008","Saxony","Female","176","0.239516451469014","0.2085140748726","0.270518828065429","1"
"Big worries","2008","Saxony-Anhalt","Male","99","0.286336666525089","0.24186964792658","0.330803685123598","1"
"Big worries","2008","Saxony-Anhalt","Female","110","0.320436777273077","0.275861592266924","0.36501196227923","1"
"Big worries","2008","Thuringia","Male","99","0.227322990365278","0.187571370665437","0.267074610065119","1"
"Big worries","2008","Saxony","Male","158","0.231974905051775","0.200750962220391","0.263198847883158","1"
"Big worries","2008","Thuringia","Female","126","0.280642879093824","0.239357937002885","0.321927821184763","1"
"No worries","2008","Schleswig-Holstein","Male","69","0.186180056309845","0.138956511907052","0.233403600712637","3"
"No worries","2008","Schleswig-Holstein","Female","56","0.154787623793799","0.113442388646239","0.196132858941359","3"
"No worries","2008","Hamburg","Male","33","0.293537724793568","0.215852652344682","0.371222797242455","3"
"No worries","2008","Hamburg","Female","15","","","","3"
"No worries","2008","Lower Saxony","Male","155","0.22577654341075","0.197519763724291","0.254033323097209","3"
"No worries","2008","Lower Saxony","Female","102","0.110808253500855","0.0903801422729732","0.131236364728738","3"
"No worries","2008","Bremen","Male","10","","","","3"
"No worries","2008","Bremen","Female","7","","","","3"
"No worries","2008","North Rhine-Westphalia","Male","340","0.178223473653883","0.16085008821433","0.195596859093435","3"
"No worries","2008","North Rhine-Westphalia","Female","229","0.102347348281866","0.0892962917138595","0.115398404849873","3"
"No worries","2008","Hesse","Male","89","0.143494247331435","0.116140565011328","0.170847929651542","3"
"No worries","2008","Hesse","Female","49","0.0639921951410383","0.0456511838055021","0.0823332064765745","3"
"No worries","2008","Rhineland-Palatinate,Saarland","Male","62","0.155043330840687","0.123158122755662","0.186928538925712","3"
"No worries","2008","Rhineland-Palatinate,Saarland","Female","61","0.0958883992859608","0.0723288747740437","0.119447923797878","3"
"No worries","2008","Baden-Württemberg","Male","184","0.173970467042937","0.151964968227934","0.19597596585794","3"
"No worries","2008","Baden-Württemberg","Female","133","0.107674867948875","0.090338119649961","0.12501161624779","3"
"No worries","2008","Bavaria","Male","173","0.142398011454964","0.123488686489654","0.161307336420274","3"
"No worries","2008","Bavaria","Female","147","0.118547088680949","0.10186269358878","0.135231483773118","3"
"No worries","2008","Berlin","Male","50","0.146527800864716","0.108315354040154","0.184740247689277","3"
"No worries","2008","Berlin","Female","41","0.0840669561457445","0.0565975302661798","0.111536382025309","3"
"No worries","2008","Brandenburg","Male","66","0.216789883440756","0.176050873906117","0.257528892975396","3"
"No worries","2008","Brandenburg","Female","49","0.121331397521067","0.0905772780736889","0.152085516968445","3"
"No worries","2008","Mecklenburg-Western Pomerania","Male","33","0.115061843891066","0.0741770052978472","0.155946682484285","3"
"No worries","2008","Mecklenburg-Western Pomerania","Female","24","","","","3"
"No worries","2008","Saxony","Male","135","0.185411648650302","0.156663019512153","0.214160277788452","3"
"No worries","2008","Saxony","Female","85","0.0997638766283502","0.0779944356163493","0.121533317640351","3"
"No worries","2008","Saxony-Anhalt","Male","62","0.144087768739016","0.109543101622436","0.178632435855597","3"
"No worries","2008","Saxony-Anhalt","Female","56","0.133280962922766","0.100814851721105","0.165747074124426","3"
"No worries","2008","Thuringia","Male","63","0.189878826978665","0.152678443655659","0.227079210301671","3"
"No worries","2008","Thuringia","Female","48","0.124435991969587","0.0941069040455461","0.154765079893628","3"
"Some worries","2008","North Rhine-Westphalia","Male","1064","0.562657090430498","0.540137624842528","0.585176556018468","2"
"Some worries","2008","Hesse","Female","427","0.612534497295423","0.576025337577643","0.649043657013203","2"
"Some worries","2008","Rhineland-Palatinate,Saarland","Male","300","0.556318801017041","0.51255219463662","0.600085407397461","2"
"Some worries","2008","Rhineland-Palatinate,Saarland","Female","353","0.575721521168004","0.536175372063592","0.615267670272417","2"
"Some worries","2008","Baden-Württemberg","Male","669","0.589267803231533","0.560709566088387","0.61782604037468","2"
"Some worries","2008","Baden-Württemberg","Female","675","0.529393262135032","0.501476362655747","0.557310161614318","2"
"Some worries","2008","Berlin","Male","179","0.528802488539685","0.47486404859486","0.582740928484511","2"
"Some worries","2008","Hamburg","Male","70","0.514767917627763","0.4295086465565","0.600027188699027","2"
"Some worries","2008","Hamburg","Female","86","0.648232013489656","0.572067440526247","0.724396586453066","2"
"Some worries","2008","Lower Saxony","Female","559","0.596091356237076","0.564158156805813","0.62802455566834","2"
"Some worries","2008","Bremen","Male","35","0.483439495669006","0.360041109741117","0.606837881596894","2"
"Some worries","2008","Bremen","Female","47","0.634428777417576","0.524702746772439","0.744154808062712","2"
"Some worries","2008","North Rhine-Westphalia","Female","1231","0.578552994617346","0.557291378405144","0.599814610829548","2"
"Some worries","2008","Hesse","Male","379","0.595565556206859","0.557272302816465","0.633858809597252","2"
"Some worries","2008","Bavaria","Male","784","0.583530129899491","0.556855118736137","0.610205141062845","2"
"Some worries","2008","Bavaria","Female","849","0.561843667048701","0.536234954081025","0.587452380016377","2"
"Some worries","2008","Berlin","Female","191","0.525839492608792","0.476409067314892","0.575269917902692","2"
"Some worries","2008","Brandenburg","Female","266","0.570413437002369","0.523787844802965","0.617039029201773","2"
"Some worries","2008","Mecklenburg-Western Pomerania","Male","159","0.691417194228784","0.632234311981155","0.750600076476414","2"
"Some worries","2008","Thuringia","Male","265","0.582798182656057","0.53602829316972","0.629568072142394","2"
"Some worries","2008","Thuringia","Female","281","0.594921128936589","0.549814342779921","0.640027915093257","2"
"Some worries","2008","Schleswig-Holstein","Male","135","0.572411985680581","0.512392128414784","0.632431842946379","2"
"Some worries","2008","Schleswig-Holstein","Female","176","0.59694656445109","0.540877479555265","0.653015649346916","2"
"Some worries","2008","Lower Saxony","Male","483","0.521325407331039","0.487563674646651","0.555087140015427","2"
"Some worries","2008","Brandenburg","Male","224","0.525878805933544","0.476511510565664","0.575246101301423","2"
"Some worries","2008","Mecklenburg-Western Pomerania","Female","175","0.66781238655314","0.610228565241912","0.725396207864369","2"
"Some worries","2008","Saxony","Male","409","0.582613446297923","0.546134774783833","0.619092117812013","2"
"Some worries","2008","Saxony","Female","467","0.660719671902636","0.626326648136848","0.695112695668424","2"
"Some worries","2008","Saxony-Anhalt","Male","236","0.569575564735895","0.520870180759926","0.618280948711864","2"
"Some worries","2008","Saxony-Anhalt","Female","255","0.546282259804157","0.498725914484922","0.593838605123392","2"
"Big worries","2009","Schleswig-Holstein","Male","54","0.252556026073999","0.198262415000026","0.306849637147972","1"
"Big worries","2009","Schleswig-Holstein","Female","58","0.226626930529857","0.176126345604544","0.27712751545517","1"
"Big worries","2009","Hamburg","Male","34","0.215937675906393","0.143804909446713","0.288070442366074","1"
"Big worries","2009","Hamburg","Female","47","0.281112909313298","0.207688986749111","0.354536831877485","1"
"Big worries","2009","Lower Saxony","Male","178","0.23475572064004","0.205237264590958","0.264274176689123","1"
"Big worries","2009","Lower Saxony","Female","214","0.239608924425043","0.210879947184895","0.268337901665191","1"
"Big worries","2009","Bremen","Male","19","","","","1"
"Big worries","2009","Bremen","Female","18","","","","1"
"Big worries","2009","North Rhine-Westphalia","Male","428","0.255634365352128","0.235132136565605","0.276136594138651","1"
"Big worries","2009","North Rhine-Westphalia","Female","537","0.287384790177726","0.26699339418907","0.307776186166382","1"
"Big worries","2009","Hesse","Male","147","0.260825453807618","0.225244413189704","0.296406494425532","1"
"Big worries","2009","Hesse","Female","191","0.321182689969225","0.284808045617086","0.357557334321364","1"
"Big worries","2009","Berlin","Female","148","0.40535767128303","0.355059214941365","0.455656127624696","1"
"Big worries","2009","Baden-Württemberg","Male","245","0.242048236799733","0.215619630989293","0.268476842610173","1"
"Big worries","2009","Baden-Württemberg","Female","341","0.295439208411008","0.268489893290083","0.322388523531932","1"
"Big worries","2009","Bavaria","Male","287","0.229645837523204","0.206235280127458","0.253056394918951","1"
"Big worries","2009","Bavaria","Female","385","0.273253952491551","0.249665256725215","0.296842648257886","1"
"Big worries","2009","Berlin","Male","94","0.282268064220344","0.232797536990491","0.331738591450197","1"
"Big worries","2009","Rhineland-Palatinate,Saarland","Male","114","0.232063710090067","0.193611278627962","0.270516141552173","1"
"Big worries","2009","Rhineland-Palatinate,Saarland","Female","174","0.329855358512282","0.290949705705071","0.368761011319493","1"
"Big worries","2009","Brandenburg","Male","78","0.219053332584557","0.177576839399244","0.260529825769869","1"
"Big worries","2009","Brandenburg","Female","104","0.25301019040623","0.210980757962619","0.295039622849842","1"
"Big worries","2009","Mecklenburg-Western Pomerania","Male","50","0.204600741020506","0.151889526352213","0.2573119556888","1"
"Big worries","2009","Mecklenburg-Western Pomerania","Female","63","0.274194245006979","0.219005489412475","0.329383000601483","1"
"Big worries","2009","Saxony","Male","162","0.257165844340555","0.224217976236095","0.290113712445015","1"
"Big worries","2009","Saxony","Female","167","0.261071245467696","0.228417237626177","0.293725253309216","1"
"Big worries","2009","Saxony-Anhalt","Male","79","0.235542733938359","0.192246873978393","0.278838593898324","1"
"Big worries","2009","Saxony-Anhalt","Female","97","0.231017013726026","0.189712411540333","0.272321615911718","1"
"Big worries","2009","Thuringia","Male","101","0.283838999254748","0.239206991416523","0.328471007092974","1"
"Big worries","2009","Thuringia","Female","114","0.286713840235194","0.244019954499393","0.329407725970994","1"
"No worries","2009","Schleswig-Holstein","Male","68","0.211274831420757","0.160263428326505","0.262286234515009","3"
"No worries","2009","Schleswig-Holstein","Female","52","0.163158513331354","0.118585438092699","0.20773158857001","3"
"No worries","2009","Hamburg","Male","16","","","","3"
"No worries","2009","Hamburg","Female","10","","","","3"
"No worries","2009","Lower Saxony","Male","141","0.212243279181925","0.183765997424067","0.240720560939783","3"
"No worries","2009","Lower Saxony","Female","89","0.1018652585224","0.0815073124895152","0.122223204555286","3"
"No worries","2009","Bremen","Male","10","","","","3"
"No worries","2009","Bremen","Female","11","","","","3"
"No worries","2009","North Rhine-Westphalia","Male","283","0.17499370605988","0.157135487026934","0.192851925092826","3"
"No worries","2009","North Rhine-Westphalia","Female","212","0.117477139845989","0.102968483665447","0.131985796026532","3"
"No worries","2009","Hesse","Male","98","0.155631544706279","0.126256064686561","0.185007024725998","3"
"No worries","2009","Hesse","Female","54","0.0871224273497649","0.065153063160718","0.109091791538812","3"
"No worries","2009","Rhineland-Palatinate,Saarland","Male","70","0.184969209719997","0.14960252719172","0.220335892248274","3"
"No worries","2009","Rhineland-Palatinate,Saarland","Female","57","0.113196347474669","0.0869785258845187","0.13941416906482","3"
"No worries","2009","Baden-Württemberg","Male","165","0.156208516625569","0.133807257443263","0.178609775807874","3"
"No worries","2009","Baden-Württemberg","Female","109","0.099883172499772","0.0821718889509425","0.117594456048601","3"
"No worries","2009","Bavaria","Male","189","0.159732614983509","0.139341414124681","0.180123815842337","3"
"No worries","2009","Bavaria","Female","139","0.104078729752104","0.087914862358056","0.120242597146153","3"
"No worries","2009","Berlin","Male","44","0.115346389728173","0.080237009663081","0.150455769793265","3"
"No worries","2009","Berlin","Female","29","","","","3"
"No worries","2009","Brandenburg","Male","62","0.178026305942708","0.139665523298865","0.21638708858655","3"
"No worries","2009","Brandenburg","Female","36","0.0885625190314279","0.0610952423284893","0.116029795734366","3"
"No worries","2009","Mecklenburg-Western Pomerania","Male","46","0.202660758330425","0.15013610036147","0.255185416299381","3"
"No worries","2009","Mecklenburg-Western Pomerania","Female","38","0.118572440684901","0.0785782951465765","0.158566586223226","3"
"No worries","2009","Saxony","Male","147","0.214102146691375","0.183180094761487","0.245024198621263","3"
"No worries","2009","Saxony","Female","100","0.151826770208366","0.12514761055364","0.178505929863092","3"
"No worries","2009","Saxony-Anhalt","Male","60","0.148055003671778","0.111818004094816","0.18429200324874","3"
"No worries","2009","Saxony-Anhalt","Female","42","0.105823892403606","0.0756784617961737","0.135969323011038","3"
"No worries","2009","Thuringia","Male","56","0.176413970415374","0.138680562523237","0.214147378307511","3"
"No worries","2009","Thuringia","Female","49","0.116633270444643","0.0863298813714661","0.14693665951782","3"
"Some worries","2009","Hesse","Female","388","0.59169488268101","0.553404689791245","0.629985075570775","2"
"Some worries","2009","Rhineland-Palatinate,Saarland","Male","279","0.582967080189935","0.538054833533592","0.627879326846279","2"
"Some worries","2009","Baden-Württemberg","Male","599","0.601743246574698","0.571537491618961","0.631949001530435","2"
"Some worries","2009","Baden-Württemberg","Female","651","0.60467761908922","0.575797958829532","0.633557279348909","2"
"Some worries","2009","Hamburg","Male","75","0.635745013721066","0.551384868519248","0.720105158922883","2"
"Some worries","2009","Lower Saxony","Female","545","0.658525817052556","0.626609299044815","0.690442335060297","2"
"Some worries","2009","Bremen","Male","26","","","","2"
"Some worries","2009","Bremen","Female","34","0.669422028658231","0.553259844002614","0.785584213313849","2"
"Some worries","2009","North Rhine-Westphalia","Male","1028","0.569371928587992","0.546099189844157","0.592644667331827","2"
"Some worries","2009","North Rhine-Westphalia","Female","1143","0.595138069976284","0.573019865856872","0.617256274095697","2"
"Some worries","2009","Hesse","Male","340","0.583543001486103","0.543595311323886","0.623490691648319","2"
"Some worries","2009","Rhineland-Palatinate,Saarland","Female","330","0.556948294013048","0.515842664275864","0.598053923750233","2"
"Some worries","2009","Bavaria","Male","764","0.610621547493286","0.583481583409175","0.637761511577397","2"
"Some worries","2009","Bavaria","Female","847","0.622667317756345","0.597009506228808","0.648325129283882","2"
"Some worries","2009","Berlin","Male","180","0.602385546051483","0.548595380117208","0.656175711985757","2"
"Some worries","2009","Berlin","Female","189","0.522286934014347","0.471113367151415","0.57346050087728","2"
"Some worries","2009","Schleswig-Holstein","Male","124","0.536169142505244","0.473851464293489","0.598486820716999","2"
"Some worries","2009","Schleswig-Holstein","Female","154","0.610214556138789","0.551384370668931","0.669044741608646","2"
"Some worries","2009","Hamburg","Female","87","0.676678754071892","0.600281941851594","0.753075566292189","2"
"Some worries","2009","Lower Saxony","Male","473","0.553001000178035","0.518375047248814","0.587626953107256","2"
"Some worries","2009","Brandenburg","Male","242","0.602920361472736","0.55385384861288","0.651986874332591","2"
"Some worries","2009","Brandenburg","Female","271","0.658427290562342","0.612579050012707","0.704275531111976","2"
"Some worries","2009","Mecklenburg-Western Pomerania","Male","129","0.592738500649068","0.528539971437848","0.656937029860288","2"
"Some worries","2009","Thuringia","Male","235","0.539747030329878","0.490407104993114","0.589086955666642","2"
"Some worries","2009","Thuringia","Female","268","0.596652889320163","0.550339154452988","0.642966624187339","2"
"Some worries","2009","Mecklenburg-Western Pomerania","Female","150","0.607233314308119","0.546816705129679","0.66764992348656","2"
"Some worries","2009","Saxony","Male","367","0.52873200896807","0.491102676332025","0.566361341604114","2"
"Some worries","2009","Saxony","Female","428","0.587101984323938","0.550497536434589","0.623706432213286","2"
"Some worries","2009","Saxony-Anhalt","Male","230","0.616402262389863","0.566788171430549","0.666016353349178","2"
"Some worries","2009","Saxony-Anhalt","Female","261","0.663159093870368","0.616842205675994","0.709475982064742","2"
"Big worries","2010","Schleswig-Holstein","Male","90","0.299699315885552","0.250641202956958","0.348757428814145","1"
"Big worries","2010","Schleswig-Holstein","Female","120","0.260206958812271","0.21715665531165","0.303257262312892","1"
"Big worries","2010","Hamburg","Male","56","0.293376409110581","0.225133631313343","0.36161918690782","1"
"Big worries","2010","Hamburg","Female","73","0.320897674255446","0.258786588986264","0.383008759524628","1"
"Big worries","2010","Lower Saxony","Male","260","0.27926959032332","0.251351191808733","0.307187988837906","1"
"Big worries","2010","Lower Saxony","Female","346","0.289457783469537","0.263809155003677","0.315106411935396","1"
"Big worries","2010","Bremen","Male","28","","","","1"
"Big worries","2010","Bremen","Female","41","0.482725554784325","0.38276627197715","0.5826848375915","1"
"Big worries","2010","North Rhine-Westphalia","Male","625","0.295753091156511","0.277015962045156","0.314490220267866","1"
"Big worries","2010","North Rhine-Westphalia","Female","817","0.309223647768848","0.29181966402934","0.326627631508356","1"
"Big worries","2010","Hesse","Male","224","0.302122415707482","0.26998054435473","0.334264287060234","1"
"Big worries","2010","Hesse","Female","319","0.365794512414095","0.33418634953832","0.397402675289871","1"
"Big worries","2010","Baden-Württemberg","Male","348","0.27888178649596","0.254762616315935","0.303000956675985","1"
"Big worries","2010","Baden-Württemberg","Female","579","0.371081745446469","0.34718547303929","0.394978017853649","1"
"Big worries","2010","Bavaria","Male","435","0.265789218204082","0.244304278593592","0.287274157814572","1"
"Big worries","2010","Bavaria","Female","612","0.318887984549036","0.298287156224724","0.339488812873348","1"
"Big worries","2010","Berlin","Male","132","0.333872632512403","0.287714848158468","0.380030416866339","1"
"Big worries","2010","Berlin","Female","203","0.395865790910793","0.354033741653275","0.437697840168312","1"
"Big worries","2010","Rhineland-Palatinate,Saarland","Male","161","0.29450361712626","0.257878221849241","0.331129012403279","1"
"Big worries","2010","Rhineland-Palatinate,Saarland","Female","218","0.307719410218849","0.274191929258364","0.341246891179333","1"
"Big worries","2010","Brandenburg","Male","110","0.294800527151464","0.25195321534792","0.337647838955009","1"
"Big worries","2010","Brandenburg","Female","146","0.270080244155032","0.232027917649547","0.308132570660518","1"
"Big worries","2010","Mecklenburg-Western Pomerania","Male","56","0.190777819969895","0.142926266790087","0.238629373149703","1"
"Big worries","2010","Mecklenburg-Western Pomerania","Female","80","0.284103998184623","0.235665617560084","0.332542378809161","1"
"Big worries","2010","Saxony","Male","196","0.268146918871948","0.237545010590858","0.298748827153038","1"
"Big worries","2010","Saxony","Female","215","0.276314223146824","0.246634046086293","0.305994400207356","1"
"Big worries","2010","Saxony-Anhalt","Male","93","0.253268726804964","0.210704097224087","0.29583335638584","1"
"Big worries","2010","Saxony-Anhalt","Female","124","0.257510812367521","0.219486704247365","0.295534920487676","1"
"Big worries","2010","Thuringia","Female","146","0.315856444166417","0.275863543604551","0.355849344728283","1"
"Big worries","2010","Thuringia","Male","114","0.248133132344641","0.20772873033597","0.288537534353313","1"
"No worries","2010","Schleswig-Holstein","Male","58","0.145312767680454","0.107574567576762","0.183050967784147","3"
"No worries","2010","Schleswig-Holstein","Female","32","0.0737217177780785","0.0480810042216315","0.0993624313345255","3"
"No worries","2010","Hamburg","Male","25","","","","3"
"No worries","2010","Hamburg","Female","15","","","","3"
"No worries","2010","Lower Saxony","Male","163","0.210155766905204","0.184802517030118","0.23550901678029","3"
"No worries","2010","Lower Saxony","Female","119","0.085848542552913","0.0700050060568002","0.101692079049026","3"
"No worries","2010","Bremen","Male","13","","","","3"
"No worries","2010","Bremen","Female","9","","","","3"
"No worries","2010","North Rhine-Westphalia","Male","360","0.161800517036646","0.146680942328087","0.176920091745205","3"
"No worries","2010","North Rhine-Westphalia","Female","283","0.0968605847457955","0.0857229100266941","0.107998259464897","3"
"No worries","2010","Hesse","Male","91","0.122350710522687","0.0994128023210819","0.145288618724292","3"
"No worries","2010","Hesse","Female","69","0.0702426914137078","0.0534719973645441","0.0870133854628714","3"
"No worries","2010","Rhineland-Palatinate,Saarland","Male","79","0.147070936434488","0.118612601027059","0.175529271841918","3"
"No worries","2010","Rhineland-Palatinate,Saarland","Female","62","0.071163242235198","0.0524874101057635","0.0898390743646325","3"
"No worries","2010","Baden-Württemberg","Male","192","0.145568271134891","0.126600290430448","0.164536251839333","3"
"No worries","2010","Baden-Württemberg","Female","103","0.054022882997413","0.0428406777628574","0.0652050882319685","3"
"No worries","2010","Bavaria","Male","227","0.131685898851912","0.115239790706451","0.148132006997372","3"
"No worries","2010","Bavaria","Female","188","0.109230751166766","0.0954424296312333","0.123019072702298","3"
"No worries","2010","Berlin","Male","53","0.122055300619821","0.0900156473442187","0.154094953895424","3"
"No worries","2010","Berlin","Female","38","0.0721040770267305","0.04997832791296","0.094229826140501","3"
"No worries","2010","Brandenburg","Male","71","0.113047265291951","0.0832906362090635","0.142803894374838","3"
"No worries","2010","Brandenburg","Female","47","0.10595450852196","0.079576817550106","0.132332199493814","3"
"No worries","2010","Mecklenburg-Western Pomerania","Male","54","0.155924146168963","0.111742119381587","0.200106172956339","3"
"No worries","2010","Saxony","Male","169","0.200470734136378","0.172814513972748","0.228126954300008","3"
"No worries","2010","Saxony","Female","119","0.118025770753127","0.0966113555512431","0.139440185955011","3"
"No worries","2010","Mecklenburg-Western Pomerania","Female","41","0.120251957799188","0.0853177252705861","0.155186190327791","3"
"No worries","2010","Saxony-Anhalt","Male","66","0.180643802148101","0.142988701816838","0.218298902479364","3"
"No worries","2010","Saxony-Anhalt","Female","57","0.106660657640659","0.0798179331598808","0.133503382121438","3"
"No worries","2010","Thuringia","Male","82","0.203673648757336","0.166000771000677","0.241346526513995","3"
"No worries","2010","Thuringia","Female","64","0.124585081046709","0.0961729111182785","0.15299725097514","3"
"Some worries","2010","Hesse","Female","504","0.563962796172197","0.531420164975893","0.596505427368501","2"
"Some worries","2010","Baden-Württemberg","Male","788","0.575549942369149","0.548966950445517","0.602132934292782","2"
"Some worries","2010","Baden-Württemberg","Female","888","0.574895371556118","0.55044189634775","0.599348846764486","2"
"Some worries","2010","Bavaria","Male","962","0.602524882944007","0.578723754664706","0.626326011223307","2"
"Some worries","2010","Bavaria","Female","1166","0.571881264284198","0.550009118813899","0.593753409754498","2"
"Some worries","2010","Berlin","Male","216","0.544072066867775","0.495324581253024","0.592819552482526","2"
"Some worries","2010","Lower Saxony","Female","736","0.62469367397755","0.597309283191375","0.652078064763726","2"
"Some worries","2010","Bremen","Male","35","0.408883918780572","0.298354548115347","0.519413289445798","2"
"Some worries","2010","North Rhine-Westphalia","Male","1294","0.542446391806843","0.52199252926258","0.562900254351107","2"
"Some worries","2010","North Rhine-Westphalia","Female","1609","0.593915767485356","0.575422481762182","0.61240905320853","2"
"Some worries","2010","Hesse","Male","469","0.575526873769831","0.540929115231818","0.610124632307845","2"
"Some worries","2010","Rhineland-Palatinate,Saarland","Male","355","0.558425446439251","0.518525324084783","0.598325568793719","2"
"Some worries","2010","Rhineland-Palatinate,Saarland","Female","448","0.621117347545953","0.585878508545867","0.65635618654604","2"
"Some worries","2010","Berlin","Female","284","0.532030132062476","0.489348059550999","0.574712204573953","2"
"Some worries","2010","Brandenburg","Male","254","0.592152207556585","0.545970584000939","0.63833383111223","2"
"Some worries","2010","Brandenburg","Female","330","0.623965247323008","0.582451547634186","0.665478947011829","2"
"Some worries","2010","Schleswig-Holstein","Male","187","0.554987916433994","0.50177055315489","0.608205279713099","2"
"Some worries","2010","Schleswig-Holstein","Female","247","0.666071323409651","0.61979606320662","0.712346583612681","2"
"Some worries","2010","Hamburg","Male","90","0.570105709122137","0.495904912196493","0.644306506047781","2"
"Some worries","2010","Hamburg","Female","129","0.61122071232167","0.54636192634834","0.676079498295","2"
"Some worries","2010","Lower Saxony","Male","569","0.510574642771476","0.479467142809458","0.541682142733495","2"
"Some worries","2010","Bremen","Female","46","0.418916385702548","0.32022131487983","0.517611456525267","2"
"Some worries","2010","Mecklenburg-Western Pomerania","Male","149","0.653298033861142","0.595337545399741","0.711258522322543","2"
"Some worries","2010","Mecklenburg-Western Pomerania","Female","212","0.595644044016189","0.542933038820796","0.648355049211582","2"
"Some worries","2010","Saxony","Male","440","0.531382346991674","0.49691062056445","0.565854073418899","2"
"Some worries","2010","Saxony","Female","538","0.605660006100049","0.573223078643301","0.638096933556796","2"
"Some worries","2010","Thuringia","Male","243","0.548193218898023","0.50163900122599","0.594747436570055","2"
"Some worries","2010","Saxony-Anhalt","Male","242","0.566087471046935","0.51757886762484","0.61459607446903","2"
"Some worries","2010","Saxony-Anhalt","Female","327","0.63582852999182","0.593983951256774","0.677673108726866","2"
"Some worries","2010","Thuringia","Female","309","0.559558474786874","0.516848306768752","0.602268642804995","2"
"Big worries","2011","Schleswig-Holstein","Male","80","0.257322899921644","0.208181159422433","0.306464640420854","1"
"Big worries","2011","Schleswig-Holstein","Female","125","0.331993665316691","0.281863004331736","0.382124326301646","1"
"Big worries","2011","Hamburg","Male","36","0.219694714084101","0.15298957229034","0.286399855877862","1"
"Big worries","2011","Hamburg","Female","46","0.232077359748283","0.166664486910404","0.297490232586162","1"
"Big worries","2011","Lower Saxony","Male","231","0.278173166675655","0.24886531052858","0.30748102282273","1"
"Big worries","2011","Lower Saxony","Female","317","0.326106711026808","0.29705153406249","0.355161887991126","1"
"Big worries","2011","Bremen","Male","15","","","","1"
"Big worries","2011","Bremen","Female","26","","","","1"
"Big worries","2011","North Rhine-Westphalia","Male","587","0.285902223189063","0.265878203089908","0.305926243288218","1"
"Big worries","2011","North Rhine-Westphalia","Female","738","0.340491464717839","0.32052123059457","0.360461698841107","1"
"Big worries","2011","Hesse","Male","188","0.294881796488443","0.259800091849282","0.329963501127604","1"
"Big worries","2011","Hesse","Female","259","0.337665708842096","0.303546259793275","0.371785157890918","1"
"Big worries","2011","Baden-Württemberg","Male","318","0.275201566247013","0.249555591986077","0.300847540507948","1"
"Big worries","2011","Baden-Württemberg","Female","472","0.342975458799809","0.317386378205732","0.368564539393886","1"
"Big worries","2011","Bavaria","Male","396","0.270441939347701","0.247888025990447","0.292995852704955","1"
"Big worries","2011","Bavaria","Female","592","0.350950256869354","0.327949500813408","0.3739510129253","1"
"Big worries","2011","Berlin","Male","118","0.3725227759935","0.322300257124455","0.422745294862545","1"
"Big worries","2011","Berlin","Female","172","0.435858818557887","0.38837912579011","0.483338511325665","1"
"Big worries","2011","Brandenburg","Female","139","0.294789297900145","0.252986505381935","0.336592090418354","1"
"Big worries","2011","Mecklenburg-Western Pomerania","Male","55","0.247174014711066","0.192138783422237","0.302209245999894","1"
"Big worries","2011","Rhineland-Palatinate,Saarland","Male","138","0.24928227397246","0.212896450317469","0.285668097627451","1"
"Big worries","2011","Rhineland-Palatinate,Saarland","Female","216","0.327014086685869","0.291087690202335","0.362940483169402","1"
"Big worries","2011","Brandenburg","Male","107","0.306462836219869","0.262213797454358","0.35071187498538","1"
"Big worries","2011","Mecklenburg-Western Pomerania","Female","78","0.273520374225392","0.220447817970551","0.326592930480234","1"
"Big worries","2011","Saxony","Male","153","0.267165829535795","0.233957332929407","0.300374326142183","1"
"Big worries","2011","Saxony","Female","174","0.260236587898667","0.228187738323152","0.292285437474182","1"
"Big worries","2011","Saxony-Anhalt","Male","97","0.277243890733353","0.233808384489418","0.320679396977288","1"
"Big worries","2011","Thuringia","Female","139","0.294659146579589","0.253043455488654","0.336274837670523","1"
"Big worries","2011","Saxony-Anhalt","Female","134","0.290983355828771","0.24929373367886","0.332672977978682","1"
"Big worries","2011","Thuringia","Male","114","0.286110437993672","0.242364419744911","0.329856456242434","1"
"No worries","2011","Schleswig-Holstein","Male","47","0.13338964366209","0.0951702060046336","0.171609081319547","3"
"No worries","2011","Schleswig-Holstein","Female","29","","","","3"
"No worries","2011","Hamburg","Male","23","","","","3"
"No worries","2011","Hamburg","Female","25","","","","3"
"No worries","2011","Lower Saxony","Male","147","0.180934477519723","0.15575597421349","0.206112980825955","3"
"No worries","2011","Lower Saxony","Female","101","0.0998076068514517","0.0812296657549692","0.118385547947934","3"
"No worries","2011","Bremen","Male","12","","","","3"
"No worries","2011","Bremen","Female","12","","","","3"
"No worries","2011","North Rhine-Westphalia","Male","259","0.145018250833068","0.129413622862311","0.160622878803825","3"
"No worries","2011","North Rhine-Westphalia","Female","172","0.0793060275152276","0.067918470105396","0.0906935849250591","3"
"No worries","2011","Hesse","Male","75","0.105332150856846","0.0817144762805732","0.128949825433118","3"
"No worries","2011","Hesse","Female","53","0.0920207028107805","0.0711661608237411","0.11287524479782","3"
"No worries","2011","Rhineland-Palatinate,Saarland","Male","73","0.123788294399616","0.0960874829518491","0.151489105847383","3"
"No worries","2011","Rhineland-Palatinate,Saarland","Female","63","0.0879228066628727","0.0662360797494691","0.109609533576276","3"
"No worries","2011","Baden-Württemberg","Male","181","0.163364234739393","0.142135122518076","0.18459334696071","3"
"No worries","2011","Baden-Württemberg","Female","109","0.087010644704652","0.071817369177662","0.102203920231642","3"
"No worries","2011","Bavaria","Male","195","0.131858018154283","0.114678791562319","0.149037244746247","3"
"No worries","2011","Bavaria","Female","136","0.0861663292364697","0.0726430283072248","0.0996896301657146","3"
"No worries","2011","Berlin","Male","42","0.0990862169146662","0.0680498175624319","0.1301226162669","3"
"No worries","2011","Berlin","Female","30","0.0869636765562999","0.0599829243523256","0.113944428760274","3"
"No worries","2011","Brandenburg","Male","66","0.137857911473492","0.104768782544812","0.170947040402171","3"
"No worries","2011","Brandenburg","Female","42","0.0889173046321016","0.0628220202163342","0.115012589047869","3"
"No worries","2011","Mecklenburg-Western Pomerania","Male","38","0.117050170316549","0.0760348480662097","0.158065492566889","3"
"No worries","2011","Saxony","Female","101","0.133925866652834","0.109049233061297","0.15880250024437","3"
"No worries","2011","Mecklenburg-Western Pomerania","Female","28","","","","3"
"No worries","2011","Saxony","Male","138","0.202407226116006","0.172252213424656","0.232562238807355","3"
"No worries","2011","Saxony-Anhalt","Male","67","0.142261214035642","0.108365968116862","0.176156459954423","3"
"No worries","2011","Saxony-Anhalt","Female","46","0.0963015920120623","0.0692249899897098","0.123378194034415","3"
"No worries","2011","Thuringia","Male","84","0.197331356263242","0.15880815569158","0.235854556834904","3"
"No worries","2011","Thuringia","Female","46","0.10065904199174","0.073193624117771","0.128124459865708","3"
"Some worries","2011","Hesse","Female","426","0.570313588347123","0.534598430025418","0.606028746668828","2"
"Some worries","2011","Baden-Württemberg","Male","666","0.561434199013594","0.532940296016257","0.589928102010931","2"
"Some worries","2011","Baden-Württemberg","Female","741","0.570013896495539","0.543326740436877","0.5967010525542","2"
"Some worries","2011","Bavaria","Male","899","0.597700042498016","0.572801633681076","0.622598451314956","2"
"Some worries","2011","Bavaria","Female","926","0.562883413894177","0.538978443662355","0.586788384125998","2"
"Some worries","2011","Berlin","Male","196","0.528391007091834","0.476535863672915","0.580246150510752","2"
"Some worries","2011","Brandenburg","Female","276","0.616293397467754","0.571708950430135","0.660877844505372","2"
"Some worries","2011","Lower Saxony","Female","582","0.57408568212174","0.543438004638659","0.604733359604822","2"
"Some worries","2011","Bremen","Male","32","0.518429835083975","0.39093374542651","0.64592592474144","2"
"Some worries","2011","North Rhine-Westphalia","Male","1110","0.569079525977869","0.54713386272771","0.591025189228028","2"
"Some worries","2011","North Rhine-Westphalia","Female","1253","0.580202507766934","0.559404125695609","0.601000889838259","2"
"Some worries","2011","Hesse","Male","386","0.599786052654712","0.562092242952711","0.637479862356712","2"
"Some worries","2011","Rhineland-Palatinate,Saarland","Male","332","0.626929431627924","0.586252049066997","0.66760681418885","2"
"Some worries","2011","Rhineland-Palatinate,Saarland","Female","376","0.585063106651258","0.547330238070495","0.622795975232022","2"
"Some worries","2011","Berlin","Female","217","0.477177504885813","0.429352150898638","0.525002858872987","2"
"Some worries","2011","Brandenburg","Male","244","0.555679252306639","0.507987810638913","0.603370693974365","2"
"Some worries","2011","Mecklenburg-Western Pomerania","Male","143","0.635775814972385","0.574381454292652","0.697170175652118","2"
"Some worries","2011","Saxony","Male","391","0.530426944348199","0.492971040916994","0.567882847779404","2"
"Some worries","2011","Saxony","Female","445","0.605837545448499","0.570143352921212","0.641531737975786","2"
"Some worries","2011","Schleswig-Holstein","Male","177","0.609287456416266","0.554440681557634","0.664134231274899","2"
"Some worries","2011","Schleswig-Holstein","Female","185","0.569787427527153","0.51708310659734","0.622491748456965","2"
"Some worries","2011","Hamburg","Male","89","0.610973166161716","0.532428249924274","0.689518082399157","2"
"Some worries","2011","Hamburg","Female","89","0.626511509704146","0.551558126937947","0.701464892470344","2"
"Some worries","2011","Lower Saxony","Male","520","0.540892355804622","0.508299485646407","0.573485225962837","2"
"Some worries","2011","Bremen","Female","27","","","","2"
"Some worries","2011","Mecklenburg-Western Pomerania","Female","165","0.614433412804998","0.556483797999723","0.672383027610274","2"
"Some worries","2011","Saxony-Anhalt","Male","244","0.580494895231005","0.532611400778477","0.628378389683532","2"
"Some worries","2011","Saxony-Anhalt","Female","276","0.612715052159167","0.568004477331114","0.657425626987219","2"
"Some worries","2011","Thuringia","Male","212","0.516558205743086","0.468186891013321","0.56492952047285","2"
"Some worries","2011","Thuringia","Female","276","0.604681811428672","0.560051031180764","0.64931259167658","2"
"Big worries","2012","Schleswig-Holstein","Male","68","0.264466109740709","0.213704492567335","0.315227726914084","1"
"Big worries","2012","Schleswig-Holstein","Female","114","0.331371539050137","0.282128532093538","0.380614546006735","1"
"Big worries","2012","Hamburg","Male","35","0.200911360641043","0.138235834210105","0.263586887071982","1"
"Big worries","2012","Hamburg","Female","47","0.221833674239711","0.160625220171606","0.283042128307817","1"
"Big worries","2012","Lower Saxony","Male","216","0.253730240364153","0.22512594540448","0.282334535323825","1"
"Big worries","2012","Lower Saxony","Female","311","0.318168677287073","0.289111280747616","0.34722607382653","1"
"Big worries","2012","Bremen","Male","17","","","","1"
"Big worries","2012","Bremen","Female","24","","","","1"
"Big worries","2012","North Rhine-Westphalia","Male","510","0.252296540086429","0.2328892052113","0.271703874961558","1"
"Big worries","2012","North Rhine-Westphalia","Female","657","0.306421071110156","0.286778536915749","0.326063605304563","1"
"Big worries","2012","Hesse","Male","172","0.282441511307877","0.247563555696824","0.317319466918931","1"
"Big worries","2012","Hesse","Female","241","0.328709462953942","0.295312831740134","0.36210609416775","1"
"Big worries","2012","Baden-Württemberg","Male","273","0.238968044926203","0.214059391075257","0.263876698777148","1"
"Big worries","2012","Baden-Württemberg","Female","376","0.283263836269646","0.258354871558628","0.308172800980664","1"
"Big worries","2012","Bavaria","Male","396","0.256252199000774","0.23417419679011","0.278330201211438","1"
"Big worries","2012","Bavaria","Female","541","0.309751165026482","0.287574350166437","0.331927979886526","1"
"Big worries","2012","Berlin","Male","122","0.323308672854832","0.276218263187837","0.370399082521828","1"
"Big worries","2012","Berlin","Female","168","0.379589229712867","0.333933022431933","0.425245436993801","1"
"Big worries","2012","Brandenburg","Female","123","0.246391158829756","0.206709982099696","0.286072335559816","1"
"Big worries","2012","Mecklenburg-Western Pomerania","Male","54","0.241605646696931","0.187222955177898","0.295988338215964","1"
"Big worries","2012","Rhineland-Palatinate,Saarland","Male","125","0.229624793254187","0.194183464474125","0.265066122034249","1"
"Big worries","2012","Rhineland-Palatinate,Saarland","Female","194","0.286364366218857","0.251504189570922","0.321224542866791","1"
"Big worries","2012","Brandenburg","Male","88","0.255646129173862","0.213421533571849","0.297870724775875","1"
"Big worries","2012","Mecklenburg-Western Pomerania","Female","82","0.326169582107331","0.269831208270879","0.382507955943783","1"
"Big worries","2012","Saxony-Anhalt","Male","80","0.217754859269085","0.176688368508874","0.258821350029296","1"
"Big worries","2012","Saxony","Female","184","0.262355981074561","0.230702969555259","0.294008992593863","1"
"Big worries","2012","Saxony","Male","161","0.235242495898155","0.203866371527209","0.2666186202691","1"
"Big worries","2012","Saxony-Anhalt","Female","118","0.262443820748652","0.221241017485822","0.303646624011483","1"
"Big worries","2012","Thuringia","Male","79","0.234275707870497","0.192820819824121","0.275730595916874","1"
"Big worries","2012","Thuringia","Female","117","0.249938902789229","0.210627333345536","0.289250472232922","1"
"No worries","2012","Schleswig-Holstein","Male","36","0.102093866644639","0.0672469475291493","0.136940785760128","3"
"No worries","2012","Schleswig-Holstein","Female","37","0.09738996570551","0.0663728280217461","0.128407103389274","3"
"No worries","2012","Hamburg","Male","30","0.192254481312473","0.130612898865412","0.253896063759534","3"
"No worries","2012","Hamburg","Female","14","","","","3"
"No worries","2012","Lower Saxony","Male","146","0.179288490575701","0.154072927074304","0.204504054077098","3"
"No worries","2012","Lower Saxony","Female","104","0.0978016826997528","0.0792700499687324","0.116333315430773","3"
"No worries","2012","Bremen","Male","8","","","","3"
"No worries","2012","Bremen","Female","11","","","","3"
"No worries","2012","North Rhine-Westphalia","Male","294","0.166199759795371","0.149565948854379","0.182833570736363","3"
"No worries","2012","North Rhine-Westphalia","Female","165","0.0703600866200428","0.0594629894677739","0.0812571837723116","3"
"No worries","2012","Hesse","Male","97","0.164910604846981","0.136159874554714","0.193661335139248","3"
"No worries","2012","Hesse","Female","73","0.101828864034921","0.0803279812540699","0.123329746815772","3"
"No worries","2012","Rhineland-Palatinate,Saarland","Male","82","0.167256580088345","0.135808316599194","0.198704843577496","3"
"No worries","2012","Rhineland-Palatinate,Saarland","Female","53","0.076822957676605","0.056286769193602","0.0973591461596081","3"
"No worries","2012","Baden-Württemberg","Male","181","0.16542894879183","0.14372612177242","0.18713177581124","3"
"No worries","2012","Baden-Württemberg","Female","125","0.108909837792854","0.0916881848749969","0.126131490710711","3"
"No worries","2012","Bavaria","Male","234","0.154869817265549","0.136573725755891","0.173165908775208","3"
"No worries","2012","Bavaria","Female","144","0.0877200603474543","0.0741524494855414","0.101287671209367","3"
"No worries","2012","Berlin","Male","54","0.131624809809822","0.0975878260162388","0.165661793603405","3"
"No worries","2012","Berlin","Female","37","0.0851475072014935","0.058889320426645","0.111405693976342","3"
"No worries","2012","Brandenburg","Male","65","0.14107867924359","0.10738382772796","0.17477353075922","3"
"No worries","2012","Brandenburg","Female","46","0.107397629380916","0.0788857821378844","0.135909476623947","3"
"No worries","2012","Mecklenburg-Western Pomerania","Male","45","0.174010708720426","0.125845348922616","0.222176068518236","3"
"No worries","2012","Saxony","Female","108","0.132501814892116","0.108107347571489","0.156896282212743","3"
"No worries","2012","Mecklenburg-Western Pomerania","Female","28","","","","3"
"No worries","2012","Saxony","Male","140","0.206334416057628","0.176399079467123","0.236269752648134","3"
"No worries","2012","Saxony-Anhalt","Male","75","0.199260917601952","0.159515340781861","0.239006494422042","3"
"No worries","2012","Saxony-Anhalt","Female","54","0.11257123656798","0.0829712506368463","0.142171222499113","3"
"No worries","2012","Thuringia","Male","88","0.223297373168694","0.182536347955938","0.264058398381451","3"
"No worries","2012","Thuringia","Female","69","0.131579991152374","0.100888713386082","0.162271268918666","3"
"Some worries","2012","Hesse","Female","446","0.569461673011137","0.534258690963273","0.604664655059001","2"
"Some worries","2012","Baden-Württemberg","Male","672","0.595603006281967","0.566937389179125","0.62426862338481","2"
"Some worries","2012","Baden-Württemberg","Female","756","0.6078263259375","0.580835919548548","0.634816732326453","2"
"Some worries","2012","Bavaria","Male","872","0.588877983733677","0.563994501802088","0.613761465665265","2"
"Some worries","2012","Bavaria","Female","985","0.602528774626064","0.579057774360772","0.625999774891356","2"
"Some worries","2012","Berlin","Male","203","0.545066517335346","0.494933113850627","0.595199920820065","2"
"Some worries","2012","Brandenburg","Female","284","0.646211211789329","0.602180240348303","0.690242183230354","2"
"Some worries","2012","Lower Saxony","Female","572","0.584029640013174","0.553280133386538","0.61477914663981","2"
"Some worries","2012","Bremen","Male","37","0.622296781017176","0.50161926379149","0.742974298242862","2"
"Some worries","2012","North Rhine-Westphalia","Male","1120","0.5815037001182","0.559460857001981","0.603546543234419","2"
"Some worries","2012","North Rhine-Westphalia","Female","1294","0.623218842269802","0.602571928923744","0.643865755615859","2"
"Some worries","2012","Hesse","Male","371","0.552647883845142","0.514126036333205","0.591169731357079","2"
"Some worries","2012","Rhineland-Palatinate,Saarland","Male","334","0.603118626657468","0.56189167845993","0.644345574855006","2"
"Some worries","2012","Rhineland-Palatinate,Saarland","Female","399","0.636812676104538","0.599727271379956","0.67389808082912","2"
"Some worries","2012","Berlin","Female","229","0.53526326308564","0.488339757831505","0.582186768339774","2"
"Some worries","2012","Brandenburg","Male","257","0.603275191582548","0.555920983811638","0.650629399353459","2"
"Some worries","2012","Mecklenburg-Western Pomerania","Male","139","0.584383644582643","0.521772022728095","0.646995266437191","2"
"Some worries","2012","Saxony","Male","401","0.558423088044217","0.521689411549871","0.595156764538562","2"
"Some worries","2012","Saxony","Female","450","0.605142204033323","0.569970353553604","0.640314054513042","2"
"Some worries","2012","Mecklenburg-Western Pomerania","Female","156","0.555408468540828","0.495692000344317","0.61512493673734","2"
"Some worries","2012","Saxony-Anhalt","Male","233","0.582984223128963","0.533923169354078","0.632045276903849","2"
"Some worries","2012","Saxony-Anhalt","Female","266","0.624984942683368","0.579646127608588","0.670323757758148","2"
"Some worries","2012","Schleswig-Holstein","Male","186","0.633440023614652","0.577980726087561","0.688899321141743","2"
"Some worries","2012","Schleswig-Holstein","Female","200","0.571238495244354","0.519464562020795","0.623012428467912","2"
"Some worries","2012","Hamburg","Male","92","0.606834158046484","0.530429266435849","0.683239049657119","2"
"Some worries","2012","Hamburg","Female","116","0.669405083245922","0.600101762218716","0.738708404273128","2"
"Some worries","2012","Lower Saxony","Male","527","0.566981269060146","0.534409982923769","0.599552555196524","2"
"Some worries","2012","Bremen","Female","36","0.568766871882166","0.453569619302523","0.683964124461808","2"
"Some worries","2012","Thuringia","Male","234","0.542426918960809","0.493665452827299","0.591188385094318","2"
"Some worries","2012","Thuringia","Female","280","0.618481106058397","0.574377268862727","0.662584943254067","2"
"Big worries","2013","Schleswig-Holstein","Male","51","0.196558492063067","0.148346966337035","0.244770017789099","1"
"Big worries","2013","Schleswig-Holstein","Female","91","0.292798672647556","0.243702548727938","0.341894796567174","1"
"Big worries","2013","Hamburg","Male","30","0.186981065874565","0.123952334023722","0.250009797725407","1"
"Big worries","2013","Hamburg","Female","49","0.293829356541639","0.223900454320539","0.363758258762738","1"
"Big worries","2013","Lower Saxony","Male","198","0.245375787890575","0.216206476711219","0.274545099069932","1"
"Big worries","2013","Lower Saxony","Female","272","0.30002977811061","0.270718331170575","0.329341225050645","1"
"Big worries","2013","Bremen","Male","14","","","","1"
"Big worries","2013","Bremen","Female","23","","","","1"
"Big worries","2013","North Rhine-Westphalia","Male","441","0.229618921180145","0.210002969579063","0.249234872781228","1"
"Big worries","2013","North Rhine-Westphalia","Female","575","0.280773561365123","0.260838429557178","0.300708693173069","1"
"Big worries","2013","Hesse","Male","143","0.266742572568533","0.231266516832902","0.302218628304163","1"
"Big worries","2013","Hesse","Female","195","0.285899543326267","0.252307062731812","0.319492023920721","1"
"Big worries","2013","Mecklenburg-Western Pomerania","Male","40","0.241770673143886","0.183862409559904","0.299678936727869","1"
"Big worries","2013","Rhineland-Palatinate,Saarland","Male","111","0.215451143871029","0.17930563897697","0.251596648765087","1"
"Big worries","2013","Rhineland-Palatinate,Saarland","Female","184","0.276940662730779","0.241105035296623","0.312776290164936","1"
"Big worries","2013","Baden-Württemberg","Male","210","0.218373281738598","0.192598858052545","0.244147705424651","1"
"Big worries","2013","Baden-Württemberg","Female","323","0.278850047114408","0.252807444754549","0.304892649474267","1"
"Big worries","2013","Bavaria","Female","478","0.290208657455286","0.267715509102076","0.312701805808497","1"
"Big worries","2013","Berlin","Male","100","0.299225834896326","0.25218381251174","0.346267857280912","1"
"Big worries","2013","Berlin","Female","155","0.367555044488531","0.32071433693947","0.414395752037592","1"
"Big worries","2013","Brandenburg","Male","88","0.248341758939677","0.204495881739401","0.292187636139954","1"
"Big worries","2013","Brandenburg","Female","102","0.232826021846595","0.19211513050818","0.27353691318501","1"
"Big worries","2013","Mecklenburg-Western Pomerania","Female","61","0.262537630408951","0.207327485037573","0.317747775780329","1"
"Big worries","2013","Bavaria","Male","334","0.250316878957986","0.227336049522841","0.273297708393131","1"
"Big worries","2013","Saxony","Male","133","0.237242409895356","0.204539918118152","0.26994490167256","1"
"Big worries","2013","Saxony","Female","168","0.279813636647088","0.2461720147812","0.313455258512975","1"
"Big worries","2013","Saxony-Anhalt","Male","70","0.208932299303518","0.166701168527447","0.251163430079589","1"
"Big worries","2013","Saxony-Anhalt","Female","105","0.270179006015021","0.226985441029093","0.31337257100095","1"
"Big worries","2013","Thuringia","Female","118","0.278839241172053","0.23669905478677","0.320979427557335","1"
"Big worries","2013","Thuringia","Male","82","0.210509621291083","0.168970565087303","0.252048677494863","1"
"No worries","2013","Schleswig-Holstein","Male","42","0.134587756143298","0.0931837722179627","0.175991740068633","3"
"No worries","2013","Schleswig-Holstein","Female","35","0.112677447981618","0.0785620547180968","0.146792841245139","3"
"No worries","2013","Hamburg","Male","32","0.207949646033213","0.142343441651047","0.27355585041538","3"
"No worries","2013","Hamburg","Female","23","","","","3"
"No worries","2013","Lower Saxony","Male","169","0.222305366040648","0.194119948269177","0.25049078381212","3"
"No worries","2013","Lower Saxony","Female","133","0.121999052739533","0.101065592762819","0.142932512716248","3"
"No worries","2013","Bremen","Male","13","","","","3"
"No worries","2013","Bremen","Female","7","","","","3"
"No worries","2013","North Rhine-Westphalia","Male","296","0.172430776485277","0.154812545521661","0.190049007448892","3"
"No worries","2013","North Rhine-Westphalia","Female","205","0.0984697301700126","0.0852522181239566","0.111687242216069","3"
"No worries","2013","Hesse","Male","88","0.15089993882056","0.122186520814779","0.179613356826341","3"
"No worries","2013","Hesse","Female","84","0.129854777165427","0.104863956127425","0.15484559820343","3"
"No worries","2013","Rhineland-Palatinate,Saarland","Male","75","0.153176130324691","0.121512406485776","0.184839854163605","3"
"No worries","2013","Rhineland-Palatinate,Saarland","Female","58","0.106644447040074","0.0819262964464592","0.131362597633689","3"
"No worries","2013","Baden-Württemberg","Male","185","0.188040232538316","0.163663125755661","0.21241733932097","3"
"No worries","2013","Baden-Württemberg","Female","135","0.123939912000959","0.104803576865382","0.143076247136535","3"
"No worries","2013","Bavaria","Male","218","0.168166230935094","0.148324962439422","0.188007499430766","3"
"No worries","2013","Bavaria","Female","154","0.103010679547988","0.0879458410941483","0.118075518001828","3"
"No worries","2013","Berlin","Male","48","0.117489629763005","0.0844102715121132","0.150568988013898","3"
"No worries","2013","Berlin","Female","43","0.124584375628943","0.092500278440866","0.15666847281702","3"
"No worries","2013","Brandenburg","Male","74","0.230117294201087","0.187402276908823","0.272832311493351","3"
"No worries","2013","Brandenburg","Female","59","0.123512067478821","0.0918181745259336","0.155205960431709","3"
"No worries","2013","Mecklenburg-Western Pomerania","Male","42","0.166810104630956","0.116387924658274","0.217232284603639","3"
"No worries","2013","Mecklenburg-Western Pomerania","Female","28","","","","3"
"No worries","2013","Saxony","Male","140","0.199279454635553","0.168570632308278","0.229988276962828","3"
"No worries","2013","Saxony","Female","93","0.134434273064454","0.108870493288261","0.159998052840647","3"
"No worries","2013","Saxony-Anhalt","Male","72","0.231847719545824","0.188009978348762","0.275685460742886","3"
"No worries","2013","Saxony-Anhalt","Female","49","0.101736687292641","0.0723313814026676","0.131141993182615","3"
"No worries","2013","Thuringia","Male","90","0.261531904921081","0.216752797157831","0.306311012684331","3"
"No worries","2013","Thuringia","Female","84","0.186229740352211","0.14964677646136","0.222812704243063","3"
"Some worries","2013","Baden-Württemberg","Male","592","0.593586485723086","0.562944593019572","0.6242283784266","2"
"Some worries","2013","Baden-Württemberg","Female","681","0.597210040884634","0.568726820031004","0.625693261738263","2"
"Some worries","2013","Bavaria","Female","932","0.606780662996726","0.582572434158909","0.630988891834542","2"
"Some worries","2013","Berlin","Male","216","0.583284535340668","0.532637102277045","0.633931968404292","2"
"Some worries","2013","Lower Saxony","Female","534","0.577971169149857","0.54638190984519","0.609560428454524","2"
"Some worries","2013","North Rhine-Westphalia","Male","1029","0.597950302334578","0.575082461738218","0.620818142930939","2"
"Some worries","2013","North Rhine-Westphalia","Female","1172","0.620756708464864","0.59923246732888","0.642280949600848","2"
"Some worries","2013","Hesse","Male","366","0.582357488610907","0.542797322454036","0.621917654767778","2"
"Some worries","2013","Hesse","Female","416","0.584245679508306","0.547604298905089","0.620887060111523","2"
"Some worries","2013","Rhineland-Palatinate,Saarland","Male","311","0.63137272580428","0.588958988938343","0.673786462670218","2"
"Some worries","2013","Rhineland-Palatinate,Saarland","Female","357","0.616414890229146","0.577474337612591","0.655355442845701","2"
"Some worries","2013","Bavaria","Male","813","0.58151689010692","0.555346999985308","0.607686780228531","2"
"Some worries","2013","Berlin","Female","209","0.507860579882526","0.45929067923352","0.556430480531532","2"
"Some worries","2013","Brandenburg","Male","211","0.521540946859236","0.470846513983343","0.572235379735129","2"
"Some worries","2013","Brandenburg","Female","253","0.643661910674583","0.597529308849842","0.689794512499325","2"
"Some worries","2013","Mecklenburg-Western Pomerania","Male","128","0.591419222225158","0.52493399965585","0.657904444794465","2"
"Some worries","2013","Mecklenburg-Western Pomerania","Female","155","0.612468218369162","0.551339031467909","0.673597405270416","2"
"Some worries","2013","Schleswig-Holstein","Male","168","0.668853751793635","0.611758059844551","0.72594944374272","2"
"Some worries","2013","Hamburg","Male","85","0.605069288092222","0.52604648469733","0.684092091487115","2"
"Some worries","2013","Hamburg","Female","91","0.541036729960487","0.464537576519173","0.617535883401802","2"
"Some worries","2013","Lower Saxony","Male","469","0.532318846068776","0.498496338072418","0.566141354065134","2"
"Some worries","2013","Bremen","Male","29","","","","2"
"Some worries","2013","Bremen","Female","34","0.560600159367028","0.439005455325551","0.682194863408505","2"
"Some worries","2013","Saxony","Male","377","0.563478135469091","0.525351107947667","0.601605162990515","2"
"Some worries","2013","Saxony","Female","423","0.585752090288459","0.548836728716865","0.622667451860053","2"
"Some worries","2013","Saxony-Anhalt","Male","214","0.559219981150658","0.507646626460109","0.610793335841206","2"
"Some worries","2013","Saxony-Anhalt","Female","252","0.628084306692338","0.581071487242216","0.67509712614246","2"
"Some worries","2013","Thuringia","Male","198","0.527958473787836","0.477091346187271","0.578825601388401","2"
"Some worries","2013","Thuringia","Female","233","0.534931018475736","0.488059282289182","0.581802754662289","2"
"Some worries","2013","Schleswig-Holstein","Female","204","0.594523879370826","0.541550410366009","0.647497348375643","2"
"Big worries","2014","Schleswig-Holstein","Male","92","0.229281934180882","0.188492216694476","0.270071651667288","1"
"Big worries","2014","Schleswig-Holstein","Female","151","0.277249664514461","0.23862605072116","0.315873278307761","1"
"Big worries","2014","Hamburg","Male","37","0.156209946364623","0.106511512514722","0.205908380214524","1"
"Big worries","2014","Hamburg","Female","80","0.320352284461945","0.261195442166689","0.379509126757202","1"
"Big worries","2014","Lower Saxony","Male","268","0.230028384167366","0.206344890765784","0.253711877568948","1"
"Big worries","2014","Lower Saxony","Female","359","0.25204654171009","0.229237547649097","0.274855535771082","1"
"Big worries","2014","Bremen","Male","30","0.440476146973253","0.339579410963622","0.541372882982883","1"
"Big worries","2014","Bremen","Female","41","0.38227282450789","0.296742067682254","0.467803581333525","1"
"Big worries","2014","North Rhine-Westphalia","Male","705","0.250631577587937","0.233934843020614","0.267328312155261","1"
"Big worries","2014","North Rhine-Westphalia","Female","983","0.322957985374951","0.306379217923684","0.339536752826218","1"
"Big worries","2014","Hesse","Male","215","0.265266326430749","0.236213237407025","0.294319415454473","1"
"Big worries","2014","Hesse","Female","312","0.308904005058465","0.280266904227869","0.337541105889061","1"
"Big worries","2014","Rhineland-Palatinate,Saarland","Male","140","0.196616960722412","0.167686796000793","0.22554712544403","1"
"Big worries","2014","Rhineland-Palatinate,Saarland","Female","222","0.270518578329602","0.240811689211617","0.300225467447586","1"
"Big worries","2014","Baden-Württemberg","Male","358","0.223794448870839","0.202638997473863","0.244949900267814","1"
"Big worries","2014","Baden-Württemberg","Female","493","0.265250425858742","0.24445358954999","0.286047262167493","1"
"Big worries","2014","Bavaria","Female","766","0.314046169984638","0.295391552029305","0.332700787939971","1"
"Big worries","2014","Berlin","Male","122","0.309560479231012","0.266798234281705","0.352322724180319","1"
"Big worries","2014","Berlin","Female","196","0.388965665383902","0.347846939231317","0.430084391536488","1"
"Big worries","2014","Brandenburg","Male","102","0.261514993386386","0.221742684153478","0.301287302619294","1"
"Big worries","2014","Brandenburg","Female","124","0.220747181548174","0.186396065465666","0.255098297630683","1"
"Big worries","2014","Mecklenburg-Western Pomerania","Male","43","0.174543861248168","0.127491938306662","0.221595784189675","1"
"Big worries","2014","Mecklenburg-Western Pomerania","Female","91","0.344765071280052","0.292110501025533","0.397419641534572","1"
"Big worries","2014","Bavaria","Male","509","0.231209866534264","0.212778516612998","0.24964121645553","1"
"Big worries","2014","Saxony","Male","156","0.18302528808881","0.155677176864169","0.210373399313451","1"
"Big worries","2014","Saxony","Female","202","0.263468142804007","0.233888827505094","0.29304745810292","1"
"Big worries","2014","Saxony-Anhalt","Female","142","0.316741303373332","0.277135840796759","0.356346765949904","1"
"Big worries","2014","Saxony-Anhalt","Male","95","0.223822693341307","0.184744011895623","0.262901374786992","1"
"Big worries","2014","Thuringia","Female","142","0.267809110980963","0.23086855851259","0.304749663449336","1"
"Big worries","2014","Thuringia","Male","99","0.208271726832132","0.170669607784683","0.245873845879582","1"
"No worries","2014","Schleswig-Holstein","Male","68","0.166949456887936","0.130762989299315","0.203135924476556","3"
"No worries","2014","Schleswig-Holstein","Female","55","0.11511590942945","0.0875778008424571","0.142654018016443","3"
"No worries","2014","Hamburg","Male","50","0.249932574746659","0.190662872629808","0.30920227686351","3"
"No worries","2014","Hamburg","Female","25","","","","3"
"No worries","2014","Lower Saxony","Male","260","0.197501872050507","0.175097885007858","0.219905859093156","3"
"No worries","2014","Lower Saxony","Female","203","0.139554879054974","0.121351057321677","0.157758700788271","3"
"No worries","2014","Bremen","Male","13","","","","3"
"No worries","2014","Bremen","Female","15","","","","3"
"No worries","2014","North Rhine-Westphalia","Male","433","0.181337847632238","0.166493451344518","0.196182243919959","3"
"No worries","2014","North Rhine-Westphalia","Female","292","0.0910241874489065","0.0808259296787805","0.101222445219033","3"
"No worries","2014","Hesse","Male","166","0.186374878625183","0.160748210622141","0.212001546628226","3"
"No worries","2014","Hesse","Female","115","0.117077765211082","0.0971505537253892","0.137004976696775","3"
"No worries","2014","Rhineland-Palatinate,Saarland","Male","128","0.176903121258156","0.149126954366007","0.204679288150304","3"
"No worries","2014","Rhineland-Palatinate,Saarland","Female","99","0.107676404280833","0.0869476611465479","0.128405147415118","3"
"No worries","2014","Baden-Württemberg","Male","310","0.220263353148694","0.199227779227461","0.241298927069928","3"
"No worries","2014","Baden-Württemberg","Female","233","0.118334546304173","0.103118309998153","0.133550782610192","3"
"No worries","2014","Bavaria","Male","347","0.186850798691647","0.169810285827586","0.203891311555708","3"
"No worries","2014","Bavaria","Female","248","0.102618887400338","0.0904221329921429","0.114815641808533","3"
"No worries","2014","Berlin","Male","80","0.164075061986464","0.12981959835616","0.198330525616769","3"
"No worries","2014","Berlin","Female","44","0.0974617083649737","0.0724466777203823","0.122476739009565","3"
"No worries","2014","Brandenburg","Male","96","0.165806683784807","0.132148084458507","0.199465283111108","3"
"No worries","2014","Brandenburg","Female","66","0.112244985506524","0.0861002580654876","0.138389712947561","3"
"No worries","2014","Mecklenburg-Western Pomerania","Male","61","0.250208660225397","0.19651791087476","0.303899409576033","3"
"No worries","2014","Mecklenburg-Western Pomerania","Female","47","0.136648273902777","0.0985967654290499","0.174699782376505","3"
"No worries","2014","Saxony","Male","175","0.221512177416192","0.192142972067623","0.250881382764762","3"
"No worries","2014","Saxony","Female","115","0.116548654663489","0.0950023277844485","0.138094981542529","3"
"No worries","2014","Saxony-Anhalt","Male","97","0.253171117819638","0.212402592290051","0.293939643349225","3"
"No worries","2014","Saxony-Anhalt","Female","72","0.098680735003354","0.0732905613644229","0.124070908642285","3"
"No worries","2014","Thuringia","Male","105","0.266716888257285","0.225765353438017","0.307668423076553","3"
"No worries","2014","Thuringia","Female","94","0.16663402727326","0.135547065485709","0.197720989060811","3"
"Some worries","2014","Baden-Württemberg","Male","823","0.555942197980467","0.53072227002247","0.581162125938464","2"
"Some worries","2014","Bavaria","Female","1364","0.583334942615024","0.563519914066529","0.603149971163519","2"
"Some worries","2014","Berlin","Male","247","0.526364458782524","0.480180586753727","0.57254833081132","2"
"Some worries","2014","Berlin","Female","300","0.513572626251124","0.471416456141438","0.55572879636081","2"
"Some worries","2014","Brandenburg","Male","271","0.572678322828806","0.527907558989953","0.61744908666766","2"
"Some worries","2014","Brandenburg","Female","370","0.667007832945301","0.627974417547891","0.706041248342712","2"
"Some worries","2014","North Rhine-Westphalia","Male","1450","0.568030574779824","0.548946183347267","0.587114966212381","2"
"Some worries","2014","North Rhine-Westphalia","Female","1781","0.586017827176142","0.568554875596793","0.603480778755492","2"
"Some worries","2014","Hesse","Female","573","0.574018229730453","0.543369926169922","0.604666533290985","2"
"Some worries","2014","Rhineland-Palatinate,Saarland","Male","457","0.626479918019433","0.591268003173333","0.661691832865533","2"
"Some worries","2014","Rhineland-Palatinate,Saarland","Female","538","0.621805017389566","0.589375797493191","0.65423423728594","2"
"Some worries","2014","Baden-Württemberg","Female","1005","0.616415027837086","0.593508094167791","0.63932196150638","2"
"Some worries","2014","Bavaria","Male","1154","0.581939334774088","0.56037636507659","0.603502304471587","2"
"Some worries","2014","Mecklenburg-Western Pomerania","Male","146","0.575247478526435","0.513973873695339","0.636521083357532","2"
"Some worries","2014","Mecklenburg-Western Pomerania","Female","175","0.51858665481717","0.463233082604369","0.573940227029972","2"
"Some worries","2014","Saxony","Male","437","0.595462534494998","0.560750978945204","0.630174090044791","2"
"Some worries","2014","Hamburg","Male","118","0.593857478888718","0.526629275423666","0.661085682353771","2"
"Some worries","2014","Hamburg","Female","134","0.531316847298711","0.468051542406843","0.594582152190578","2"
"Some worries","2014","Lower Saxony","Male","685","0.572469743782127","0.544629220925377","0.600310266638876","2"
"Some worries","2014","Lower Saxony","Female","830","0.608398579234937","0.582757004191035","0.634040154278838","2"
"Some worries","2014","Bremen","Male","50","0.466898350507489","0.365501888935802","0.568294812079176","2"
"Some worries","2014","Bremen","Female","68","0.540310210704579","0.452591696986604","0.628028724422554","2"
"Some worries","2014","Hesse","Male","506","0.548358794944068","0.515608481071569","0.581109108816567","2"
"Some worries","2014","Saxony","Female","535","0.619983202532504","0.587390554100594","0.652575850964414","2"
"Some worries","2014","Saxony-Anhalt","Male","245","0.523006188839055","0.476176943549248","0.569835434128861","2"
"Some worries","2014","Saxony-Anhalt","Female","316","0.584577961623314","0.542623694242262","0.626532229004367","2"
"Some worries","2014","Thuringia","Male","244","0.525011384910583","0.47876955150564","0.571253218315526","2"
"Some worries","2014","Thuringia","Female","316","0.565556861745777","0.524206133621691","0.606907589869863","2"
"Some worries","2014","Schleswig-Holstein","Male","248","0.603768608931182","0.556308611126614","0.651228606735751","2"
"Some worries","2014","Schleswig-Holstein","Female","310","0.60763442605609","0.565504579868166","0.649764272244014","2"
"Big worries","2015","Schleswig-Holstein","Male","86","0.236566715661748","0.19455076626938","0.278582665054115","1"
"Big worries","2015","Schleswig-Holstein","Female","145","0.336764750176015","0.294263823470281","0.379265676881749","1"
"Big worries","2015","Hamburg","Male","49","0.237134374014616","0.177128921422895","0.297139826606338","1"
"Big worries","2015","Hamburg","Female","73","0.303817276733106","0.244380941020045","0.363253612446167","1"
"Big worries","2015","Lower Saxony","Male","225","0.208033150253826","0.184165435659715","0.231900864847938","1"
"Big worries","2015","Lower Saxony","Female","331","0.242911833236517","0.219573186634161","0.266250479838873","1"
"Big worries","2015","Bremen","Male","15","","","","1"
"Big worries","2015","Bremen","Female","30","0.382288809039271","0.287045030141593","0.477532587936949","1"
"Big worries","2015","North Rhine-Westphalia","Male","630","0.260516117262081","0.242815443440066","0.278216791084096","1"
"Big worries","2015","North Rhine-Westphalia","Female","848","0.290806942306039","0.273997871399213","0.307616013212864","1"
"Big worries","2015","Hesse","Male","191","0.246054159555226","0.215962498928814","0.276145820181639","1"
"Big worries","2015","Hesse","Female","268","0.290137516474531","0.260764234128628","0.319510798820434","1"
"Big worries","2015","Rhineland-Palatinate,Saarland","Male","126","0.172219091248777","0.143923524977446","0.200514657520108","1"
"Big worries","2015","Rhineland-Palatinate,Saarland","Female","195","0.279661476110708","0.248694701919554","0.310628250301862","1"
"Big worries","2015","Baden-Württemberg","Male","309","0.231124494038522","0.208842823849058","0.253406164227986","1"
"Big worries","2015","Baden-Württemberg","Female","466","0.320367295807312","0.297588708067778","0.343145883546846","1"
"Big worries","2015","Bavaria","Female","662","0.301590818934588","0.282347215498919","0.320834422370256","1"
"Big worries","2015","Berlin","Male","112","0.306640651379853","0.262437421663401","0.350843881096306","1"
"Big worries","2015","Berlin","Female","183","0.362313636991374","0.320054969197985","0.404572304784763","1"
"Big worries","2015","Brandenburg","Male","72","0.200495994640056","0.163043650674975","0.237948338605138","1"
"Big worries","2015","Brandenburg","Female","120","0.229465390830886","0.194195311144529","0.264735470517243","1"
"Big worries","2015","Mecklenburg-Western Pomerania","Male","45","0.189060597381023","0.140328291117661","0.237792903644385","1"
"Big worries","2015","Mecklenburg-Western Pomerania","Female","72","0.26787702791571","0.218339006538068","0.317415049293353","1"
"Big worries","2015","Saxony","Male","158","0.203220177559835","0.173848210284474","0.232592144835195","1"
"Big worries","2015","Saxony","Female","198","0.289296549881833","0.257697378940467","0.3208957208232","1"
"Big worries","2015","Saxony-Anhalt","Female","137","0.308888554503719","0.267853164885381","0.349923944122057","1"
"Big worries","2015","Bavaria","Male","419","0.222893116179777","0.203793511427488","0.241992720932066","1"
"Big worries","2015","Saxony-Anhalt","Male","78","0.236366697466617","0.194522420147815","0.278210974785419","1"
"Big worries","2015","Thuringia","Female","98","0.197499143209187","0.162568773803359","0.232429512615014","1"
"Big worries","2015","Thuringia","Male","77","0.201167258061248","0.163010476176177","0.23932403994632","1"
"No worries","2015","Thuringia","Male","112","0.277147723702917","0.234544192499992","0.319751254905841","3"
"No worries","2015","Thuringia","Female","89","0.182771966731081","0.148862244004343","0.21668168945782","3"
"No worries","2015","Schleswig-Holstein","Male","77","0.19728895495036","0.157944564493722","0.236633345406998","3"
"No worries","2015","Schleswig-Holstein","Female","37","0.0684999289168924","0.0457836185969157","0.0912162392368692","3"
"No worries","2015","Hamburg","Male","33","0.177072678662451","0.123217687906114","0.230927669418789","3"
"No worries","2015","Hamburg","Female","26","","","","3"
"No worries","2015","Lower Saxony","Male","212","0.183101177292773","0.160359590462847","0.2058427641227","3"
"No worries","2015","Lower Saxony","Female","164","0.12069496320307","0.102965627772215","0.138424298633926","3"
"No worries","2015","Bremen","Male","7","","","","3"
"No worries","2015","Bremen","Female","11","","","","3"
"No worries","2015","North Rhine-Westphalia","Male","401","0.166403173140366","0.151383275514471","0.181423070766262","3"
"No worries","2015","North Rhine-Westphalia","Female","285","0.099508666363608","0.0884289330282329","0.110588399698983","3"
"No worries","2015","Hesse","Male","139","0.189895292680047","0.162492905252717","0.217297680107377","3"
"No worries","2015","Hesse","Female","106","0.122072897344881","0.100884296601832","0.14326149808793","3"
"No worries","2015","Rhineland-Palatinate,Saarland","Male","128","0.166586170458802","0.138662669754343","0.19450967116326","3"
"No worries","2015","Rhineland-Palatinate,Saarland","Female","79","0.0985305273335442","0.0779682013744724","0.119092853292616","3"
"No worries","2015","Baden-Württemberg","Male","295","0.216679653575681","0.194903783740633","0.238455523410729","3"
"No worries","2015","Baden-Württemberg","Female","227","0.136199050547978","0.119455041466994","0.152943059628963","3"
"No worries","2015","Bavaria","Male","329","0.188350664306452","0.170407316684505","0.2062940119284","3"
"No worries","2015","Bavaria","Female","219","0.113372929675199","0.100079178410912","0.126666680939486","3"
"No worries","2015","Berlin","Male","66","0.116754821986432","0.0859699040161781","0.147539739956685","3"
"No worries","2015","Berlin","Female","47","0.061650363744028","0.0405047612766858","0.0827959662113702","3"
"No worries","2015","Brandenburg","Male","106","0.167339700643144","0.132421709223747","0.202257692062542","3"
"No worries","2015","Brandenburg","Female","86","0.12720966475811","0.0992606316614135","0.155158697854807","3"
"No worries","2015","Mecklenburg-Western Pomerania","Male","53","0.187440199723491","0.138868725398464","0.236011674048519","3"
"No worries","2015","Mecklenburg-Western Pomerania","Female","46","0.128190553958969","0.0907951955008487","0.165585912417089","3"
"No worries","2015","Saxony","Male","180","0.235463097526303","0.204493104223882","0.266433090828724","3"
"No worries","2015","Saxony","Female","126","0.143927333169528","0.119465623691779","0.168389042647277","3"
"No worries","2015","Saxony-Anhalt","Male","82","0.198231921724","0.15896637270359","0.23749747074441","3"
"No worries","2015","Saxony-Anhalt","Female","67","0.12077353479776","0.0918321121739455","0.149714957421574","3"
"Some worries","2015","Baden-Württemberg","Male","771","0.552195852385798","0.525912099950665","0.57847960482093","2"
"Some worries","2015","Bavaria","Female","1304","0.585036251390214","0.564376797448147","0.60569570533228","2"
"Some worries","2015","Berlin","Male","240","0.576604526633715","0.529237941117687","0.623971112149742","2"
"Some worries","2015","Berlin","Female","267","0.576035999264598","0.532589058659825","0.619482939869371","2"
"Some worries","2015","Brandenburg","Male","261","0.632164304716799","0.587055870588606","0.677272738844993","2"
"Some worries","2015","Brandenburg","Female","340","0.643324944411003","0.603145554873486","0.683504333948521","2"
"Some worries","2015","Saxony","Male","383","0.561316724913862","0.525095762257278","0.597537687570447","2"
"Some worries","2015","North Rhine-Westphalia","Male","1331","0.573080709597553","0.553133188695817","0.593028230499289","2"
"Some worries","2015","North Rhine-Westphalia","Female","1671","0.609684391330353","0.591628472894902","0.627740309765804","2"
"Some worries","2015","Hesse","Female","543","0.587789586180588","0.555930460983388","0.619648711377788","2"
"Some worries","2015","Rhineland-Palatinate,Saarland","Male","430","0.661194738292422","0.625724851057312","0.696664625527531","2"
"Some worries","2015","Rhineland-Palatinate,Saarland","Female","533","0.621807996555748","0.588350330201536","0.655265662909959","2"
"Some worries","2015","Baden-Württemberg","Female","919","0.54343365364471","0.519117729193865","0.567749578095554","2"
"Some worries","2015","Bavaria","Male","1076","0.588756219513771","0.566174703268558","0.611337735758984","2"
"Some worries","2015","Mecklenburg-Western Pomerania","Male","150","0.623499202895486","0.56319839206272","0.683800013728251","2"
"Some worries","2015","Mecklenburg-Western Pomerania","Female","189","0.603932418125321","0.549223550854437","0.658641285396205","2"
"Some worries","2015","Saxony","Female","467","0.566776116948638","0.53224411034007","0.601308123557207","2"
"Some worries","2015","Lower Saxony","Male","674","0.6088656724534","0.580170107940974","0.637561236965827","2"
"Some worries","2015","Bremen","Female","59","0.521589206765917","0.423682402873294","0.619496010658541","2"
"Some worries","2015","Hesse","Male","457","0.564050547764727","0.529405767938753","0.598695327590701","2"
"Some worries","2015","Saxony-Anhalt","Male","236","0.565401380809384","0.51657853372575","0.614224227893017","2"
"Some worries","2015","Saxony-Anhalt","Female","283","0.570337910698522","0.526372285977424","0.61430353541962","2"
"Some worries","2015","Thuringia","Male","235","0.521685018235835","0.474137666031004","0.569232370440666","2"
"Some worries","2015","Thuringia","Female","312","0.619728890059732","0.577135191257566","0.662322588861898","2"
"Some worries","2015","Hamburg","Male","111","0.585792947322933","0.516298476780066","0.655287417865799","2"
"Some worries","2015","Hamburg","Female","131","0.56987653569583","0.505892573778027","0.633860497613633","2"
"Some worries","2015","Lower Saxony","Female","802","0.636393203560413","0.610213973745021","0.662572433375805","2"
"Some worries","2015","Bremen","Male","50","0.662901477972134","0.553711001615125","0.772091954329142","2"
"Some worries","2015","Schleswig-Holstein","Female","293","0.594735320907093","0.550585135750846","0.638885506063339","2"
"Some worries","2015","Schleswig-Holstein","Male","230","0.566144329387892","0.517145236986876","0.615143421788907","2"
"Big worries","2016","Schleswig-Holstein","Male","82","0.183406568867678","0.144132666219814","0.222680471515541","1"
"Big worries","2016","Schleswig-Holstein","Female","140","0.328236994355129","0.284754856431261","0.371719132278996","1"
"Big worries","2016","Hamburg","Male","49","0.250394410723265","0.188953148278696","0.311835673167834","1"
"Big worries","2016","Hamburg","Female","85","0.33230263337845","0.271820534525694","0.392784732231205","1"
"Big worries","2016","Lower Saxony","Male","249","0.258613526463919","0.232678363651731","0.284548689276106","1"
"Big worries","2016","Lower Saxony","Female","355","0.295016366547618","0.269954286793985","0.320078446301251","1"
"Big worries","2016","Bremen","Male","31","0.397467874397611","0.290894994587515","0.504040754207707","1"
"Big worries","2016","Bremen","Female","36","0.30503062848193","0.211954411911894","0.398106845051965","1"
"Big worries","2016","North Rhine-Westphalia","Male","676","0.270006336003289","0.251929117927281","0.288083554079297","1"
"Big worries","2016","North Rhine-Westphalia","Female","907","0.327143195769819","0.309511507080031","0.344774884459606","1"
"Big worries","2016","Hesse","Male","184","0.32187227782341","0.288188297267171","0.355556258379649","1"
"Big worries","2016","Hesse","Female","273","0.304713974577679","0.274057862067651","0.335370087087708","1"
"Big worries","2016","Rhineland-Palatinate,Saarland","Male","120","0.157553843328581","0.130251142035892","0.18485654462127","1"
"Big worries","2016","Rhineland-Palatinate,Saarland","Female","202","0.26611665036134","0.235454953421755","0.296778347300925","1"
"Big worries","2016","Baden-Württemberg","Male","312","0.223575751279145","0.200839695266675","0.246311807291615","1"
"Big worries","2016","Baden-Württemberg","Female","458","0.305723991719229","0.282839850227006","0.328608133211452","1"
"Big worries","2016","Bavaria","Female","702","0.329034784517154","0.3089483596606","0.349121209373709","1"
"Big worries","2016","Berlin","Male","123","0.310677462765663","0.265718425774835","0.355636499756492","1"
"Big worries","2016","Berlin","Female","194","0.38368338615504","0.341102209058678","0.426264563251403","1"
"Big worries","2016","Brandenburg","Male","102","0.229229693137259","0.189314226045647","0.269145160228872","1"
"Big worries","2016","Brandenburg","Female","132","0.230297439278105","0.194110451027721","0.266484427528488","1"
"Big worries","2016","Mecklenburg-Western Pomerania","Male","56","0.217806880734321","0.165146392306864","0.270467369161779","1"
"Big worries","2016","Mecklenburg-Western Pomerania","Female","81","0.316247812922417","0.262260863171684","0.370234762673151","1"
"Big worries","2016","Saxony","Male","179","0.248355456144542","0.216094176666324","0.28061673562276","1"
"Big worries","2016","Saxony","Female","184","0.249426449614752","0.218725366132255","0.280127533097249","1"
"Big worries","2016","Thuringia","Male","106","0.275189591571276","0.231693644463613","0.318685538678939","1"
"Big worries","2016","Bavaria","Male","472","0.25430274400832","0.234009990961427","0.274595497055213","1"
"Big worries","2016","Saxony-Anhalt","Male","83","0.256723556392143","0.21197123241218","0.301475880372106","1"
"Big worries","2016","Saxony-Anhalt","Female","137","0.277090180451453","0.236498009352568","0.317682351550337","1"
"Big worries","2016","Thuringia","Female","126","0.228135365130718","0.191131124615361","0.265139605646076","1"
"No worries","2016","Thuringia","Male","84","0.205508881742732","0.166155650209964","0.244862113275501","3"
"No worries","2016","Thuringia","Female","89","0.187201090214454","0.152803314565747","0.22159886586316","3"
"No worries","2016","Schleswig-Holstein","Male","56","0.181356784200465","0.142253979231934","0.220459589168997","3"
"No worries","2016","Schleswig-Holstein","Female","44","0.102436479037724","0.0743582959231321","0.130514662152316","3"
"No worries","2016","Hamburg","Male","33","0.184464727818557","0.129458805688911","0.239470649948204","3"
"No worries","2016","Hamburg","Female","20","","","","3"
"No worries","2016","Lower Saxony","Male","200","0.189772186640826","0.166546910513736","0.212997462767916","3"
"No worries","2016","Lower Saxony","Female","181","0.139094634114231","0.120077834468641","0.158111433759822","3"
"No worries","2016","Bremen","Male","10","","","","3"
"No worries","2016","Bremen","Female","11","","","","3"
"No worries","2016","North Rhine-Westphalia","Male","375","0.174576648834801","0.15911995780101","0.190033339868593","3"
"No worries","2016","North Rhine-Westphalia","Female","262","0.095100956359544","0.0840765263203953","0.106125386398693","3"
"No worries","2016","Hesse","Male","126","0.15994957075315","0.133521218280459","0.18637792322584","3"
"No worries","2016","Hesse","Female","88","0.114548938867593","0.0933376547318776","0.135760223003308","3"
"No worries","2016","Rhineland-Palatinate,Saarland","Male","122","0.190526381176914","0.161095792489696","0.219956969864133","3"
"No worries","2016","Rhineland-Palatinate,Saarland","Female","85","0.0916555549362523","0.0716361426679819","0.111674967204523","3"
"No worries","2016","Baden-Württemberg","Male","280","0.225740231448477","0.202926250971644","0.24855421192531","3"
"No worries","2016","Baden-Württemberg","Female","196","0.139670971100343","0.122452715537635","0.156889226663051","3"
"No worries","2016","Bavaria","Male","304","0.18728303063244","0.16910264660126","0.205463414663619","3"
"No worries","2016","Bavaria","Female","233","0.113136203766188","0.0995948838214215","0.126677523710954","3"
"No worries","2016","Berlin","Male","58","0.10902859239058","0.0787487944609435","0.139308390320216","3"
"No worries","2016","Berlin","Female","40","0.0718005441783226","0.049195063266019","0.0944060250906261","3"
"No worries","2016","Brandenburg","Male","69","0.139214758385512","0.106342212776344","0.172087303994679","3"
"No worries","2016","Brandenburg","Female","55","0.105897392995512","0.0794500081930829","0.132344777797942","3"
"No worries","2016","Mecklenburg-Western Pomerania","Male","42","0.14630375121987","0.101214657429175","0.191392845010566","3"
"No worries","2016","Mecklenburg-Western Pomerania","Female","32","0.0916240579882266","0.0581303496570771","0.125117766319376","3"
"No worries","2016","Saxony","Male","157","0.230151110342531","0.198720865720045","0.261581354965017","3"
"No worries","2016","Saxony","Female","110","0.12796544578697","0.104262679950394","0.151668211623546","3"
"No worries","2016","Saxony-Anhalt","Male","83","0.241210628571488","0.197381141520429","0.285040115622547","3"
"No worries","2016","Saxony-Anhalt","Female","54","0.0948488254108391","0.0682742589026588","0.121423391919019","3"
"Some worries","2016","Baden-Württemberg","Male","698","0.550684017272378","0.523539607332593","0.577828427212163","2"
"Some worries","2016","Bavaria","Female","1167","0.557829011716658","0.536597671677031","0.579060351756285","2"
"Some worries","2016","Berlin","Male","226","0.580293944843757","0.532348481136218","0.628239408551295","2"
"Some worries","2016","Berlin","Female","267","0.544516069666637","0.500907573696805","0.588124565636469","2"
"Some worries","2016","Brandenburg","Male","255","0.631555548477229","0.58574820784428","0.677362889110178","2"
"Some worries","2016","Brandenburg","Female","333","0.663805167726383","0.62320178184817","0.704408553604596","2"
"Some worries","2016","Saxony","Male","353","0.521493433512927","0.484193603450351","0.558793263575504","2"
"Some worries","2016","North Rhine-Westphalia","Male","1266","0.55541701516191","0.535183511940684","0.575650518383136","2"
"Some worries","2016","North Rhine-Westphalia","Female","1551","0.577755847870637","0.559194152719015","0.59631754302226","2"
"Some worries","2016","Hesse","Female","505","0.580737086554728","0.547872955809178","0.613601217300277","2"
"Some worries","2016","Rhineland-Palatinate,Saarland","Male","442","0.651919775494504","0.616220714490065","0.687618836498944","2"
"Some worries","2016","Rhineland-Palatinate,Saarland","Female","511","0.642227794702408","0.608969919986934","0.675485669417882","2"
"Some worries","2016","Baden-Württemberg","Female","903","0.554605037180428","0.529918035867498","0.579292038493358","2"
"Some worries","2016","Bavaria","Male","993","0.558414225359241","0.535273874027214","0.581554576691268","2"
"Some worries","2016","Mecklenburg-Western Pomerania","Male","138","0.635889368045808","0.574499096892721","0.697279639198895","2"
"Some worries","2016","Mecklenburg-Western Pomerania","Female","172","0.592128129089356","0.535072909011508","0.649183349167204","2"
"Some worries","2016","Saxony","Female","469","0.622608104598278","0.588213565701699","0.657002643494857","2"
"Some worries","2016","Thuringia","Female","279","0.584663544654828","0.541208755179033","0.628118334130623","2"
"Some worries","2016","Lower Saxony","Male","646","0.551614286895256","0.522157547840802","0.581071025949709","2"
"Some worries","2016","Saxony-Anhalt","Male","200","0.502065815036369","0.450841772925739","0.553289857147","2"
"Some worries","2016","Thuringia","Male","215","0.519301526685992","0.470642126574225","0.567960926797759","2"
"Some worries","2016","Hamburg","Male","109","0.565140861458177","0.494836209497364","0.63544551341899","2"
"Some worries","2016","Bremen","Female","47","0.598650500416857","0.499559958835","0.697741041998714","2"
"Some worries","2016","Hamburg","Female","128","0.561075906620582","0.497355923684079","0.624795889557085","2"
"Some worries","2016","Schleswig-Holstein","Female","264","0.569326526607147","0.523473938381832","0.615179114832462","2"
"Some worries","2016","Lower Saxony","Female","736","0.565888999338151","0.538651291525371","0.593126707150931","2"
"Some worries","2016","Hesse","Male","429","0.518178151423441","0.482152763563171","0.55420353928371","2"
"Some worries","2016","Bremen","Male","40","0.504721510944284","0.395839477780477","0.613603544108091","2"
"Some worries","2016","Schleswig-Holstein","Male","235","0.635236646931857","0.586386368085164","0.68408692577855","2"
"Some worries","2016","Saxony-Anhalt","Female","276","0.628060994137708","0.584225447682876","0.67189654059254","2"
"Big worries","2017","Schleswig-Holstein","Male","118","0.248918928783609","0.208471753130779","0.289366104436439","1"
"Big worries","2017","Schleswig-Holstein","Female","212","0.378810640979969","0.336668917924591","0.420952364035346","1"
"Big worries","2017","Hamburg","Male","62","0.345195627926095","0.280893273901736","0.409497981950454","1"
"Big worries","2017","Hamburg","Female","103","0.355690389475496","0.297275762435298","0.414105016515694","1"
"Big worries","2017","Lower Saxony","Male","338","0.296288896246684","0.271086290963672","0.321491501529696","1"
"Big worries","2017","Lower Saxony","Female","441","0.299155535444413","0.275456380480092","0.322854690408734","1"
"Big worries","2017","Bremen","Male","39","0.435236807512688","0.337574609587429","0.532899005437946","1"
"Big worries","2017","Bremen","Female","51","0.367521304412033","0.281616072193984","0.453426536630082","1"
"Big worries","2017","North Rhine-Westphalia","Male","776","0.287139718082434","0.269527747433472","0.304751688731396","1"
"Big worries","2017","North Rhine-Westphalia","Female","1161","0.385652683970894","0.368205808606909","0.40309955933488","1"
"Big worries","2017","Hesse","Male","241","0.306781545573816","0.275558464617393","0.338004626530238","1"
"Big worries","2017","Hesse","Female","350","0.37257254115536","0.341697338115901","0.403447744194819","1"
"Big worries","2017","Rhineland-Palatinate,Saarland","Male","188","0.291348223815261","0.257830974652305","0.324865472978217","1"
"Big worries","2017","Rhineland-Palatinate,Saarland","Female","249","0.334123808201781","0.301740609733187","0.366507006670375","1"
"Big worries","2017","Baden-Württemberg","Male","392","0.280177713527581","0.256552116302954","0.303803310752207","1"
"Big worries","2017","Baden-Württemberg","Female","628","0.397521667430121","0.373908337351464","0.421134997508778","1"
"Big worries","2017","Mecklenburg-Western Pomerania","Female","107","0.351384314198646","0.298913302254944","0.403855326142348","1"
"Big worries","2017","Saxony","Female","294","0.372667837116121","0.340520282986238","0.404815391246004","1"
"Big worries","2017","Berlin","Male","190","0.425827033335195","0.381313004256947","0.470341062413443","1"
"Big worries","2017","Berlin","Female","229","0.424215976704708","0.381573094018156","0.466858859391259","1"
"Big worries","2017","Brandenburg","Male","130","0.290145046663531","0.249418152647296","0.330871940679765","1"
"Big worries","2017","Brandenburg","Female","187","0.358313954524842","0.318635036708765","0.397992872340919","1"
"Big worries","2017","Mecklenburg-Western Pomerania","Male","73","0.273851691739358","0.219957669677636","0.32774571380108","1"
"Big worries","2017","Saxony","Male","201","0.240723392870572","0.210835453343941","0.270611332397204","1"
"Big worries","2017","Saxony-Anhalt","Male","113","0.274515686234205","0.231527856836486","0.317503515631925","1"
"Big worries","2017","Saxony-Anhalt","Female","166","0.361752813946738","0.3199269881083","0.403578639785176","1"
"Big worries","2017","Thuringia","Female","185","0.334319720179393","0.294530534207978","0.374108906150808","1"
"Big worries","2017","Thuringia","Male","128","0.280208015638753","0.238667804385731","0.321748226891775","1"
"Big worries","2017","Bavaria","Male","603","0.30062601982556","0.280158623697394","0.321093415953725","1"
"Big worries","2017","Bavaria","Female","855","0.365618300794422","0.345788998929708","0.385447602659137","1"
"No worries","2017","Schleswig-Holstein","Male","60","0.113111804010139","0.083483674611265","0.142739933409014","3"
"No worries","2017","Schleswig-Holstein","Female","40","0.0960386830348837","0.0704417919244804","0.121635574145287","3"
"No worries","2017","Hamburg","Male","32","0.16445483272924","0.114319173520342","0.214590491938137","3"
"No worries","2017","Hamburg","Female","22","","","","3"
"No worries","2017","Lower Saxony","Male","209","0.163011475146524","0.142624190413305","0.183398759879742","3"
"No worries","2017","Lower Saxony","Female","151","0.116591505772389","0.09998081259161","0.133202198953167","3"
"No worries","2017","Bremen","Male","13","","","","3"
"No worries","2017","Bremen","Female","16","","","","3"
"No worries","2017","North Rhine-Westphalia","Male","386","0.165076710769759","0.150624799041259","0.17952862249826","3"
"No worries","2017","North Rhine-Westphalia","Female","258","0.0926420564451339","0.082249894327448","0.10303421856282","3"
"No worries","2017","Hesse","Male","106","0.123594889722715","0.101311626548223","0.145878152897208","3"
"No worries","2017","Hesse","Female","72","0.0860664385678442","0.0681563856674227","0.103976491468266","3"
"No worries","2017","Rhineland-Palatinate,Saarland","Male","83","0.116819107011358","0.0931257000528486","0.140512513969867","3"
"No worries","2017","Rhineland-Palatinate,Saarland","Female","60","0.0853162701835501","0.0661375026928697","0.10449503767423","3"
"No worries","2017","Baden-Württemberg","Male","227","0.166629675743988","0.147025501753686","0.186233849734291","3"
"No worries","2017","Baden-Württemberg","Female","181","0.107659878301676","0.0927044701022835","0.122615286501069","3"
"No worries","2017","Bavaria","Male","247","0.108460920234284","0.0945805384694362","0.122341301999132","3"
"No worries","2017","Bavaria","Female","196","0.0964791421045205","0.0843227710953299","0.108635513113711","3"
"No worries","2017","Berlin","Male","58","0.12197714165725","0.092515899251558","0.151438384062942","3"
"No worries","2017","Berlin","Female","42","0.0869547750357815","0.0626430316582768","0.111266518413286","3"
"No worries","2017","Brandenburg","Male","76","0.149291143046789","0.11730982191186","0.181272464181717","3"
"No worries","2017","Brandenburg","Female","56","0.0782870145146232","0.0560585543306542","0.100515474698592","3"
"No worries","2017","Mecklenburg-Western Pomerania","Male","55","0.209100375351522","0.159952097174499","0.258248653528546","3"
"No worries","2017","Mecklenburg-Western Pomerania","Female","28","","","","3"
"No worries","2017","Saxony","Male","157","0.187507488282661","0.160220487101371","0.214794489463951","3"
"No worries","2017","Saxony","Female","102","0.103594634903616","0.0833337197217392","0.123855550085492","3"
"No worries","2017","Saxony-Anhalt","Male","56","0.152591842337814","0.117953276769304","0.187230407906325","3"
"No worries","2017","Saxony-Anhalt","Female","56","0.116400606027068","0.0884848472598623","0.144316364794274","3"
"No worries","2017","Thuringia","Male","89","0.197303349294995","0.160493174920517","0.234113523669474","3"
"No worries","2017","Thuringia","Female","77","0.16622171866124","0.134822388426442","0.197621048896038","3"
"Some worries","2017","Bavaria","Female","1215","0.537902557101057","0.517375025691663","0.558430088510452","2"
"Some worries","2017","Berlin","Male","226","0.452195825007555","0.407389960292533","0.497001689722576","2"
"Some worries","2017","Brandenburg","Male","271","0.560563810289681","0.516023899799989","0.605103720779373","2"
"Some worries","2017","Brandenburg","Female","318","0.563399030960535","0.52235811396253","0.604439947958539","2"
"Some worries","2017","Schleswig-Holstein","Male","261","0.637969267206251","0.593013187805015","0.682925346607487","2"
"Some worries","2017","Schleswig-Holstein","Female","257","0.525150675985147","0.48176872530032","0.568532626669975","2"
"Some worries","2017","North Rhine-Westphalia","Male","1373","0.547783571147807","0.528408791197377","0.567158351098236","2"
"Some worries","2017","Hesse","Female","520","0.541361020276796","0.50954091501786","0.573181125535732","2"
"Some worries","2017","Rhineland-Palatinate,Saarland","Male","435","0.591832669173381","0.555577968113743","0.628087370233019","2"
"Some worries","2017","Rhineland-Palatinate,Saarland","Female","506","0.580559921614669","0.546681140629567","0.61443870259977","2"
"Some worries","2017","Baden-Württemberg","Male","769","0.553192610728431","0.527037791869353","0.57934742958751","2"
"Some worries","2017","Baden-Württemberg","Female","841","0.494818454268203","0.470694260853036","0.51894264768337","2"
"Some worries","2017","Bavaria","Male","1078","0.590913059940156","0.56896661508922","0.612859504791092","2"
"Some worries","2017","Berlin","Female","245","0.488829248259511","0.445698714774121","0.5319597817449","2"
"Some worries","2017","Mecklenburg-Western Pomerania","Male","135","0.51704793290912","0.456654789546564","0.577441076271675","2"
"Some worries","2017","Mecklenburg-Western Pomerania","Female","183","0.540495801946498","0.485721678616368","0.595269925276628","2"
"Some worries","2017","Saxony","Male","428","0.571769118846766","0.537176283717775","0.606361953975757","2"
"Some worries","2017","Saxony","Female","473","0.523737527980263","0.490531400509913","0.556943655450614","2"
"Some worries","2017","Thuringia","Male","232","0.522488635066252","0.476287228143045","0.568690041989459","2"
"Some worries","2017","Hamburg","Male","116","0.490349539344665","0.422736954408391","0.55796212428094","2"
"Some worries","2017","Lower Saxony","Female","842","0.584252958783199","0.558744245103105","0.609761672463293","2"
"Some worries","2017","Bremen","Female","54","0.532543536451734","0.443643170353223","0.621443902550245","2"
"Some worries","2017","North Rhine-Westphalia","Female","1571","0.521705259583972","0.503800318059737","0.539610201108207","2"
"Some worries","2017","Hesse","Male","491","0.569623564703469","0.536100455068549","0.603146674338389","2"
"Some worries","2017","Saxony-Anhalt","Male","245","0.57289247142798","0.525243548146238","0.620541394709723","2"
"Some worries","2017","Saxony-Anhalt","Female","285","0.521846580026194","0.478365615899758","0.56532754415263","2"
"Some worries","2017","Bremen","Male","47","0.484459018441677","0.386014709828099","0.582903327055256","2"
"Some worries","2017","Thuringia","Female","278","0.499458561159368","0.457286875489101","0.541630246829634","2"
"Some worries","2017","Hamburg","Female","133","0.544801077896387","0.484035472421529","0.605566683371246","2"
"Some worries","2017","Lower Saxony","Male","714","0.540699628606792","0.513194290891323","0.568204966322262","2"
"Big worries","2018","Hamburg","Female","107","0.4009526076565","0.342922961583244","0.458982253729756","1"
"Big worries","2018","Schleswig-Holstein","Male","118","0.266171461640532","0.224252337789997","0.308090585491067","1"
"Big worries","2018","Schleswig-Holstein","Female","184","0.357844541112275","0.31591080864816","0.39977827357639","1"
"Big worries","2018","Hamburg","Male","70","0.364972972232485","0.300320558056344","0.429625386408626","1"
"Big worries","2018","Lower Saxony","Male","296","0.28106066428363","0.255380013994047","0.306741314573214","1"
"Big worries","2018","Lower Saxony","Female","391","0.281271351174742","0.257331377344527","0.305211325004957","1"
"Big worries","2018","Bremen","Male","37","0.380555587741777","0.287688107321135","0.473423068162419","1"
"Big worries","2018","Bremen","Female","48","0.48723794396663","0.39854344867057","0.575932439262689","1"
"Big worries","2018","North Rhine-Westphalia","Male","726","0.271251036444627","0.253773822321042","0.288728250568213","1"
"Big worries","2018","North Rhine-Westphalia","Female","1015","0.345802785930079","0.328639293132981","0.362966278727176","1"
"Big worries","2018","Hesse","Male","228","0.310127556963405","0.278095383275762","0.342159730651047","1"
"Big worries","2018","Hesse","Female","332","0.340995661321701","0.310128083215525","0.371863239427878","1"
"Big worries","2018","Rhineland-Palatinate,Saarland","Male","166","0.250775367731843","0.218432985365499","0.283117750098186","1"
"Big worries","2018","Rhineland-Palatinate,Saarland","Female","235","0.295453868596355","0.263838179273441","0.327069557919268","1"
"Big worries","2018","Baden-Württemberg","Male","318","0.252264998546708","0.228564603255457","0.27596539383796","1"
"Big worries","2018","Baden-Württemberg","Female","478","0.339806690994634","0.315885261567544","0.363728120421725","1"
"Big worries","2018","Mecklenburg-Western Pomerania","Female","93","0.311812728789171","0.261908846628534","0.361716610949808","1"
"Big worries","2018","Berlin","Male","177","0.378039840956303","0.334929642188927","0.42115003972368","1"
"Big worries","2018","Berlin","Female","237","0.43259930565764","0.389726959664299","0.475471651650981","1"
"Big worries","2018","Brandenburg","Male","131","0.272060729676889","0.232207746297156","0.311913713056622","1"
"Big worries","2018","Brandenburg","Female","162","0.276647089913815","0.239362987267756","0.313931192559875","1"
"Big worries","2018","Mecklenburg-Western Pomerania","Male","64","0.220289205142901","0.170670654382024","0.269907755903778","1"
"Big worries","2018","Saxony","Male","207","0.289520100815292","0.257547821201561","0.321492380429022","1"
"Big worries","2018","Saxony","Female","232","0.28939478506741","0.259051402501191","0.31973816763363","1"
"Big worries","2018","Saxony-Anhalt","Male","101","0.213312288546042","0.173416256862524","0.25320832022956","1"
"Big worries","2018","Saxony-Anhalt","Female","155","0.316659137411034","0.276326896844339","0.356991377977729","1"
"Big worries","2018","Bavaria","Female","764","0.349126227059064","0.329060353301134","0.369192100816995","1"
"Big worries","2018","Bavaria","Male","564","0.310708276946276","0.289417685832415","0.331998868060137","1"
"Big worries","2018","Thuringia","Male","98","0.234112259875507","0.193949015204061","0.274275504546952","1"
"Big worries","2018","Thuringia","Female","157","0.300592980867337","0.260954140351084","0.340231821383591","1"
"No worries","2018","Schleswig-Holstein","Male","63","0.151611472353327","0.117594349400503","0.185628595306151","3"
"No worries","2018","Schleswig-Holstein","Female","42","0.0938624429703241","0.0683507532214231","0.119374132719225","3"
"No worries","2018","Hamburg","Male","25","","","","3"
"No worries","2018","Hamburg","Female","26","","","","3"
"No worries","2018","Lower Saxony","Male","194","0.162492947056925","0.141417764084758","0.183568130029092","3"
"No worries","2018","Lower Saxony","Female","170","0.123265402571086","0.10576157142949","0.140769233712682","3"
"No worries","2018","Bremen","Male","17","","","","3"
"No worries","2018","Bremen","Female","18","","","","3"
"No worries","2018","North Rhine-Westphalia","Male","370","0.141574807180044","0.127870984021734","0.155278630338354","3"
"No worries","2018","North Rhine-Westphalia","Female","306","0.10309351158886","0.0921204875055784","0.114066535672141","3"
"No worries","2018","Hesse","Male","110","0.147403076081737","0.122852765705828","0.171953386457646","3"
"No worries","2018","Hesse","Female","79","0.0927917794115989","0.0738991575528936","0.111684401270304","3"
"No worries","2018","Rhineland-Palatinate,Saarland","Male","108","0.136603501454238","0.110978753467621","0.162228249440856","3"
"No worries","2018","Rhineland-Palatinate,Saarland","Female","73","0.0818892058004463","0.062888751992103","0.10088965960879","3"
"No worries","2018","Baden-Württemberg","Male","233","0.167534786260164","0.14715550884792","0.187914063672409","3"
"No worries","2018","Baden-Württemberg","Female","171","0.106051332765771","0.0905006321240774","0.121602033407464","3"
"No worries","2018","Bavaria","Male","275","0.156729207088873","0.140004124390116","0.173454289787629","3"
"No worries","2018","Bavaria","Female","226","0.108564086803958","0.0954690535044674","0.121659120103449","3"
"No worries","2018","Berlin","Male","73","0.142996972136961","0.111873749789586","0.174120194484336","3"
"No worries","2018","Berlin","Female","46","0.0978781579040975","0.072164438461494","0.123591877346701","3"
"No worries","2018","Brandenburg","Male","82","0.170017795857423","0.13637733665295","0.203658255061897","3"
"No worries","2018","Brandenburg","Female","63","0.0792301909698852","0.056718588440294","0.101741793499476","3"
"No worries","2018","Mecklenburg-Western Pomerania","Male","59","0.214206479887049","0.165087287475106","0.263325672298993","3"
"No worries","2018","Mecklenburg-Western Pomerania","Female","38","0.100231789977491","0.0678797135630036","0.132583866391978","3"
"No worries","2018","Saxony","Male","172","0.19658760856333","0.168571637719418","0.224603579407241","3"
"No worries","2018","Saxony","Female","117","0.122195173482478","0.100280729533486","0.144109617431469","3"
"No worries","2018","Saxony-Anhalt","Male","71","0.21446295692058","0.174488731333572","0.254437182507587","3"
"No worries","2018","Saxony-Anhalt","Female","58","0.0985816689867686","0.0727353370846768","0.12442800088886","3"
"No worries","2018","Thuringia","Male","94","0.201199829393021","0.163175021199054","0.239224637586987","3"
"No worries","2018","Thuringia","Female","98","0.181918645295767","0.148568065733484","0.21526922485805","3"
"Some worries","2018","Bavaria","Female","1178","0.542309686136977","0.521338258629075","0.563281113644879","2"
"Some worries","2018","Brandenburg","Male","266","0.557921474465688","0.513446410360365","0.60239653857101","2"
"Some worries","2018","Brandenburg","Female","328","0.644122719116299","0.604218394385212","0.684027043847387","2"
"Some worries","2018","Mecklenburg-Western Pomerania","Male","145","0.56550431497005","0.506158323549846","0.624850306390254","2"
"Some worries","2018","Mecklenburg-Western Pomerania","Female","200","0.587955481233338","0.534930760912584","0.640980201554092","2"
"Some worries","2018","Saxony","Male","394","0.513892290621379","0.478658396114674","0.549126185128083","2"
"Some worries","2018","Schleswig-Holstein","Male","246","0.582217066006141","0.535437954701717","0.628996177310565","2"
"Some worries","2018","Schleswig-Holstein","Female","276","0.548293015917401","0.504758773411883","0.59182725842292","2"
"Some worries","2018","Hesse","Female","495","0.5662125592667","0.533941573760585","0.598483544772815","2"
"Some worries","2018","Rhineland-Palatinate,Saarland","Male","416","0.612621130813919","0.576272546948454","0.648969714679384","2"
"Some worries","2018","Baden-Württemberg","Male","739","0.580200215193127","0.553268545184649","0.607131885201605","2"
"Some worries","2018","Baden-Württemberg","Female","857","0.554141976239595","0.529037889718288","0.579246062760902","2"
"Some worries","2018","Bavaria","Male","976","0.532562515964851","0.509608597109101","0.555516434820602","2"
"Some worries","2018","Berlin","Male","236","0.478963186906735","0.434549663469523","0.523376710343948","2"
"Some worries","2018","Berlin","Female","230","0.469522536438262","0.426335729127211","0.512709343749313","2"
"Some worries","2018","Saxony","Female","509","0.588410041450112","0.555481168209704","0.62133891469052","2"
"Some worries","2018","Saxony-Anhalt","Male","233","0.572224754533378","0.524039769906453","0.620409739160303","2"
"Some worries","2018","Saxony-Anhalt","Female","298","0.584759193602197","0.542034772876273","0.627483614328122","2"
"Some worries","2018","Hamburg","Male","118","0.545424214102097","0.478554626368091","0.612293801836104","2"
"Some worries","2018","Lower Saxony","Female","794","0.595463246254172","0.569330508136299","0.621595984372045","2"
"Some worries","2018","Bremen","Female","56","0.433463693614669","0.345529372959026","0.521398014270313","2"
"Some worries","2018","North Rhine-Westphalia","Male","1390","0.587174156375329","0.567820437264795","0.606527875485862","2"
"Some worries","2018","Hesse","Male","463","0.542469366954858","0.507968537946774","0.576970195962943","2"
"Some worries","2018","Thuringia","Female","259","0.517488373836895","0.4742896694987","0.560687078175091","2"
"Some worries","2018","Lower Saxony","Male","687","0.556446388659445","0.528064284896616","0.584828492422274","2"
"Some worries","2018","Bremen","Male","51","0.527125800799629","0.431630195070012","0.622621406529247","2"
"Some worries","2018","North Rhine-Westphalia","Female","1629","0.551103702481061","0.533155260351881","0.569052144610242","2"
"Some worries","2018","Rhineland-Palatinate,Saarland","Female","492","0.622656925603199","0.589068031838804","0.656245819367594","2"
"Some worries","2018","Thuringia","Male","235","0.564687910731473","0.517661832420266","0.611713989042679","2"
"Some worries","2018","Hamburg","Female","141","0.510724116238453","0.451534857996736","0.569913374480171","2"
"Big worries","2019","Hamburg","Female","162","0.534992281064936","0.476674798243845","0.593309763886026","1"
"Big worries","2019","Schleswig-Holstein","Male","203","0.397864415963284","0.353281107734493","0.442447724192075","1"
"Big worries","2019","Schleswig-Holstein","Female","266","0.534036344418275","0.49013592374641","0.577936765090141","1"
"Big worries","2019","Hamburg","Male","119","0.478960827009931","0.417036218146611","0.540885435873252","1"
"Big worries","2019","Lower Saxony","Male","478","0.418649469728825","0.390513139573199","0.44678579988445","1"
"Big worries","2019","Lower Saxony","Female","602","0.438547359565751","0.411635648145577","0.465459070985925","1"
"Big worries","2019","Bremen","Male","50","0.624639433008313","0.529734865811031","0.719544000205595","1"
"Big worries","2019","Bremen","Female","66","0.541820624352999","0.453043527239398","0.6305977214666","1"
"Big worries","2019","North Rhine-Westphalia","Male","1149","0.412493209413438","0.393442144651222","0.431544274175654","1"
"Big worries","2019","North Rhine-Westphalia","Female","1491","0.495136141112723","0.476747976792147","0.513524305433299","1"
"Big worries","2019","Hesse","Male","403","0.43904744370041","0.405704640955929","0.47239024644489","1"
"Big worries","2019","Hesse","Female","442","0.463031919904959","0.429764249234087","0.496299590575832","1"
"Big worries","2019","Rhineland-Palatinate,Saarland","Male","250","0.364102226218077","0.328147234640963","0.400057217795191","1"
"Big worries","2019","Rhineland-Palatinate,Saarland","Female","351","0.479352383127092","0.444293330403075","0.514411435851109","1"
"Big worries","2019","Baden-Württemberg","Male","544","0.395716284254817","0.369386181218481","0.422046387291154","1"
"Big worries","2019","Baden-Württemberg","Female","730","0.507244190019347","0.481773444850608","0.532714935188086","1"
"Big worries","2019","Mecklenburg-Western Pomerania","Female","135","0.401184709837818","0.347229040215667","0.455140379459968","1"
"Big worries","2019","Berlin","Male","270","0.497150488156953","0.454176132798379","0.540124843515526","1"
"Big worries","2019","Berlin","Female","327","0.602509716093487","0.560120206071717","0.644899226115257","1"
"Big worries","2019","Brandenburg","Male","196","0.393385398978927","0.351952720441126","0.434818077516727","1"
"Big worries","2019","Brandenburg","Female","254","0.470024793744808","0.429476296954385","0.510573290535231","1"
"Big worries","2019","Mecklenburg-Western Pomerania","Male","100","0.412805663457473","0.356527725239274","0.469083601675672","1"
"Big worries","2019","Saxony","Male","317","0.424819693546028","0.390501592004582","0.459137795087475","1"
"Big worries","2019","Saxony","Female","349","0.432352001615857","0.398830350405836","0.465873652825877","1"
"Big worries","2019","Saxony-Anhalt","Male","142","0.360890180372146","0.314459776870762","0.40732058387353","1"
"Big worries","2019","Saxony-Anhalt","Female","216","0.441575994276999","0.397152548744753","0.485999439809246","1"
"Big worries","2019","Thuringia","Male","154","0.393532024919571","0.347303139644292","0.43976091019485","1"
"Big worries","2019","Thuringia","Female","237","0.500175018937067","0.456172531207188","0.544177506666945","1"
"Big worries","2019","Bavaria","Female","1073","0.507371117790997","0.485797584319234","0.528944651262759","1"
"Big worries","2019","Bavaria","Male","830","0.415698123755073","0.393467340284226","0.43792890722592","1"
"No worries","2019","Schleswig-Holstein","Male","38","0.103533554895275","0.0757834149401803","0.131283694850369","3"
"No worries","2019","Schleswig-Holstein","Female","26","","","","3"
"No worries","2019","Hamburg","Male","22","","","","3"
"No worries","2019","Hamburg","Female","9","","","","3"
"No worries","2019","Lower Saxony","Male","120","0.116860943663388","0.0985389646013019","0.135182922725474","3"
"No worries","2019","Lower Saxony","Female","79","0.0849441915478059","0.0698236572623843","0.100064725833228","3"
"No worries","2019","Bremen","Male","7","","","","3"
"No worries","2019","Bremen","Female","4","","","","3"
"No worries","2019","North Rhine-Westphalia","Male","215","0.0868802743504105","0.0759802150546496","0.0977803336461715","3"
"No worries","2019","North Rhine-Westphalia","Female","140","0.0494822870507851","0.0415061260753844","0.0574584480261858","3"
"No worries","2019","Hesse","Male","70","0.126297064913012","0.103978727592547","0.148615402233476","3"
"No worries","2019","Hesse","Female","31","0.0488227722098223","0.0344452306039724","0.0632003138156721","3"
"No worries","2019","Rhineland-Palatinate,Saarland","Male","75","0.0898412301368133","0.0684738982432118","0.111208562030415","3"
"No worries","2019","Rhineland-Palatinate,Saarland","Female","36","0.0377285486466045","0.0243569097518286","0.0511001875413805","3"
"No worries","2019","Baden-Württemberg","Male","144","0.112144228644244","0.0951539763863442","0.129134480902144","3"
"No worries","2019","Baden-Württemberg","Female","100","0.0650737038622471","0.0525073673869893","0.077640040337505","3"
"No worries","2019","Bavaria","Male","180","0.112534982884394","0.098280006834481","0.126789958934306","3"
"No worries","2019","Bavaria","Female","113","0.0656401741185497","0.0549535528646965","0.0763267953724029","3"
"No worries","2019","Berlin","Male","45","0.0970973098559555","0.0716483233451443","0.122546296366767","3"
"No worries","2019","Berlin","Female","20","","","","3"
"No worries","2019","Brandenburg","Male","64","0.122097077102914","0.0943285180826913","0.149865636123137","3"
"No worries","2019","Brandenburg","Female","29","","","","3"
"No worries","2019","Mecklenburg-Western Pomerania","Male","33","0.0996295968738923","0.0653938964409534","0.133865297306831","3"
"No worries","2019","Mecklenburg-Western Pomerania","Female","14","","","","3"
"No worries","2019","Saxony","Male","91","0.105756122938128","0.0844060344953659","0.12710621138089","3"
"No worries","2019","Saxony","Female","67","0.0933512729976673","0.0736657589056511","0.113036787089683","3"
"No worries","2019","Saxony-Anhalt","Male","43","0.12230454280102","0.0906292673969734","0.153979818205067","3"
"No worries","2019","Saxony-Anhalt","Female","32","0.0576300061712761","0.0367820958615808","0.0784779164809714","3"
"No worries","2019","Thuringia","Male","61","0.131139456648208","0.0991975252476845","0.163081388048731","3"
"No worries","2019","Thuringia","Female","46","0.0971866924556523","0.0711185773606146","0.12325480755069","3"
"Some worries","2019","Bavaria","Female","877","0.426988708090454","0.405644096208592","0.448333319972315","2"
"Some worries","2019","Brandenburg","Male","274","0.484517523918159","0.442129891447982","0.526905156388336","2"
"Some worries","2019","Brandenburg","Female","299","0.49154624502982","0.450930491065747","0.532161998993893","2"
"Some worries","2019","Mecklenburg-Western Pomerania","Male","161","0.487564739668634","0.430428707978005","0.544700771359264","2"
"Some worries","2019","Mecklenburg-Western Pomerania","Female","168","0.556414333773451","0.501724529809252","0.61110413773765","2"
"Some worries","2019","Saxony","Male","389","0.469424183515844","0.434776405709303","0.504071961322385","2"
"Some worries","2019","Saxony-Anhalt","Female","232","0.500793999551725","0.456064202357388","0.545523796746062","2"
"Some worries","2019","Schleswig-Holstein","Male","222","0.498602029141441","0.453058581636503","0.54414547664638","2"
"Some worries","2019","Hesse","Female","390","0.488145307885218","0.454795710354626","0.521494905415811","2"
"Some worries","2019","Rhineland-Palatinate,Saarland","Male","363","0.54605654364511","0.508853920763486","0.583259166526733","2"
"Some worries","2019","Baden-Württemberg","Male","637","0.492139487100939","0.465220638399629","0.519058335802249","2"
"Some worries","2019","Saxony-Anhalt","Male","226","0.516805276826834","0.468493641191168","0.5651169124625","2"
"Some worries","2019","Schleswig-Holstein","Female","204","0.383486812810398","0.340695692667216","0.426277932953579","2"
"Some worries","2019","Bremen","Male","43","0.342191703014034","0.249202505013517","0.435180901014552","2"
"Some worries","2019","Baden-Württemberg","Female","650","0.427682106118406","0.402476541188809","0.452887671048003","2"
"Some worries","2019","Bavaria","Male","878","0.471766893360533","0.449249213790192","0.494284572930874","2"
"Some worries","2019","Berlin","Male","205","0.405752201987092","0.363547518031504","0.44795688594268","2"
"Some worries","2019","Berlin","Female","165","0.337729032783559","0.296763824527419","0.3786942410397","2"
"Some worries","2019","Saxony","Female","423","0.474296725386476","0.440508723104065","0.508084727668887","2"
"Some worries","2019","Thuringia","Male","214","0.475328518432221","0.428072175427946","0.522584861436496","2"
"Some worries","2019","Thuringia","Female","213","0.402638288607281","0.359478085499007","0.445798491715555","2"
"Some worries","2019","Lower Saxony","Female","625","0.476508448886443","0.449421091134165","0.503595806638722","2"
"Some worries","2019","Hesse","Male","378","0.434655491386578","0.401350257685492","0.467960725087665","2"
"Some worries","2019","Hamburg","Male","109","0.464457101627649","0.402634393845801","0.526279809409496","2"
"Some worries","2019","North Rhine-Westphalia","Female","1209","0.455381571836492","0.437065901709202","0.473697241963782","2"
"Some worries","2019","Rhineland-Palatinate,Saarland","Female","393","0.482919068226303","0.447850565155548","0.517987571297059","2"
"Some worries","2019","Hamburg","Female","110","0.440972004229515","0.382919999879471","0.499024008579559","2"
"Some worries","2019","Lower Saxony","Male","583","0.464489586607787","0.436045296893476","0.492933876322099","2"
"Some worries","2019","North Rhine-Westphalia","Male","1201","0.500626516236152","0.481276823648377","0.519976208823927","2"
"Some worries","2019","Bremen","Female","51","0.448431715563367","0.359817538387473","0.53704589273926","2"
