"plh0187","year","e11103","migback","n","percent","lower_confidence","upper_confidence","value"
"Often","2007","Full Time","direct migration background","54","0.0973225544023908","0.0754124990995051","0.119232609705277","4"
"Often","2007","Full Time","indirect migration background","41","0.17188028601837","0.131051095962552","0.212709476074187","4"
"Often","2007","Full Time","no migration background","530","0.0915224529242119","0.0846844879309537","0.09836041791747","4"
"Often","2007","Not Working","direct migration background","147","0.18862942712217","0.162781774756212","0.214477079488128","4"
"Often","2007","Not Working","indirect migration background","40","0.191878333856868","0.14109824626031","0.242658421453425","4"
"Often","2007","Not Working","no migration background","736","0.111944449901807","0.10448761895297","0.119401280850643","4"
"Often","2007","Part Time","direct migration background","65","0.119036362257015","0.0917988780811358","0.146273846432895","4"
"Often","2007","Part Time","indirect migration background","24","","","","4"
"Often","2007","Part Time","no migration background","472","0.126438054545933","0.116071241301995","0.13680486778987","4"
"Rarely","2007","Full Time","direct migration background","239","0.330462478730477","0.295691335767021","0.365233621693933","2"
"Rarely","2007","Full Time","indirect migration background","101","0.295472088437832","0.246095793132255","0.344848383743409","2"
"Rarely","2007","Full Time","no migration background","2535","0.355216908034569","0.343867856098859","0.366565959970279","2"
"Rarely","2007","Not Working","direct migration background","236","0.253767202955306","0.225015626138738","0.282518779771873","2"
"Rarely","2007","Not Working","indirect migration background","66","0.280740112071389","0.222792271573185","0.338687952569594","2"
"Rarely","2007","Part Time","indirect migration background","67","0.27774121524484","0.219218641969663","0.336263788520016","2"
"Rarely","2007","Part Time","direct migration background","176","0.313558300633618","0.274536333737551","0.352580267529686","2"
"Rarely","2007","Part Time","no migration background","1255","0.292831528756675","0.27863670903518","0.307026348478171","2"
"Rarely","2007","Not Working","no migration background","2165","0.30014131118434","0.289302016714131","0.310980605654548","2"
"Sometimes","2007","Not Working","no migration background","2189","0.338366718121598","0.327176580210799","0.349556856032398","3"
"Sometimes","2007","Part Time","indirect migration background","72","0.363672671782995","0.300815844925694","0.426529498640295","3"
"Sometimes","2007","Part Time","no migration background","1295","0.344926824692135","0.330099325394378","0.359754323989893","3"
"Sometimes","2007","Full Time","direct migration background","204","0.303987455042821","0.269985272624661","0.337989637460982","3"
"Sometimes","2007","Full Time","indirect migration background","102","0.350240013901239","0.298613769704643","0.401866258097834","3"
"Sometimes","2007","Not Working","direct migration background","293","0.341463970386203","0.310133351893147","0.37279458887926","3"
"Sometimes","2007","Not Working","indirect migration background","67","0.283306587015171","0.225198424343737","0.341414749686606","3"
"Sometimes","2007","Part Time","direct migration background","186","0.370057942724094","0.329447909621653","0.410667975826535","3"
"Sometimes","2007","Full Time","no migration background","1970","0.294673769009076","0.28386262368798","0.305484914330171","3"
"Very often","2007","Full Time","direct migration background","19","","","","5"
"Very often","2007","Full Time","no migration background","142","0.0271098087949283","0.0232585643223306","0.0309610532675259","5"
"Very often","2007","Not Working","direct migration background","58","0.066351591973687","0.0499069618706548","0.0827962220767192","5"
"Very often","2007","Not Working","indirect migration background","11","","","","5"
"Very often","2007","Not Working","no migration background","274","0.0409626226089427","0.0362750868717912","0.0456501583460943","5"
"Very often","2007","Part Time","direct migration background","14","","","","5"
"Very often","2007","Part Time","indirect migration background","14","","","","5"
"Very often","2007","Part Time","no migration background","143","0.0462531805989314","0.0397015881826304","0.0528047730152325","5"
"Very often","2007","Full Time","indirect migration background","11","","","","5"
"Very rare","2007","Not Working","no migration background","1504","0.208584898183312","0.19897593464873","0.218193861717894","1"
"Very rare","2007","Full Time","direct migration background","187","0.237185934061695","0.205742914927915","0.268628953195475","1"
"Very rare","2007","Full Time","indirect migration background","73","0.16121701281696","0.121420830602523","0.201013195031397","1"
"Very rare","2007","Not Working","indirect migration background","47","0.195191217410352","0.144079721607444","0.24630271321326","1"
"Very rare","2007","Not Working","direct migration background","146","0.149787807562634","0.126209715923137","0.173365899202131","1"
"Very rare","2007","Full Time","no migration background","1654","0.231477061237215","0.221475026793657","0.241479095680773","1"
"Very rare","2007","Part Time","direct migration background","102","0.178455008156922","0.146249643369705","0.210660372944138","1"
"Very rare","2007","Part Time","indirect migration background","48","0.166971667587009","0.118240354863344","0.215702980310673","1"
"Very rare","2007","Part Time","no migration background","783","0.189550411406325","0.177324397434204","0.201776425378447","1"
"Often","2008","Not Working","indirect migration background","21","","","","4"
"Often","2008","Not Working","no migration background","730","0.126476372369824","0.118373491652637","0.134579253087011","4"
"Often","2008","Full Time","direct migration background","53","0.102109491666615","0.0784841466900828","0.125734836643147","4"
"Often","2008","Full Time","indirect migration background","39","0.123306121587314","0.0884091927767328","0.158203050397896","4"
"Often","2008","Full Time","no migration background","512","0.0918817965541079","0.0848676181026525","0.0988959750055632","4"
"Often","2008","Not Working","direct migration background","123","0.156276613587218","0.131051182512439","0.181502044661996","4"
"Often","2008","Part Time","direct migration background","69","0.124491073054795","0.0948950377157703","0.154087108393819","4"
"Often","2008","Part Time","indirect migration background","25","","","","4"
"Often","2008","Part Time","no migration background","396","0.118367615883502","0.107976891296586","0.128758340470417","4"
"Rarely","2008","Full Time","direct migration background","233","0.357315684268587","0.319925440032102","0.394705928505072","2"
"Rarely","2008","Full Time","indirect migration background","102","0.302190884103916","0.253451515314315","0.350930252893518","2"
"Rarely","2008","Full Time","no migration background","2477","0.372901830553611","0.361159456650433","0.38464420445679","2"
"Rarely","2008","Not Working","direct migration background","232","0.273299868548137","0.242340728560788","0.304259008535487","2"
"Rarely","2008","Not Working","indirect migration background","69","0.276171482313021","0.215264065800521","0.337078898825522","2"
"Rarely","2008","Part Time","direct migration background","152","0.265519992234001","0.225931155063852","0.305108829404151","2"
"Rarely","2008","Not Working","no migration background","2103","0.313864841696013","0.302551951055666","0.325177732336361","2"
"Rarely","2008","Part Time","indirect migration background","58","0.218640515437045","0.164513404473896","0.272767626400193","2"
"Rarely","2008","Part Time","no migration background","1270","0.324676911493968","0.309615449909247","0.339738373078689","2"
"Sometimes","2008","Not Working","indirect migration background","64","0.342334622295467","0.277696189217424","0.406973055373511","3"
"Sometimes","2008","Not Working","direct migration background","260","0.359096416170549","0.325769629415793","0.392423202925304","3"
"Sometimes","2008","Part Time","direct migration background","151","0.367181859111574","0.32396887965288","0.410394838570267","3"
"Sometimes","2008","Part Time","indirect migration background","89","0.392637928917653","0.32868741474253","0.456588443092776","3"
"Sometimes","2008","Part Time","no migration background","1181","0.325219941389012","0.310151951509432","0.340287931268592","3"
"Sometimes","2008","Full Time","direct migration background","191","0.302602370729321","0.266758920468092","0.338445820990549","3"
"Sometimes","2008","Full Time","no migration background","1815","0.278348939116338","0.267465922471448","0.289231955761228","3"
"Sometimes","2008","Not Working","no migration background","2035","0.32531096224093","0.313890107886074","0.336731816595786","3"
"Sometimes","2008","Full Time","indirect migration background","97","0.267374513789763","0.220398959124726","0.3143500684548","3"
"Very often","2008","Full Time","direct migration background","22","","","","5"
"Very often","2008","Not Working","indirect migration background","10","","","","5"
"Very often","2008","Part Time","direct migration background","10","","","","5"
"Very often","2008","Part Time","indirect migration background","12","","","","5"
"Very often","2008","Part Time","no migration background","109","0.0384745890990073","0.0322879754605864","0.0446612027374282","5"
"Very often","2008","Not Working","no migration background","241","0.0394045511080509","0.034661684922512","0.0441474172935899","5"
"Very often","2008","Full Time","indirect migration background","10","","","","5"
"Very often","2008","Full Time","no migration background","120","0.0192178391083904","0.0158841166822553","0.0225515615345256","5"
"Very often","2008","Not Working","direct migration background","53","0.0643039822721623","0.0472636569294957","0.0813443076148289","5"
"Very rare","2008","Full Time","no migration background","1591","0.237649594667552","0.227313969810944","0.247985219524161","1"
"Very rare","2008","Not Working","direct migration background","128","0.147023119421934","0.12242210567425","0.171624133169618","1"
"Very rare","2008","Not Working","indirect migration background","43","0.186266328954054","0.133230270652098","0.23930238725601","1"
"Very rare","2008","Full Time","direct migration background","132","0.195280995147377","0.164350595590991","0.226211394703763","1"
"Very rare","2008","Full Time","indirect migration background","93","0.261137106574008","0.214515511979967","0.307758701168049","1"
"Very rare","2008","Not Working","no migration background","1355","0.194943272585182","0.185285771066269","0.204600774104094","1"
"Very rare","2008","Part Time","direct migration background","96","0.216975258703547","0.180024190947322","0.253926326459772","1"
"Very rare","2008","Part Time","indirect migration background","40","0.199579177484712","0.147238313753924","0.2519200412155","1"
"Very rare","2008","Part Time","no migration background","757","0.193260942134511","0.180560343126782","0.205961541142241","1"
"Often","2009","Full Time","direct migration background","49","0.104580213627306","0.0785277821686999","0.130632645085912","4"
"Often","2009","Not Working","indirect migration background","22","","","","4"
"Often","2009","Not Working","no migration background","598","0.106981156384397","0.0991301084060316","0.114832204362762","4"
"Often","2009","Full Time","indirect migration background","26","","","","4"
"Often","2009","Full Time","no migration background","519","0.0896126157066452","0.0824711913584509","0.0967540400548395","4"
"Often","2009","Not Working","direct migration background","100","0.157293186660448","0.129908586008211","0.184677787312685","4"
"Often","2009","Part Time","no migration background","410","0.127332300091494","0.116372992351616","0.138291607831372","4"
"Often","2009","Part Time","direct migration background","58","0.114981309493524","0.0855078116032444","0.144454807383804","4"
"Often","2009","Part Time","indirect migration background","28","","","","4"
"Rarely","2009","Full Time","direct migration background","172","0.318939955635328","0.279261265933523","0.358618645337132","2"
"Rarely","2009","Full Time","no migration background","2292","0.35952405283158","0.347526227497756","0.371521878165405","2"
"Rarely","2009","Not Working","direct migration background","185","0.256674925013065","0.223820466224121","0.28952938380201","2"
"Rarely","2009","Not Working","indirect migration background","64","0.369672396066113","0.301745948777759","0.437598843354466","2"
"Rarely","2009","Full Time","indirect migration background","98","0.348276435407509","0.295241627322795","0.401311243492222","2"
"Rarely","2009","Not Working","no migration background","2047","0.336764969735637","0.32476055865586","0.348769380815414","2"
"Rarely","2009","Part Time","direct migration background","144","0.325611091398779","0.282315204678089","0.368906978119469","2"
"Rarely","2009","Part Time","indirect migration background","64","0.249847492029971","0.191433196524661","0.308261787535281","2"
"Rarely","2009","Part Time","no migration background","1234","0.330955977915975","0.315485567275833","0.346426388556117","2"
"Sometimes","2009","Full Time","direct migration background","173","0.327008584743475","0.287069832242369","0.36694733724458","3"
"Sometimes","2009","Full Time","no migration background","1763","0.304447942004283","0.292942362739856","0.31595352126871","3"
"Sometimes","2009","Part Time","indirect migration background","76","0.351143507311753","0.286737924870805","0.4155490897527","3"
"Sometimes","2009","Not Working","direct migration background","246","0.360292302121819","0.324181969911275","0.396402634332363","3"
"Sometimes","2009","Not Working","indirect migration background","59","0.304214191847144","0.239473886356682","0.368954497337605","3"
"Sometimes","2009","Not Working","no migration background","1814","0.309902622408881","0.298156041077027","0.321649203740735","3"
"Sometimes","2009","Part Time","no migration background","1136","0.325927094087501","0.310517079594705","0.341337108580296","3"
"Sometimes","2009","Full Time","indirect migration background","108","0.328487175884711","0.276205005358551","0.380769346410871","3"
"Sometimes","2009","Part Time","direct migration background","155","0.35447433631813","0.310277519677479","0.398671152958782","3"
"Very often","2009","Full Time","direct migration background","23","","","","5"
"Very often","2009","Not Working","indirect migration background","8","","","","5"
"Very often","2009","Full Time","indirect migration background","11","","","","5"
"Very often","2009","Not Working","direct migration background","48","0.087495165372398","0.0662420392675514","0.108748291477245","5"
"Very often","2009","Not Working","no migration background","215","0.0390809540189808","0.0341586361581184","0.0440032718798431","5"
"Very often","2009","Part Time","indirect migration background","6","","","","5"
"Very often","2009","Part Time","no migration background","123","0.0414008269523899","0.0348512626207967","0.0479503912839832","5"
"Very often","2009","Full Time","no migration background","121","0.0219345709305137","0.0182724247710727","0.0255967170899548","5"
"Very often","2009","Part Time","direct migration background","13","","","","5"
"Very rare","2009","Not Working","no migration background","1280","0.207270297452105","0.196974149451098","0.217566445453112","1"
"Very rare","2009","Full Time","direct migration background","113","0.204357111096744","0.170027876040284","0.238686346153205","1"
"Very rare","2009","Full Time","indirect migration background","67","0.19969019156474","0.15518868840799","0.24419169472149","1"
"Very rare","2009","Not Working","direct migration background","100","0.13824442083227","0.11228296381237","0.16420587785217","1"
"Very rare","2009","Not Working","indirect migration background","41","0.176852850032094","0.123163023972908","0.230542676091281","1"
"Very rare","2009","Full Time","no migration background","1450","0.224480818526978","0.214048687382236","0.23491294967172","1"
"Very rare","2009","Part Time","indirect migration background","37","0.182266373431998","0.130174968813402","0.234357778050594","1"
"Very rare","2009","Part Time","no migration background","651","0.17438380095264","0.161909059545002","0.186858542360278","1"
"Very rare","2009","Part Time","direct migration background","80","0.177064084723667","0.141795333568658","0.212332835878676","1"
"Often","2010","Full Time","direct migration background","43","0.110684568619387","0.0823504903029857","0.139018646935788","4"
"Often","2010","Full Time","indirect migration background","26","","","","4"
"Often","2010","Full Time","no migration background","461","0.087529435136111","0.0801837694659954","0.0948751008062266","4"
"Often","2010","Not Working","direct migration background","106","0.193547650916296","0.162549263328737","0.224546038503854","4"
"Often","2010","Not Working","indirect migration background","17","","","","4"
"Often","2010","Not Working","no migration background","643","0.124765220347722","0.116061200317264","0.133469240378179","4"
"Often","2010","Part Time","direct migration background","49","0.0987416176895607","0.0686287446282098","0.128854490750912","4"
"Often","2010","Part Time","indirect migration background","26","","","","4"
"Often","2010","Part Time","no migration background","352","0.110212956700568","0.0995847611294389","0.120841152271697","4"
"Rarely","2010","Full Time","direct migration background","174","0.33174833681289","0.289226497816621","0.37427017580916","2"
"Rarely","2010","Not Working","indirect migration background","55","0.296610592399487","0.228936832409579","0.364284352389394","2"
"Rarely","2010","Not Working","direct migration background","166","0.257740305452058","0.223422073527749","0.292058537376367","2"
"Rarely","2010","Full Time","indirect migration background","85","0.272012107907615","0.220529168046666","0.323495047768565","2"
"Rarely","2010","Not Working","no migration background","1824","0.319851253764003","0.307565924267525","0.33213658326048","2"
"Rarely","2010","Part Time","indirect migration background","65","0.308260767022224","0.243447917366799","0.373073616677648","2"
"Rarely","2010","Part Time","no migration background","1171","0.344691557037699","0.328561408135308","0.36082170594009","2"
"Rarely","2010","Full Time","no migration background","2171","0.367199850305911","0.354670481365065","0.379729219246757","2"
"Rarely","2010","Part Time","direct migration background","128","0.387170945844219","0.338001142748865","0.436340748939572","2"
"Sometimes","2010","Not Working","no migration background","1794","0.337199501133058","0.324747312118971","0.349651690147145","3"
"Sometimes","2010","Full Time","direct migration background","126","0.266141841828492","0.226230136934676","0.306053546722308","3"
"Sometimes","2010","Part Time","direct migration background","121","0.33156223622975","0.284040704034895","0.379083768424606","3"
"Sometimes","2010","Not Working","direct migration background","206","0.317287410395777","0.280769899121157","0.353804921670398","3"
"Sometimes","2010","Not Working","indirect migration background","56","0.262046269524509","0.196893538678234","0.327199000370783","3"
"Sometimes","2010","Part Time","indirect migration background","61","0.332971852137312","0.266825389083164","0.39911831519146","3"
"Sometimes","2010","Full Time","indirect migration background","83","0.319348798797487","0.265409897764121","0.373287699830852","3"
"Sometimes","2010","Full Time","no migration background","1559","0.288897652401242","0.277116636940827","0.300678667861656","3"
"Sometimes","2010","Part Time","no migration background","1075","0.324164764834034","0.308279169665708","0.340050360002361","3"
"Very often","2010","Full Time","indirect migration background","8","","","","5"
"Very often","2010","Full Time","direct migration background","9","","","","5"
"Very often","2010","Not Working","direct migration background","35","0.0844200149603874","0.0626064496898391","0.106233580230936","5"
"Very often","2010","Full Time","no migration background","90","0.0207309437616169","0.0170275045898179","0.0244343829334159","5"
"Very often","2010","Not Working","indirect migration background","8","","","","5"
"Very often","2010","Not Working","no migration background","206","0.0386139251113937","0.033538975694305","0.0436888745284824","5"
"Very often","2010","Part Time","direct migration background","15","","","","5"
"Very often","2010","Part Time","indirect migration background","12","","","","5"
"Very often","2010","Part Time","no migration background","90","0.031188541226241","0.0252890122798345","0.0370880701726475","5"
"Very rare","2010","Full Time","direct migration background","119","0.280679895927644","0.240100610972553","0.321259180882736","1"
"Very rare","2010","Not Working","no migration background","1070","0.179570099643824","0.169460159579008","0.189680039708639","1"
"Very rare","2010","Not Working","direct migration background","111","0.147004618275482","0.119220627543241","0.174788609007723","1"
"Very rare","2010","Not Working","indirect migration background","39","0.204021356271916","0.14431540946989","0.263727303073942","1"
"Very rare","2010","Full Time","no migration background","1405","0.23564211839512","0.224611001250924","0.246673235539316","1"
"Very rare","2010","Full Time","indirect migration background","85","0.277656047761768","0.225843764411727","0.329468331111809","1"
"Very rare","2010","Part Time","direct migration background","64","0.153179729745667","0.116823931223626","0.189535528267707","1"
"Very rare","2010","Part Time","indirect migration background","31","0.124886947065665","0.0784865827174043","0.171287311413926","1"
"Very rare","2010","Part Time","no migration background","647","0.189742180201458","0.176434764287064","0.203049596115851","1"
"Often","2011","Not Working","indirect migration background","29","","","","4"
"Often","2011","Not Working","no migration background","783","0.117986307573827","0.110437875185528","0.125534739962126","4"
"Often","2011","Part Time","direct migration background","58","0.118616012756804","0.0907984772685176","0.146433548245091","4"
"Often","2011","Part Time","indirect migration background","29","","","","4"
"Often","2011","Part Time","no migration background","435","0.112663234582227","0.10301915033496","0.122307318829493","4"
"Often","2011","Full Time","direct migration background","52","0.0817978001431934","0.0606642816374543","0.102931318648932","4"
"Often","2011","Full Time","indirect migration background","42","0.135327411353988","0.0984203170959045","0.172234505612071","4"
"Often","2011","Full Time","no migration background","607","0.0987876420297246","0.0916978937252473","0.105877390334202","4"
"Often","2011","Not Working","direct migration background","113","0.15177494972679","0.127639808645496","0.175910090808084","4"
"Rarely","2011","Full Time","direct migration background","219","0.322294931422778","0.286255416517147","0.358334446328409","2"
"Rarely","2011","Full Time","indirect migration background","110","0.348032415919787","0.296638232427182","0.399426599412392","2"
"Rarely","2011","Not Working","indirect migration background","78","0.250339505458142","0.193860000826486","0.306819010089799","2"
"Rarely","2011","Full Time","no migration background","2473","0.349945402384723","0.338612503817551","0.361278300951895","2"
"Rarely","2011","Not Working","direct migration background","236","0.269579341192288","0.239730733792366","0.29942794859221","2"
"Rarely","2011","Not Working","no migration background","2208","0.307262073389537","0.296466585812881","0.318057560966192","2"
"Rarely","2011","Part Time","direct migration background","171","0.325129275365601","0.284829488921329","0.365429061809872","2"
"Rarely","2011","Part Time","indirect migration background","69","0.267264497417426","0.211042811337872","0.32348618349698","2"
"Rarely","2011","Part Time","no migration background","1410","0.345547161473067","0.331042136117367","0.360052186828766","2"
"Sometimes","2011","Part Time","indirect migration background","79","0.326336832760689","0.266768689822638","0.38590497569874","3"
"Sometimes","2011","Not Working","no migration background","2255","0.325319886104551","0.314357437723395","0.336282334485706","3"
"Sometimes","2011","Not Working","indirect migration background","81","0.450904891360857","0.386032466422916","0.515777316298798","3"
"Sometimes","2011","Part Time","no migration background","1418","0.339444788881073","0.325001543688244","0.353888034073901","3"
"Sometimes","2011","Part Time","direct migration background","182","0.314822554377495","0.274865003550003","0.354780105204987","3"
"Sometimes","2011","Full Time","direct migration background","188","0.295773559683767","0.260579637498564","0.330967481868969","3"
"Sometimes","2011","Full Time","indirect migration background","97","0.304523145622725","0.254870474676533","0.354175816568917","3"
"Sometimes","2011","Not Working","direct migration background","300","0.361615150991545","0.32929608207427","0.393934219908819","3"
"Sometimes","2011","Full Time","no migration background","2103","0.319952278121606","0.308868744654506","0.331035811588707","3"
"Very often","2011","Full Time","no migration background","123","0.0189975989123502","0.0157538268359633","0.022241370988737","5"
"Very often","2011","Not Working","direct migration background","40","0.046584539838787","0.0324084568871944","0.0607606227903796","5"
"Very often","2011","Full Time","direct migration background","17","","","","5"
"Very often","2011","Full Time","indirect migration background","8","","","","5"
"Very often","2011","Not Working","indirect migration background","14","","","","5"
"Very often","2011","Not Working","no migration background","242","0.0409090150338955","0.0362740899718656","0.0455439400959253","5"
"Very often","2011","Part Time","direct migration background","14","","","","5"
"Very often","2011","Part Time","indirect migration background","13","","","","5"
"Very often","2011","Part Time","no migration background","126","0.0315226052950563","0.0261931669079178","0.0368520436821949","5"
"Very rare","2011","Full Time","direct migration background","170","0.275594522174096","0.241139067484336","0.310049976863856","1"
"Very rare","2011","Full Time","indirect migration background","73","0.201571320322667","0.158287702316063","0.244854938329271","1"
"Very rare","2011","Full Time","no migration background","1498","0.212317078551596","0.202600035698463","0.22203412140473","1"
"Very rare","2011","Not Working","direct migration background","160","0.170446018250591","0.145152455763307","0.195739580737874","1"
"Very rare","2011","Not Working","indirect migration background","24","","","","1"
"Very rare","2011","Not Working","no migration background","1528","0.20852271789819","0.199016687118359","0.218028748678021","1"
"Very rare","2011","Part Time","direct migration background","94","0.216733489265143","0.181286267468355","0.252180711061931","1"
"Very rare","2011","Part Time","indirect migration background","48","0.248953263001755","0.194017899094417","0.303888626909092","1"
"Very rare","2011","Part Time","no migration background","740","0.170822209768578","0.159342744779716","0.18230167475744","1"
"Often","2012","Full Time","direct migration background","59","0.088834231222632","0.0668950354306822","0.110773427014582","4"
"Often","2012","Full Time","indirect migration background","31","0.0769376864360585","0.048694082715322","0.105181290156795","4"
"Often","2012","Full Time","no migration background","482","0.0826435821310698","0.0760128490240415","0.0892743152380981","4"
"Often","2012","Not Working","direct migration background","112","0.147343521892881","0.122627013673521","0.172060030112242","4"
"Often","2012","Not Working","indirect migration background","20","","","","4"
"Often","2012","Not Working","no migration background","721","0.107733631208192","0.100501460785417","0.114965801630968","4"
"Often","2012","Part Time","direct migration background","54","0.101157385531956","0.0749616965707169","0.127353074493196","4"
"Often","2012","Part Time","indirect migration background","29","","","","4"
"Often","2012","Part Time","no migration background","403","0.10958439433601","0.100027535914393","0.119141252757628","4"
"Rarely","2012","Not Working","indirect migration background","59","0.384927873994954","0.316102246409807","0.453753501580102","2"
"Rarely","2012","Not Working","direct migration background","237","0.27278137471901","0.241723309405074","0.303839440032946","2"
"Rarely","2012","Full Time","direct migration background","226","0.3499181135505","0.313139184688462","0.386697042412538","2"
"Rarely","2012","Full Time","no migration background","2541","0.380572702723083","0.368880349778407","0.392265055667759","2"
"Rarely","2012","Full Time","indirect migration background","133","0.410498390960089","0.35836292432935","0.462633857590828","2"
"Rarely","2012","Not Working","no migration background","2379","0.329193227177354","0.318231729261156","0.340154725093553","2"
"Rarely","2012","Part Time","direct migration background","164","0.292907594813239","0.25337160624689","0.332443583379587","2"
"Rarely","2012","Part Time","indirect migration background","95","0.363537842043977","0.305403692600036","0.421671991487919","2"
"Rarely","2012","Part Time","no migration background","1508","0.354859999477903","0.34022138666856","0.369498612287246","2"
"Sometimes","2012","Full Time","direct migration background","206","0.31962296076516","0.283662467387597","0.355583454142723","3"
"Sometimes","2012","Full Time","indirect migration background","89","0.211972738215902","0.16865700561347","0.255288470818334","3"
"Sometimes","2012","Not Working","no migration background","2207","0.32642360016935","0.315485800952592","0.337361399386109","3"
"Sometimes","2012","Part Time","direct migration background","179","0.349655998233","0.308229210335928","0.391082786130072","3"
"Sometimes","2012","Part Time","no migration background","1260","0.306250260209588","0.292148151287154","0.320352369132022","3"
"Sometimes","2012","Full Time","no migration background","1749","0.264412076985802","0.253791554858749","0.275032599112856","3"
"Sometimes","2012","Not Working","direct migration background","252","0.34574442879344","0.312578981758323","0.378909875828557","3"
"Sometimes","2012","Not Working","indirect migration background","63","0.292123318909281","0.227801340674585","0.356445297143977","3"
"Sometimes","2012","Part Time","indirect migration background","72","0.250744970211391","0.198360667743778","0.303129272679003","3"
"Very often","2012","Full Time","direct migration background","12","","","","5"
"Very often","2012","Not Working","direct migration background","41","0.0575021555350618","0.0412684826429255","0.073735828427198","5"
"Very often","2012","Full Time","no migration background","108","0.0175856765967398","0.0144203770680261","0.0207509761254536","5"
"Very often","2012","Full Time","indirect migration background","7","","","","5"
"Very often","2012","Not Working","indirect migration background","9","","","","5"
"Very often","2012","Part Time","direct migration background","14","","","","5"
"Very often","2012","Not Working","no migration background","204","0.0326735847159431","0.0285266169787693","0.0368205524531168","5"
"Very often","2012","Part Time","indirect migration background","6","","","","5"
"Very often","2012","Part Time","no migration background","109","0.0276128166282063","0.0225995663987284","0.0326260668576841","5"
"Very rare","2012","Not Working","no migration background","1549","0.20397595672916","0.194576595884547","0.213375317573773","1"
"Very rare","2012","Part Time","direct migration background","98","0.229504010757389","0.192972340343325","0.266035681171452","1"
"Very rare","2012","Part Time","indirect migration background","61","0.261531663084513","0.208418973538245","0.314644352630782","1"
"Very rare","2012","Part Time","no migration background","824","0.201692529348293","0.189416033596799","0.213969025099786","1"
"Very rare","2012","Full Time","direct migration background","143","0.229268789209651","0.196853061638103","0.261684516781198","1"
"Very rare","2012","Full Time","indirect migration background","82","0.289640718110207","0.241567424733313","0.3377140114871","1"
"Very rare","2012","Full Time","no migration background","1744","0.254785961563305","0.244292562472467","0.265279360654143","1"
"Very rare","2012","Not Working","direct migration background","148","0.176628519059607","0.150035792415463","0.203221245703751","1"
"Very rare","2012","Not Working","indirect migration background","41","0.18259010965478","0.127944403120092","0.237235816189468","1"
"Often","2013","Full Time","direct migration background","79","0.0857760290868053","0.0679406488650266","0.103611409308584","4"
"Often","2013","Full Time","indirect migration background","30","0.0597021539156764","0.0385281361392615","0.0808761716920914","4"
"Often","2013","Full Time","no migration background","583","0.0734885244714376","0.0678660758190129","0.0791109731238623","4"
"Often","2013","Not Working","direct migration background","144","0.190468445943176","0.165641985425058","0.215294906461294","4"
"Often","2013","Not Working","indirect migration background","47","0.0777732971085947","0.0482449830312726","0.107301611185917","4"
"Often","2013","Not Working","no migration background","839","0.119717403339291","0.112409325063613","0.12702548161497","4"
"Often","2013","Part Time","direct migration background","97","0.0798962436479417","0.0608930629942882","0.0988994243015952","4"
"Often","2013","Part Time","indirect migration background","60","0.0972754235707242","0.0684861912226259","0.126064655918822","4"
"Often","2013","Part Time","no migration background","591","0.102830593064498","0.0951309865034519","0.110530199625543","4"
"Rarely","2013","Full Time","direct migration background","352","0.355311928336304","0.324829271798786","0.385794584873822","2"
"Rarely","2013","Not Working","indirect migration background","109","0.36562032986006","0.312520351246946","0.418720308473173","2"
"Rarely","2013","Full Time","indirect migration background","175","0.362171313610655","0.319219193948607","0.405123433272702","2"
"Rarely","2013","Not Working","direct migration background","280","0.273357872037024","0.245179722067141","0.301536022006906","2"
"Rarely","2013","Full Time","no migration background","3254","0.375450138274919","0.365016157664895","0.385884118884943","2"
"Rarely","2013","Part Time","direct migration background","272","0.322871623193048","0.290100210718963","0.355643035667133","2"
"Rarely","2013","Part Time","indirect migration background","129","0.334747915372523","0.288901757133926","0.380594073611119","2"
"Rarely","2013","Not Working","no migration background","2561","0.325870137397799","0.315318798968933","0.336421475826666","2"
"Rarely","2013","Part Time","no migration background","2216","0.360742355680391","0.348569102091663","0.372915609269119","2"
"Sometimes","2013","Part Time","indirect migration background","126","0.349459983528833","0.30313805622875","0.395781910828917","3"
"Sometimes","2013","Full Time","direct migration background","291","0.330275003099908","0.300320700784042","0.360229305415775","3"
"Sometimes","2013","Full Time","no migration background","2130","0.265663428348192","0.256146346639071","0.275180510057314","3"
"Sometimes","2013","Not Working","direct migration background","329","0.344053201251141","0.31401779522767","0.374088607274613","3"
"Sometimes","2013","Not Working","indirect migration background","95","0.342389977251714","0.290072200160475","0.394707754342954","3"
"Sometimes","2013","Not Working","no migration background","2337","0.314058995401089","0.303610289883501","0.324507700918677","3"
"Sometimes","2013","Part Time","direct migration background","274","0.398990641364132","0.364669107681162","0.433312175047102","3"
"Sometimes","2013","Part Time","no migration background","1850","0.320750349952524","0.308918070538564","0.332582629366484","3"
"Sometimes","2013","Full Time","indirect migration background","131","0.253423985282951","0.214552026320851","0.292295944245052","3"
"Very often","2013","Full Time","direct migration background","20","","","","5"
"Very often","2013","Not Working","direct migration background","55","0.0566736623316057","0.0420549871522053","0.0712923375110062","5"
"Very often","2013","Full Time","indirect migration background","12","","","","5"
"Very often","2013","Full Time","no migration background","148","0.0185084055216343","0.0156042616453803","0.0214125493978883","5"
"Very often","2013","Part Time","direct migration background","23","","","","5"
"Very often","2013","Not Working","no migration background","244","0.0319089356820554","0.0279522846032681","0.0358655867608426","5"
"Very often","2013","Part Time","indirect migration background","15","","","","5"
"Very often","2013","Not Working","indirect migration background","15","","","","5"
"Very often","2013","Part Time","no migration background","171","0.0284744903295388","0.0242582513448113","0.0326907293142663","5"
"Very rare","2013","Full Time","direct migration background","205","0.214261751686343","0.188129046185897","0.240394457186788","1"
"Very rare","2013","Full Time","indirect migration background","133","0.301362863984378","0.260356972932106","0.342368755036651","1"
"Very rare","2013","Full Time","no migration background","2159","0.266889503383817","0.257358452274959","0.276420554492675","1"
"Very rare","2013","Not Working","direct migration background","153","0.135446818437053","0.113811332302463","0.157082304571642","1"
"Very rare","2013","Not Working","indirect migration background","50","0.187718981920427","0.144665151386411","0.230772812454443","1"
"Very rare","2013","Not Working","no migration background","1599","0.208444528179765","0.199300250292633","0.217588806066897","1"
"Very rare","2013","Part Time","direct migration background","116","0.154894616938625","0.129536423467068","0.180252810410181","1"
"Very rare","2013","Part Time","indirect migration background","77","0.18725857060296","0.149357808952029","0.225159332253891","1"
"Very rare","2013","Part Time","no migration background","1150","0.187202210973049","0.177314019229235","0.197090402716862","1"
"Often","2014","Not Working","indirect migration background","55","0.0787018961508138","0.0554457813237447","0.101958010977883","4"
"Often","2014","Not Working","no migration background","754","0.106412318983178","0.0992572200583893","0.113567417907966","4"
"Often","2014","Part Time","direct migration background","188","0.127958105417897","0.111429386482913","0.144486824352881","4"
"Often","2014","Part Time","indirect migration background","71","0.10680914391925","0.0814081755048919","0.132210112333608","4"
"Often","2014","Part Time","no migration background","540","0.0964898906177192","0.0886307375096513","0.104349043725787","4"
"Often","2014","Full Time","direct migration background","121","0.0673978526478075","0.0559424485210797","0.0788532567745352","4"
"Often","2014","Full Time","indirect migration background","55","0.0822936706185103","0.0620795898264838","0.102507751410537","4"
"Often","2014","Full Time","no migration background","575","0.0831619431063896","0.0769823619644242","0.089341524248355","4"
"Often","2014","Not Working","direct migration background","213","0.138687934489621","0.122287393151894","0.155088475827347","4"
"Rarely","2014","Full Time","direct migration background","652","0.351380810160658","0.329567423576546","0.37319419674477","2"
"Rarely","2014","Full Time","indirect migration background","260","0.33195487683443","0.29731619614838","0.36659355752048","2"
"Rarely","2014","Not Working","direct migration background","496","0.289286938318588","0.267770512095488","0.310803364541687","2"
"Rarely","2014","Full Time","no migration background","2953","0.373704328566276","0.362877427252534","0.384531229880019","2"
"Rarely","2014","Not Working","indirect migration background","169","0.363859105736054","0.32230750512382","0.405410706348288","2"
"Rarely","2014","Part Time","indirect migration background","199","0.377626036184699","0.337757471919457","0.417494600449941","2"
"Rarely","2014","Part Time","direct migration background","511","0.324952603729081","0.301777922821591","0.34812728463657","2"
"Rarely","2014","Not Working","no migration background","2402","0.328210220697825","0.317314803890826","0.339105637504824","2"
"Rarely","2014","Part Time","no migration background","1980","0.36349539960307","0.350692198496032","0.376298600710107","2"
"Sometimes","2014","Full Time","indirect migration background","193","0.293536128814298","0.260039995509197","0.327032262119399","3"
"Sometimes","2014","Not Working","indirect migration background","163","0.304548625842659","0.264801458486296","0.344295793199023","3"
"Sometimes","2014","Not Working","no migration background","2156","0.313203740847045","0.302442099033459","0.32396538266063","3"
"Sometimes","2014","Part Time","direct migration background","528","0.312472892699186","0.289538475625368","0.335407309773005","3"
"Sometimes","2014","Full Time","direct migration background","504","0.288942105757486","0.268231296092541","0.30965291542243","3"
"Sometimes","2014","Full Time","no migration background","1910","0.254760689399553","0.245009345016109","0.264512033782998","3"
"Sometimes","2014","Not Working","direct migration background","590","0.34819197861637","0.325585765946228","0.370798191286512","3"
"Sometimes","2014","Part Time","indirect migration background","174","0.293741667456044","0.256284192876217","0.331199142035871","3"
"Sometimes","2014","Part Time","no migration background","1666","0.312776729589081","0.300436180610898","0.325117278567265","3"
"Very often","2014","Full Time","direct migration background","39","0.016415048367083","0.0106091931602801","0.0222209035738858","5"
"Very often","2014","Full Time","indirect migration background","18","","","","5"
"Very often","2014","Full Time","no migration background","115","0.0122049828568355","0.00974771549958975","0.0146622502140813","5"
"Very often","2014","Not Working","direct migration background","89","0.0630771850292255","0.0515414137486575","0.0746129563097935","5"
"Very often","2014","Part Time","indirect migration background","22","","","","5"
"Very often","2014","Part Time","direct migration background","61","0.0393327573675174","0.0297144133391395","0.0489511013958953","5"
"Very often","2014","Part Time","no migration background","181","0.0333114729705911","0.0285349866870501","0.0380879592541321","5"
"Very often","2014","Not Working","no migration background","256","0.0353691217554473","0.0310832041252862","0.0396550393856084","5"
"Very often","2014","Not Working","indirect migration background","22","","","","5"
"Very rare","2014","Full Time","direct migration background","524","0.275864183066966","0.255442249802753","0.296286116331179","1"
"Very rare","2014","Full Time","indirect migration background","184","0.265055336451988","0.232590403274671","0.297520269629305","1"
"Very rare","2014","Full Time","no migration background","2117","0.276168056070946","0.266162159641504","0.286173952500387","1"
"Very rare","2014","Not Working","direct migration background","318","0.160755963546196","0.143326410277574","0.178185516814818","1"
"Very rare","2014","Not Working","indirect migration background","106","0.218977528409595","0.183260442688788","0.254694614130402","1"
"Very rare","2014","Not Working","no migration background","1567","0.216804597716505","0.207243221412736","0.226365974020274","1"
"Very rare","2014","Part Time","direct migration background","281","0.195283640786318","0.175668520938427","0.21489876063421","1"
"Very rare","2014","Part Time","indirect migration background","102","0.199471109458884","0.166608470937391","0.232333747980378","1"
"Very rare","2014","Part Time","no migration background","1055","0.193926507219539","0.183402667087109","0.204450347351969","1"
"Often","2015","Full Time","direct migration background","116","0.0701776771989115","0.0577270118577045","0.0826283425401184","4"
"Often","2015","Full Time","indirect migration background","51","0.0774945831033944","0.0570184673194728","0.097970698887316","4"
"Often","2015","Full Time","no migration background","479","0.0659585579430565","0.0602399877853709","0.071677128100742","4"
"Often","2015","Not Working","direct migration background","177","0.157833879665999","0.138150966120437","0.17751679321156","4"
"Often","2015","Not Working","indirect migration background","63","0.138367391958851","0.106177842580114","0.170556941337587","4"
"Often","2015","Not Working","no migration background","749","0.118711872421302","0.110969267032284","0.12645447781032","4"
"Often","2015","Part Time","direct migration background","151","0.110212831567098","0.0936243927091595","0.126801270425036","4"
"Often","2015","Part Time","indirect migration background","59","0.0768870565503276","0.0542698729070164","0.0995042401936388","4"
"Often","2015","Part Time","no migration background","493","0.101782248389319","0.0935822283226879","0.10998226845595","4"
"Rarely","2015","Full Time","direct migration background","626","0.392772509575909","0.368969090911252","0.416575928240566","2"
"Rarely","2015","Full Time","indirect migration background","251","0.38332754420937","0.346093541175085","0.420561547243655","2"
"Rarely","2015","Full Time","no migration background","2853","0.397082386390642","0.385809422858071","0.408355349923212","2"
"Rarely","2015","Not Working","direct migration background","385","0.282046200524511","0.257752215367301","0.306340185681721","2"
"Rarely","2015","Not Working","indirect migration background","142","0.332699767325664","0.288773546243854","0.376625988407474","2"
"Rarely","2015","Part Time","indirect migration background","196","0.390463412601749","0.349046802557255","0.431880022646244","2"
"Rarely","2015","Part Time","no migration background","1896","0.350819906193382","0.337877566652236","0.363762245734528","2"
"Rarely","2015","Not Working","no migration background","2241","0.321838004624334","0.310654794741051","0.333021214507618","2"
"Rarely","2015","Part Time","direct migration background","472","0.316672594000356","0.292031157249524","0.341314030751187","2"
"Sometimes","2015","Part Time","direct migration background","451","0.329131252433665","0.304239830389501","0.354022674477829","3"
"Sometimes","2015","Not Working","no migration background","2063","0.315364059915573","0.304241185492556","0.326486934338591","3"
"Sometimes","2015","Part Time","indirect migration background","148","0.27699072421128","0.238998997378422","0.314982451044139","3"
"Sometimes","2015","Part Time","no migration background","1640","0.320408909586597","0.307753849592768","0.333063969580426","3"
"Sometimes","2015","Full Time","no migration background","1820","0.263074412078563","0.252930162461336","0.273218661695791","3"
"Sometimes","2015","Full Time","direct migration background","407","0.256477825926918","0.235193252270281","0.277762399583555","3"
"Sometimes","2015","Not Working","indirect migration background","137","0.323439113520663","0.27982905507924","0.367049171962087","3"
"Sometimes","2015","Not Working","direct migration background","453","0.348560829060816","0.32283516403509","0.374286494086541","3"
"Sometimes","2015","Full Time","indirect migration background","160","0.241820428832675","0.209029027714064","0.274611829951286","3"
"Very often","2015","Full Time","direct migration background","29","","","","5"
"Very often","2015","Full Time","indirect migration background","15","","","","5"
"Very often","2015","Full Time","no migration background","119","0.0151698596597501","0.0123538103704284","0.0179859089490718","5"
"Very often","2015","Not Working","direct migration background","76","0.061777046461821","0.0487796315421275","0.0747744613815146","5"
"Very often","2015","Not Working","no migration background","244","0.0379956345087767","0.0334191029624012","0.0425721660551523","5"
"Very often","2015","Part Time","direct migration background","47","0.0427927700632531","0.0320717884260376","0.0535137517004685","5"
"Very often","2015","Not Working","indirect migration background","16","","","","5"
"Very often","2015","Part Time","indirect migration background","22","","","","5"
"Very often","2015","Part Time","no migration background","132","0.0274164671499269","0.0229879607170466","0.0318449735828072","5"
"Very rare","2015","Not Working","no migration background","1407","0.206090428530014","0.196407749888454","0.215773107171574","1"
"Very rare","2015","Part Time","direct migration background","248","0.201190551935628","0.179954598986132","0.222426504885125","1"
"Very rare","2015","Part Time","indirect migration background","108","0.207781745664652","0.173337981700607","0.242225509628698","1"
"Very rare","2015","Part Time","no migration background","1062","0.199572468680776","0.18873321446777","0.210411722893781","1"
"Very rare","2015","Full Time","direct migration background","439","0.262285468962268","0.240845489480899","0.283725448443637","1"
"Very rare","2015","Full Time","indirect migration background","178","0.27798142191279","0.24367230709779","0.312290536727789","1"
"Very rare","2015","Full Time","no migration background","1966","0.258714783927989","0.248625226945672","0.268804340910306","1"
"Very rare","2015","Not Working","direct migration background","227","0.149782044286854","0.130516317415432","0.169047771158276","1"
"Very rare","2015","Not Working","indirect migration background","84","0.182813347641205","0.146780254916812","0.218846440365599","1"
"Often","2016","Full Time","direct migration background","109","0.0696208508606088","0.0579185765235038","0.0813231251977139","4"
"Often","2016","Full Time","indirect migration background","55","0.0881496352270007","0.0660110499790356","0.110288220474966","4"
"Often","2016","Full Time","no migration background","459","0.0757134807552004","0.0693918766729016","0.0820350848374993","4"
"Often","2016","Part Time","indirect migration background","58","0.0874807555701869","0.0631965613287403","0.111764949811633","4"
"Often","2016","Part Time","direct migration background","150","0.0948724561638083","0.0802793633452547","0.109465548982362","4"
"Often","2016","Not Working","indirect migration background","39","0.0895423224124369","0.061455869423633","0.117628775401241","4"
"Often","2016","Not Working","no migration background","635","0.111658494144483","0.103867230741503","0.119449757547463","4"
"Often","2016","Not Working","direct migration background","183","0.163644239124661","0.144436044576421","0.182852433672902","4"
"Often","2016","Part Time","no migration background","473","0.0986972852723271","0.0903471466952638","0.10704742384939","4"
"Rarely","2016","Full Time","direct migration background","653","0.335522632574289","0.313812042153108","0.357233222995471","2"
"Rarely","2016","Full Time","indirect migration background","245","0.376414529290492","0.338582555562945","0.414246503018038","2"
"Rarely","2016","Full Time","no migration background","2537","0.368553154437568","0.357025104674316","0.380081204200819","2"
"Rarely","2016","Not Working","direct migration background","391","0.268888082752256","0.245867391108614","0.291908774395897","2"
"Rarely","2016","Not Working","indirect migration background","145","0.390757624949666","0.342762003477118","0.438753246422215","2"
"Rarely","2016","Part Time","direct migration background","522","0.344574783022101","0.320908737199353","0.368240828844849","2"
"Rarely","2016","Not Working","no migration background","2182","0.33246203171363","0.320807869994938","0.344116193432322","2"
"Rarely","2016","Part Time","no migration background","1820","0.365929788507526","0.352444094619745","0.379415482395307","2"
"Rarely","2016","Part Time","indirect migration background","188","0.364891745981105","0.323515382588683","0.406268109373527","2"
"Sometimes","2016","Full Time","direct migration background","478","0.264413643570161","0.244135444115879","0.284691843024442","3"
"Sometimes","2016","Part Time","direct migration background","520","0.318955281247715","0.295745283641055","0.342165278854375","3"
"Sometimes","2016","Part Time","indirect migration background","159","0.285859925874403","0.247025690394438","0.324694161354368","3"
"Sometimes","2016","Full Time","indirect migration background","150","0.246457934470071","0.212806547470085","0.280109321470057","3"
"Sometimes","2016","Not Working","indirect migration background","123","0.300721290600944","0.255612614745944","0.345829966455944","3"
"Sometimes","2016","Not Working","no migration background","1938","0.318525284961387","0.30699954395144","0.330051025971333","3"
"Sometimes","2016","Full Time","no migration background","1727","0.259876680868511","0.249396396260328","0.270356965476695","3"
"Sometimes","2016","Part Time","no migration background","1510","0.314422469111662","0.301424041663483","0.32742089655984","3"
"Sometimes","2016","Not Working","direct migration background","504","0.348644471930065","0.323902113029961","0.37338683083017","3"
"Very often","2016","Full Time","no migration background","118","0.0183110046311146","0.0151070937696728","0.0215149154925564","5"
"Very often","2016","Part Time","direct migration background","49","0.0382297705087062","0.0286807485385392","0.0477787924788733","5"
"Very often","2016","Full Time","direct migration background","35","0.0277169418239136","0.0201688071253541","0.0352650765224731","5"
"Very often","2016","Full Time","indirect migration background","12","","","","5"
"Very often","2016","Not Working","direct migration background","65","0.0502063097886862","0.0388683620806511","0.0615442574967213","5"
"Very often","2016","Part Time","indirect migration background","19","","","","5"
"Very often","2016","Not Working","no migration background","213","0.0334961347209798","0.0290449955674184","0.0379472738745412","5"
"Very often","2016","Not Working","indirect migration background","25","","","","5"
"Very often","2016","Part Time","no migration background","125","0.0233967586800612","0.0191647878234477","0.0276287295366747","5"
"Very rare","2016","Full Time","direct migration background","542","0.302725931171027","0.281600907881119","0.323850954460935","1"
"Very rare","2016","Full Time","indirect migration background","168","0.277708154860636","0.242735509129556","0.312680800591716","1"
"Very rare","2016","Full Time","no migration background","1886","0.277545679307606","0.266845037938375","0.288246320676837","1"
"Very rare","2016","Not Working","direct migration background","282","0.168616896404331","0.149177096001989","0.188056696806674","1"
"Very rare","2016","Not Working","indirect migration background","65","0.140989397230012","0.106756368330283","0.17522242612974","1"
"Very rare","2016","Not Working","no migration background","1309","0.203858054459521","0.193891817309182","0.21382429160986","1"
"Very rare","2016","Part Time","direct migration background","308","0.20336770905767","0.183323342628983","0.223412075486357","1"
"Very rare","2016","Part Time","indirect migration background","96","0.228675230919295","0.192577939028429","0.26477252281016","1"
"Very rare","2016","Part Time","no migration background","973","0.197553698428423","0.186406741784866","0.208700655071981","1"
"Often","2017","Full Time","no migration background","522","0.0687795672179732","0.0632265396924437","0.0743325947435028","4"
"Often","2017","Full Time","direct migration background","113","0.0613748074360401","0.050180585424566","0.0725690294475141","4"
"Often","2017","Full Time","indirect migration background","41","0.0753602823493367","0.0551138255519956","0.0956067391466777","4"
"Often","2017","Part Time","direct migration background","151","0.100716027664942","0.085310420240837","0.116121635089046","4"
"Often","2017","Not Working","indirect migration background","46","0.129960249173474","0.0980288383907216","0.161891659956226","4"
"Often","2017","Not Working","no migration background","706","0.118875634016491","0.111129565304014","0.126621702728968","4"
"Often","2017","Part Time","indirect migration background","88","0.15398227410092","0.125339949027677","0.182624599174164","4"
"Often","2017","Part Time","no migration background","501","0.0911712586184962","0.0836273627853866","0.0987151544516058","4"
"Often","2017","Not Working","direct migration background","183","0.169550099719947","0.149541063981532","0.189559135458362","4"
"Rarely","2017","Full Time","no migration background","3102","0.399484807747958","0.388737838852381","0.410231776643535","2"
"Rarely","2017","Part Time","direct migration background","497","0.348263562488558","0.323875846643835","0.372651278333282","2"
"Rarely","2017","Full Time","direct migration background","659","0.388920906213919","0.366183961861975","0.411657850565862","2"
"Rarely","2017","Full Time","indirect migration background","257","0.401142294902539","0.363549678894414","0.438734910910665","2"
"Rarely","2017","Not Working","direct migration background","414","0.273540256125383","0.249769838183414","0.297310674067353","2"
"Rarely","2017","Not Working","no migration background","2359","0.346699264916204","0.335308592811066","0.358089937021343","2"
"Rarely","2017","Part Time","indirect migration background","213","0.331719204577094","0.294355668451304","0.369082740702884","2"
"Rarely","2017","Not Working","indirect migration background","153","0.442271789449003","0.39510902896892","0.489434549929086","2"
"Rarely","2017","Part Time","no migration background","2091","0.373186673185097","0.360511384619059","0.385861961751135","2"
"Sometimes","2017","Full Time","no migration background","2018","0.249223333812999","0.239732079891585","0.258714587734412","3"
"Sometimes","2017","Part Time","indirect migration background","165","0.265837291272669","0.230779279253842","0.300895303291495","3"
"Sometimes","2017","Full Time","direct migration background","497","0.292492980057326","0.271276377464133","0.313709582650518","3"
"Sometimes","2017","Not Working","direct migration background","465","0.357842992681284","0.332281436612076","0.383404548750492","3"
"Sometimes","2017","Not Working","indirect migration background","112","0.240593854274072","0.200003521673708","0.281184186874435","3"
"Sometimes","2017","Not Working","no migration background","2056","0.302751597887918","0.29175512767141","0.313748068104426","3"
"Sometimes","2017","Full Time","indirect migration background","169","0.242900934186942","0.210009527465036","0.275792340908847","3"
"Sometimes","2017","Part Time","direct migration background","452","0.319795397464414","0.295920748569133","0.343670046359695","3"
"Sometimes","2017","Part Time","no migration background","1633","0.29222904917233","0.280310216006319","0.304147882338342","3"
"Very often","2017","Full Time","direct migration background","29","","","","5"
"Very often","2017","Full Time","indirect migration background","11","","","","5"
"Very often","2017","Full Time","no migration background","148","0.0181899171356083","0.0152576538496939","0.0211221804215227","5"
"Very often","2017","Not Working","direct migration background","63","0.052682317132397","0.0407698786006274","0.0645947556641666","5"
"Very often","2017","Part Time","indirect migration background","23","","","","5"
"Very often","2017","Not Working","indirect migration background","27","","","","5"
"Very often","2017","Not Working","no migration background","206","0.0317218652167904","0.0275272151454764","0.0359165152881043","5"
"Very often","2017","Part Time","direct migration background","51","0.0355125688842272","0.0260388512436714","0.0449862865247831","5"
"Very often","2017","Part Time","no migration background","147","0.0275465790934503","0.0232572050228448","0.0318359531640558","5"
"Very rare","2017","Full Time","indirect migration background","175","0.268935155859745","0.234926204635235","0.302944107084254","1"
"Very rare","2017","Full Time","no migration background","2189","0.264322374085462","0.254646625041197","0.273998123129726","1"
"Very rare","2017","Full Time","direct migration background","468","0.24299857178267","0.222995211766378","0.263001931798962","1"
"Very rare","2017","Not Working","no migration background","1379","0.199951637962596","0.190378883496219","0.209524392428973","1"
"Very rare","2017","Part Time","direct migration background","315","0.195712443497859","0.175403094610176","0.216021792385542","1"
"Very rare","2017","Part Time","indirect migration background","121","0.213202875065384","0.180700800366206","0.245704949764563","1"
"Very rare","2017","Not Working","direct migration background","226","0.146384334340989","0.127534874648308","0.16523379403367","1"
"Very rare","2017","Not Working","indirect migration background","88","0.14927497902164","0.115434897236977","0.183115060806304","1"
"Very rare","2017","Part Time","no migration background","1221","0.215866439930626","0.205084093862483","0.22664878599877","1"
"Often","2018","Full Time","direct migration background","133","0.0884942248114262","0.0748726590182796","0.102115790604573","4"
"Often","2018","Full Time","indirect migration background","55","0.0872230447587966","0.0661544080301999","0.108291681487393","4"
"Often","2018","Full Time","no migration background","486","0.062827073554427","0.0573601775582929","0.0682939695505611","4"
"Often","2018","Not Working","direct migration background","178","0.1548581573013","0.135237735115751","0.174478579486849","4"
"Often","2018","Part Time","indirect migration background","66","0.101026257048484","0.077285563526997","0.124766950569971","4"
"Often","2018","Part Time","no migration background","466","0.089060912498564","0.0815422198174529","0.0965796051796752","4"
"Often","2018","Not Working","indirect migration background","53","0.118642799139611","0.0865907069569031","0.150694891322318","4"
"Often","2018","Not Working","no migration background","704","0.111233118031354","0.103597071974594","0.118869164088115","4"
"Often","2018","Part Time","direct migration background","155","0.111195214979443","0.09480354311738","0.127586886841507","4"
"Rarely","2018","Not Working","no migration background","2310","0.349112356641713","0.33753543281614","0.360689280467287","2"
"Rarely","2018","Part Time","direct migration background","474","0.353612681785263","0.328684687313915","0.378540676256611","2"
"Rarely","2018","Part Time","indirect migration background","216","0.311341175278125","0.27486383997386","0.347818510582389","2"
"Rarely","2018","Not Working","direct migration background","375","0.271639725578286","0.247515895013825","0.295763556142746","2"
"Rarely","2018","Full Time","direct migration background","599","0.351478876991783","0.328580667014669","0.374377086968897","2"
"Rarely","2018","Full Time","indirect migration background","263","0.401161063381977","0.364563440114706","0.437758686649248","2"
"Rarely","2018","Full Time","no migration background","2967","0.391724591724612","0.380726987738655","0.402722195710568","2"
"Rarely","2018","Not Working","indirect migration background","131","0.402660329249327","0.35404874067318","0.451271917825475","2"
"Rarely","2018","Part Time","no migration background","2081","0.375206393723872","0.362425609632388","0.387987177815356","2"
"Sometimes","2018","Part Time","indirect migration background","181","0.321584884937948","0.284789077434262","0.358380692441635","3"
"Sometimes","2018","Not Working","direct migration background","450","0.385303674868428","0.358909481960539","0.411697867776316","3"
"Sometimes","2018","Part Time","direct migration background","465","0.322449706662365","0.298078402379579","0.34682101094515","3"
"Sometimes","2018","Part Time","no migration background","1599","0.288325520569388","0.276368132248293","0.300282908890483","3"
"Sometimes","2018","Full Time","direct migration background","474","0.299783961292561","0.2778099127511","0.321758009834021","3"
"Sometimes","2018","Full Time","indirect migration background","171","0.229363919655806","0.197971434315025","0.260756404996586","3"
"Sometimes","2018","Full Time","no migration background","1805","0.245487023181328","0.235790743008028","0.255183303354629","3"
"Sometimes","2018","Not Working","no migration background","1911","0.304202667255482","0.29302939347323","0.315375941037735","3"
"Sometimes","2018","Not Working","indirect migration background","99","0.234234980447936","0.192255858491498","0.276214102404375","3"
"Very often","2018","Full Time","direct migration background","18","","","","5"
"Very often","2018","Full Time","indirect migration background","19","","","","5"
"Very often","2018","Not Working","direct migration background","72","0.0579528803585115","0.045280729670896","0.070625031046127","5"
"Very often","2018","Full Time","no migration background","121","0.0175267484855372","0.0145703118578597","0.0204831851132147","5"
"Very often","2018","Not Working","indirect migration background","22","","","","5"
"Very often","2018","Not Working","no migration background","222","0.0357572597785258","0.0312477134223004","0.0402668061347512","5"
"Very often","2018","Part Time","direct migration background","46","0.0339181310760251","0.0244796973009736","0.0433565648510767","5"
"Very often","2018","Part Time","indirect migration background","24","","","","5"
"Very often","2018","Part Time","no migration background","120","0.0258805198216997","0.0216892395178561","0.0300718001255434","5"
"Very rare","2018","Full Time","direct migration background","446","0.248559193948236","0.227831444089093","0.269286943807379","1"
"Very rare","2018","Full Time","indirect migration background","181","0.250216105421719","0.217874307155088","0.282557903688349","1"
"Very rare","2018","Full Time","no migration background","2189","0.282434563054096","0.272292011904878","0.292577114203313","1"
"Very rare","2018","Not Working","no migration background","1366","0.199694598292924","0.189985730556491","0.209403466029358","1"
"Very rare","2018","Part Time","direct migration background","273","0.178824265496904","0.158843676387562","0.198804854606245","1"
"Very rare","2018","Part Time","indirect migration background","132","0.218707907488105","0.186143609242917","0.251272205733293","1"
"Very rare","2018","Part Time","no migration background","1247","0.221526653386476","0.2105646744815","0.232488632291453","1"
"Very rare","2018","Not Working","direct migration background","231","0.130245561893475","0.111991635450487","0.148499488336463","1"
"Very rare","2018","Not Working","indirect migration background","86","0.196286276513252","0.156917186849446","0.235655366177058","1"
"Often","2019","Full Time","direct migration background","110","0.0752590929343488","0.0620359749511253","0.0884822109175723","4"
"Often","2019","Full Time","indirect migration background","41","0.0700749480820213","0.0514159202721617","0.088733975891881","4"
"Often","2019","Full Time","no migration background","498","0.0684391194406531","0.0629945527278021","0.0738836861535041","4"
"Often","2019","Part Time","direct migration background","125","0.110936919175135","0.0931382783252105","0.12873556002506","4"
"Often","2019","Not Working","no migration background","702","0.108261085818062","0.10075196280531","0.115770208830814","4"
"Often","2019","Not Working","indirect migration background","49","0.106188748617038","0.0757685433518725","0.136608953882203","4"
"Often","2019","Part Time","indirect migration background","60","0.0847419735487894","0.0623833007087905","0.107100646388788","4"
"Often","2019","Part Time","no migration background","493","0.0988343781061406","0.0909030688084751","0.106765687403806","4"
"Often","2019","Not Working","direct migration background","161","0.169376551276109","0.147497430958013","0.191255671594206","4"
"Rarely","2019","Part Time","indirect migration background","211","0.388616849233641","0.34948390651544","0.427749791951842","2"
"Rarely","2019","Full Time","direct migration background","577","0.383097956925985","0.358730659150684","0.407465254701286","2"
"Rarely","2019","Full Time","indirect migration background","278","0.357406111809587","0.322376693259952","0.392435530359223","2"
"Rarely","2019","Full Time","no migration background","3163","0.387501017172678","0.37699605228765","0.398005982057707","2"
"Rarely","2019","Not Working","direct migration background","316","0.286301388618134","0.259933808568681","0.312668968667587","2"
"Rarely","2019","Not Working","indirect migration background","129","0.386170408420886","0.338096062247275","0.434244754594497","2"
"Rarely","2019","Not Working","no migration background","2248","0.325162275716545","0.31384129831721","0.336483253115881","2"
"Rarely","2019","Part Time","direct migration background","413","0.374845969898708","0.347411129263572","0.402280810533845","2"
"Rarely","2019","Part Time","no migration background","2042","0.368734226387017","0.355912355220907","0.381556097553128","2"
"Sometimes","2019","Part Time","direct migration background","394","0.319045409879769","0.292629362952525","0.345461456807013","3"
"Sometimes","2019","Full Time","no migration background","2064","0.251609051902787","0.242252132484975","0.2609659713206","3"
"Sometimes","2019","Not Working","indirect migration background","117","0.281514258515407","0.237106458832647","0.325922058198167","3"
"Sometimes","2019","Not Working","no migration background","1949","0.319404722635389","0.308136658705689","0.330672786565089","3"
"Sometimes","2019","Part Time","indirect migration background","175","0.293925691846162","0.257351988303299","0.330499395389026","3"
"Sometimes","2019","Part Time","no migration background","1580","0.295069928605227","0.282949330361064","0.30719052684939","3"
"Sometimes","2019","Full Time","direct migration background","404","0.276127911410749","0.253718501646743","0.298537321174755","3"
"Sometimes","2019","Full Time","indirect migration background","166","0.235046048513286","0.204052038484015","0.266040058542557","3"
"Sometimes","2019","Not Working","direct migration background","391","0.331425194612184","0.303967195709162","0.358883193515206","3"
"Very often","2019","Not Working","direct migration background","44","0.0288560813277985","0.0190913208644983","0.0386208417910987","5"
"Very often","2019","Full Time","direct migration background","23","","","","5"
"Very often","2019","Full Time","no migration background","103","0.0158285134519042","0.01313722065045","0.0185198062533585","5"
"Very often","2019","Full Time","indirect migration background","16","","","","5"
"Very often","2019","Not Working","indirect migration background","13","","","","5"
"Very often","2019","Not Working","no migration background","216","0.0347479804246666","0.0303218998716426","0.0391740609776906","5"
"Very often","2019","Part Time","direct migration background","26","","","","5"
"Very often","2019","Part Time","indirect migration background","24","","","","5"
"Very often","2019","Part Time","no migration background","124","0.0229365875650356","0.01895813357688","0.0269150415531911","5"
"Very rare","2019","Full Time","direct migration background","415","0.2506438140402","0.228920954603958","0.272366673476443","1"
"Very rare","2019","Full Time","indirect migration background","218","0.309865041518914","0.276063465452491","0.343666617585338","1"
"Very rare","2019","Full Time","no migration background","2434","0.276622298031977","0.266976644750048","0.286267951313906","1"
"Very rare","2019","Not Working","direct migration background","217","0.184040784165775","0.161436415409755","0.206645152921794","1"
"Very rare","2019","Not Working","indirect migration background","86","0.19230886814338","0.153393396954491","0.231224339332269","1"
"Very rare","2019","Not Working","no migration background","1462","0.212423935405337","0.202538810762712","0.222309060047961","1"
"Very rare","2019","Part Time","direct migration background","238","0.173182130813329","0.151736492973234","0.194627768653424","1"
"Very rare","2019","Part Time","indirect migration background","126","0.182446771941794","0.151440391470431","0.213453152413156","1"
"Very rare","2019","Part Time","no migration background","1200","0.21442487933658","0.203517510249289","0.22533224842387","1"
