"year","bula_h","hgtyp1hh","mean","median","n","ptile10","ptile25","ptile75","ptile90","ptile99","lowerci_mean","upperci_mean","min","max","lowerci_median","upperci_median"
"2007","Baden-Württemberg","(Married) couple without C.","2.02","2","799","1","1","3","3","5","1.95","2.09","1","5","2","2"
"2007","Baden-Württemberg","1-pers.-HH","2.06","2","369","1","1","3","4","5","1.95","2.17","1","5","2","2"
"2007","Baden-Württemberg","Couple + C. GT 16 ","2.04","2","437","1","1","3","3","4","1.95","2.13","1","5","2","2"
"2007","Baden-Württemberg","Couple + C. LE 16","1.86","2","455","1","1","2","3","4","1.78","1.94","1","5","1","2"
"2007","Baden-Württemberg","Couple + C. LE and GT 16","2.13","2","233","1","1","3","3","5","2.01","2.25","1","5","2","2"
"2007","Baden-Württemberg","Single parent","2.08","2","132","1","1","3","4","5","1.87","2.29","1","5","1","2"
"2007","Bavaria","(Married) couple without C.","2.08","2","1001","1","1","3","3","5","2.02","2.14","1","5","2","2"
"2007","Bavaria","1-pers.-HH","2.1","2","442","1","1","3","4","5","2","2.2","1","5","2","2"
"2007","Bavaria","Couple + C. GT 16 ","2.01","2","511","1","1","3","3","5","1.92","2.1","1","5","2","2"
"2007","Bavaria","Couple + C. LE 16","1.94","2","595","1","1","3","3","4","1.86","2.02","1","5","2","2"
"2007","Bavaria","Couple + C. LE and GT 16","2.02","2","187","1","1","3","3","4","1.88","2.16","1","5","2","2"
"2007","Bavaria","Single parent","2.18","2","156","1","1","3","4","5","2.02","2.34","1","5","2","2"
"2007","Berlin","(Married) couple without C.","2.28","2","274","1","1","3","4","5","2.15","2.41","1","5","2","2"
"2007","Berlin","1-pers.-HH","2.05","2","172","1","1","3","3","5","1.89","2.21","1","5","2","2"
"2007","Berlin","Couple + C. GT 16 ","1.9","2","108","1","1","2","4","5","1.7","2.1","1","5","2","2"
"2007","Berlin","Couple + C. LE 16","1.81","1","100","1","1","3","3","4","1.61","2.01","1","5","1","2"
"2007","Berlin","Couple + C. LE and GT 16","2.74","3","31","1","2","4","5","5","2.27","3.21","1","5","2","3"
"2007","Berlin","Single parent","2.27","2","62","1","1","3","4","5","1.96","2.58","1","5","2","2"
"2007","Brandenburg","(Married) couple without C.","2.08","2","328","1","1","3","4","5","1.97","2.19","1","5","2","2"
"2007","Brandenburg","1-pers.-HH","2","2","141","1","1","3","4","4","1.83","2.17","1","5","2","2"
"2007","Brandenburg","Couple + C. GT 16 ","1.95","2","180","1","1","3","3","5","1.81","2.09","1","5","2","2"
"2007","Brandenburg","Couple + C. LE 16","1.91","2","106","1","1","2","3","4","1.74","2.08","1","4","2","2"
"2007","Brandenburg","Couple + C. LE and GT 16","1.81","1.44","40","1","1","3","3","4","1.53","2.09","1","4","1","2"
"2007","Brandenburg","Single parent","2.15","2","55","1","1","3","3","5","1.85","2.45","1","5","2","3"
"2007","Bremen","(Married) couple without C.","1.92","2","56","1","1","2","3","4","1.69","2.15","1","4","1","2"
"2007","Bremen","1-pers.-HH","2.2","2","32","1","1","3","3","3","1.89","2.51","1","3","1","3"
"2007","Bremen","Couple + C. GT 16 ","","","","","","","","","","","","","",""
"2007","Bremen","Couple + C. LE 16","","","","","","","","","","","","","",""
"2007","Bremen","Couple + C. LE and GT 16","","","","","","","","","","","","","",""
"2007","Bremen","Single parent","","","","","","","","","","","","","",""
"2007","Hamburg","(Married) couple without C.","1.89","2","106","1","1","2","3","4","1.73","2.05","1","4","2","2"
"2007","Hamburg","1-pers.-HH","2.08","2","82","1","1","3","3","5","1.84","2.32","1","5","2","2"
"2007","Hamburg","Couple + C. GT 16 ","1.8","2","31","1","1","2","3","4","1.45","2.15","1","4","1","2"
"2007","Hamburg","Couple + C. LE 16","1.45","1","42","1","1","2","2","4","1.15","1.75","1","4","1","2"
"2007","Hamburg","Couple + C. LE and GT 16","","","","","","","","","","","","","",""
"2007","Hamburg","Single parent","","","","","","","","","","","","","",""
"2007","Hesse","(Married) couple without C.","1.94","2","542","1","1","3","3","5","1.86","2.02","1","5","1","2"
"2007","Hesse","1-pers.-HH","2.04","2","198","1","1","3","3","5","1.89","2.19","1","5","2","2"
"2007","Hesse","Couple + C. GT 16 ","2.05","2","184","1","1","3","4","4","1.9","2.2","1","5","1","2"
"2007","Hesse","Couple + C. LE 16","1.95","2","299","1","1","2","3","5","1.84","2.06","1","5","2","2"
"2007","Hesse","Couple + C. LE and GT 16","2.27","2","79","1","1","3","3","5","2.05","2.49","1","5","2","2"
"2007","Hesse","Single parent","2.17","2","66","1","1","3","4","5","1.9","2.44","1","5","2","2"
"2007","Lower Saxony","(Married) couple without C.","1.9","2","670","1","1","2","3","5","1.83","1.97","1","5","2","2"
"2007","Lower Saxony","1-pers.-HH","2.05","2","245","1","1","3","4","5","1.92","2.18","1","5","2","2"
"2007","Lower Saxony","Couple + C. GT 16 ","1.87","2","275","1","1","2","3","4","1.75","1.99","1","5","2","2"
"2007","Lower Saxony","Couple + C. LE 16","1.8","2","346","1","1","2","3","4","1.71","1.89","1","5","1","2"
"2007","Lower Saxony","Couple + C. LE and GT 16","2.27","2","138","1","1","3","4","5","2.1","2.44","1","5","2","2"
"2007","Lower Saxony","Single parent","2.09","2","89","1","1","3","4","5","1.84","2.34","1","5","1","2"
"2007","Mecklenburg-Western Pomerania","(Married) couple without C.","2.02","2","201","1","1","3","3","4","1.89","2.15","1","5","2","2"
"2007","Mecklenburg-Western Pomerania","1-pers.-HH","1.9","2","80","1","1","3","3","4","1.68","2.12","1","5","1","2"
"2007","Mecklenburg-Western Pomerania","Couple + C. GT 16 ","1.72","1","99","1","1","2","3","4","1.55","1.89","1","4","1","2"
"2007","Mecklenburg-Western Pomerania","Couple + C. LE 16","1.93","1.81","70","1","1","3","3","5","1.67","2.19","1","5","1","2"
"2007","Mecklenburg-Western Pomerania","Couple + C. LE and GT 16","","","","","","","","","","","","","",""
"2007","Mecklenburg-Western Pomerania","Single parent","","","","","","","","","","","","","",""
"2007","North Rhine-Westphalia","(Married) couple without C.","1.97","2","1541","1","1","3","3","5","1.92","2.02","1","5","2","2"
"2007","North Rhine-Westphalia","1-pers.-HH","2.02","2","599","1","1","3","4","5","1.93","2.11","1","5","2","2"
"2007","North Rhine-Westphalia","Couple + C. GT 16 ","1.78","2","707","1","1","2","3","5","1.71","1.85","1","5","1","2"
"2007","North Rhine-Westphalia","Couple + C. LE 16","1.86","2","801","1","1","2","3","5","1.79","1.93","1","5","2","2"
"2007","North Rhine-Westphalia","Couple + C. LE and GT 16","1.82","2","267","1","1","2","3","4","1.71","1.93","1","4","2","2"
"2007","North Rhine-Westphalia","Single parent","2.18","2","189","1","1","3","4","5","2.02","2.34","1","5","2","2"
"2007","Rhineland-Palatinate,Saarland","(Married) couple without C.","1.81","1","354","1","1","2","3","5","1.7","1.92","1","5","1","2"
"2007","Rhineland-Palatinate,Saarland","1-pers.-HH","2.07","2","199","1","1","3","4","5","1.9","2.24","1","5","1","2"
"2007","Rhineland-Palatinate,Saarland","Couple + C. GT 16 ","2","2","211","1","1","3","3","5","1.86","2.14","1","5","2","2"
"2007","Rhineland-Palatinate,Saarland","Couple + C. LE 16","1.86","1","213","1","1","3","3","4","1.72","2","1","5","1","2"
"2007","Rhineland-Palatinate,Saarland","Couple + C. LE and GT 16","2.15","2","98","1","1","3","3","5","1.95","2.35","1","5","2","2"
"2007","Rhineland-Palatinate,Saarland","Single parent","2","2","69","1","1","3","3","4","1.74","2.26","1","5","1","2"
"2007","Saxony-Anhalt","(Married) couple without C.","2.1","2","325","1","1","3","3","5","1.99","2.21","1","5","2","2"
"2007","Saxony-Anhalt","1-pers.-HH","2.05","2","127","1","1","3","4","5","1.86","2.24","1","5","1","2"
"2007","Saxony-Anhalt","Couple + C. GT 16 ","2","2","209","1","1","2","3","5","1.87","2.13","1","5","2","2"
"2007","Saxony-Anhalt","Couple + C. LE 16","2.19","2","114","1","1","3","3","5","2.02","2.36","1","5","2","2"
"2007","Saxony-Anhalt","Couple + C. LE and GT 16","1.84","1","35","1","1","3","3","4","1.55","2.13","1","4","1","2"
"2007","Saxony-Anhalt","Single parent","1.85","1","45","1","1","3","4","5","1.48","2.22","1","5","1","2"
"2007","Saxony","(Married) couple without C.","2.18","2","597","1","1","3","4","5","2.1","2.26","1","5","2","2"
"2007","Saxony","1-pers.-HH","2.17","2","235","1","1","3","4","5","2.04","2.3","1","5","2","2"
"2007","Saxony","Couple + C. GT 16 ","2.18","2","268","1","1","3","3","5","2.07","2.29","1","5","2","2"
"2007","Saxony","Couple + C. LE 16","2.09","2","188","1","1","3","3","4","1.97","2.21","1","4","2","2"
"2007","Saxony","Couple + C. LE and GT 16","2.01","2","108","1","1","3","4","4","1.83","2.19","1","4","2","2"
"2007","Saxony","Single parent","2.17","2","82","1","1","3","4","5","1.92","2.42","1","5","2","2"
"2007","Schleswig-Holstein","(Married) couple without C.","1.99","2","253","1","1","3","3","5","1.87","2.11","1","5","1","2"
"2007","Schleswig-Holstein","1-pers.-HH","1.82","2","104","1","1","2","3","4","1.65","1.99","1","4","1","2"
"2007","Schleswig-Holstein","Couple + C. GT 16 ","2.04","2","85","1","1","3","3","4","1.85","2.23","1","4","1","2"
"2007","Schleswig-Holstein","Couple + C. LE 16","1.79","2","112","1","1","2","3","5","1.62","1.96","1","5","1","2"
"2007","Schleswig-Holstein","Couple + C. LE and GT 16","","","","","","","","","","","","","",""
"2007","Schleswig-Holstein","Single parent","1.67","1","35","1","1","2","3","3","1.38","1.96","1","4","1","2"
"2007","Thuringia","(Married) couple without C.","2.13","2","312","1","1","3","4","5","2.02","2.24","1","5","2","2"
"2007","Thuringia","1-pers.-HH","2.05","2","136","1","1","3","3","5","1.87","2.23","1","5","2","2"
"2007","Thuringia","Couple + C. GT 16 ","2.04","2","208","1","1","3","3","4","1.91","2.17","1","5","2","2"
"2007","Thuringia","Couple + C. LE 16","1.8","2","117","1","1","2","3","5","1.63","1.97","1","5","1","2"
"2007","Thuringia","Couple + C. LE and GT 16","1.8","1.7","49","1","1","2","3","4","1.55","2.05","1","4","1","2"
"2007","Thuringia","Single parent","1.95","2","59","1","1","3","3","5","1.66","2.24","1","5","1","2"
"2008","Baden-Württemberg","(Married) couple without C.","1.92","2","783","1","1","2","3","5","1.85","1.99","1","5","2","2"
"2008","Baden-Württemberg","1-pers.-HH","1.98","2","355","1","1","3","3","5","1.87","2.09","1","5","2","2"
"2008","Baden-Württemberg","Couple + C. GT 16 ","1.86","2","443","1","1","2","3","4","1.78","1.94","1","4","2","2"
"2008","Baden-Württemberg","Couple + C. LE 16","1.98","2","426","1","1","2","3","5","1.89","2.07","1","5","2","2"
"2008","Baden-Württemberg","Couple + C. LE and GT 16","2.04","2","177","1","1","3","3","5","1.9","2.18","1","5","2","2"
"2008","Baden-Württemberg","Single parent","1.96","2","132","1","1","2","3","5","1.77","2.15","1","5","2","2"
"2008","Bavaria","(Married) couple without C.","2.06","2","946","1","1","3","3","4","2","2.12","1","5","2","2"
"2008","Bavaria","1-pers.-HH","2.1","2","412","1","1","3","4","5","2","2.2","1","5","2","2"
"2008","Bavaria","Couple + C. GT 16 ","1.96","2","467","1","1","2","3","5","1.87","2.05","1","5","2","2"
"2008","Bavaria","Couple + C. LE 16","1.95","2","515","1","1","3","3","4","1.87","2.03","1","5","2","2"
"2008","Bavaria","Couple + C. LE and GT 16","2.01","2","204","1","1","3","3","4","1.88","2.14","1","5","2","2"
"2008","Bavaria","Single parent","2.19","2","158","1","1","3","4","5","2.02","2.36","1","5","2","2"
"2008","Berlin","(Married) couple without C.","2.16","2","265","1","1","3","4","5","2.04","2.28","1","5","2","2"
"2008","Berlin","1-pers.-HH","2.03","2","173","1","1","3","3","4","1.89","2.17","1","4","2","2"
"2008","Berlin","Couple + C. GT 16 ","2.11","2","96","1","1","3","4","5","1.91","2.31","1","5","2","2"
"2008","Berlin","Couple + C. LE 16","2.19","2","95","1","1","3","3","4","1.99","2.39","1","5","2","2"
"2008","Berlin","Couple + C. LE and GT 16","","","","","","","","","","","","","",""
"2008","Berlin","Single parent","2.3","2","55","1","1","3","4","5","2.04","2.56","1","5","2","2"
"2008","Brandenburg","(Married) couple without C.","2","2","321","1","1","3","4","4","1.9","2.1","1","5","2","2"
"2008","Brandenburg","1-pers.-HH","2.2","2","139","1","1","3","4","5","2.02","2.38","1","5","2","2"
"2008","Brandenburg","Couple + C. GT 16 ","1.96","2","165","1","1","3","3","5","1.79","2.13","1","5","2","2"
"2008","Brandenburg","Couple + C. LE 16","1.87","2","100","1","1","2","3","4","1.7","2.04","1","5","1","2"
"2008","Brandenburg","Couple + C. LE and GT 16","1.8","2","42","1","1","2","3","4","1.56","2.04","1","4","2","2"
"2008","Brandenburg","Single parent","2.17","2","45","1","2","3","3","4","1.91","2.43","1","4","2","2"
"2008","Bremen","(Married) couple without C.","1.75","2","60","1","1","2","3","3","1.55","1.95","1","3","1","2"
"2008","Bremen","1-pers.-HH","","","","","","","","","","","","","",""
"2008","Bremen","Couple + C. GT 16 ","","","","","","","","","","","","","",""
"2008","Bremen","Couple + C. LE 16","","","","","","","","","","","","","",""
"2008","Bremen","Couple + C. LE and GT 16","","","","","","","","","","","","","",""
"2008","Bremen","Single parent","","","","","","","","","","","","","",""
"2008","Hamburg","(Married) couple without C.","1.9","2","100","1","1","2","3","5","1.68","2.12","1","5","1","2"
"2008","Hamburg","1-pers.-HH","1.85","1","79","1","1","2","3","5","1.62","2.08","1","5","1","2"
"2008","Hamburg","Couple + C. GT 16 ","","","","","","","","","","","","","",""
"2008","Hamburg","Couple + C. LE 16","1.7","2","38","1","1","2","2","5","1.38","2.02","1","5","1","2"
"2008","Hamburg","Couple + C. LE and GT 16","","","","","","","","","","","","","",""
"2008","Hamburg","Single parent","","","","","","","","","","","","","",""
"2008","Hesse","(Married) couple without C.","2.09","2","512","1","1","3","4","5","2","2.18","1","5","2","2"
"2008","Hesse","1-pers.-HH","2.06","2","181","1","1","3","3","5","1.91","2.21","1","5","2","2"
"2008","Hesse","Couple + C. GT 16 ","2.04","2","198","1","1","3","3","5","1.91","2.17","1","5","2","2"
"2008","Hesse","Couple + C. LE 16","1.96","2","266","1","1","3","3","5","1.84","2.08","1","5","2","2"
"2008","Hesse","Couple + C. LE and GT 16","1.92","2","73","1","1","3","3","4","1.7","2.14","1","5","1","2"
"2008","Hesse","Single parent","2.12","2","63","1","1","2","4","5","1.84","2.4","1","5","1","2"
"2008","Lower Saxony","(Married) couple without C.","1.92","2","643","1","1","2","3","5","1.84","2","1","5","2","2"
"2008","Lower Saxony","1-pers.-HH","1.98","2","248","1","1","3","4","5","1.85","2.11","1","5","2","2"
"2008","Lower Saxony","Couple + C. GT 16 ","1.88","2","285","1","1","2","3","4","1.77","1.99","1","5","2","2"
"2008","Lower Saxony","Couple + C. LE 16","1.81","2","318","1","1","2","3","4","1.71","1.91","1","5","1","2"
"2008","Lower Saxony","Couple + C. LE and GT 16","2.14","2","115","1","1","3","3","5","1.95","2.33","1","5","2","2"
"2008","Lower Saxony","Single parent","2","2","91","1","1","3","4","5","1.75","2.25","1","5","1","2"
"2008","Mecklenburg-Western Pomerania","(Married) couple without C.","1.91","2","206","1","1","3","3","5","1.77","2.05","1","5","2","2"
"2008","Mecklenburg-Western Pomerania","1-pers.-HH","1.72","2","84","1","1","2","3","4","1.54","1.9","1","4","1","2"
"2008","Mecklenburg-Western Pomerania","Couple + C. GT 16 ","1.79","2","79","1","1","2","3","4","1.6","1.98","1","5","2","2"
"2008","Mecklenburg-Western Pomerania","Couple + C. LE 16","2.16","2","58","1","1","3","4","4","1.92","2.4","1","4","1","2"
"2008","Mecklenburg-Western Pomerania","Couple + C. LE and GT 16","1.52","1","32","1","1","2","3","5","1.19","1.85","1","5","1","2"
"2008","Mecklenburg-Western Pomerania","Single parent","","","","","","","","","","","","","",""
"2008","North Rhine-Westphalia","(Married) couple without C.","1.97","2","1451","1","1","3","3","5","1.92","2.02","1","5","2","2"
"2008","North Rhine-Westphalia","1-pers.-HH","2.07","2","566","1","1","3","4","5","1.98","2.16","1","5","2","2"
"2008","North Rhine-Westphalia","Couple + C. GT 16 ","1.84","2","685","1","1","2","3","5","1.77","1.91","1","5","2","2"
"2008","North Rhine-Westphalia","Couple + C. LE 16","1.75","2","687","1","1","2","3","4","1.69","1.81","1","5","1","2"
"2008","North Rhine-Westphalia","Couple + C. LE and GT 16","1.77","2","255","1","1","2","3","5","1.66","1.88","1","5","1","2"
"2008","North Rhine-Westphalia","Single parent","2.03","2","201","1","1","3","4","5","1.88","2.18","1","5","2","2"
"2008","Rhineland-Palatinate,Saarland","(Married) couple without C.","1.81","2","343","1","1","2","3","5","1.71","1.91","1","5","1","2"
"2008","Rhineland-Palatinate,Saarland","1-pers.-HH","2.09","2","194","1","1","3","4","5","1.92","2.26","1","5","1","2"
"2008","Rhineland-Palatinate,Saarland","Couple + C. GT 16 ","2.1","2","194","1","1","3","4","5","1.95","2.25","1","5","2","2"
"2008","Rhineland-Palatinate,Saarland","Couple + C. LE 16","1.93","2","186","1","1","3","3","5","1.79","2.07","1","5","1","2"
"2008","Rhineland-Palatinate,Saarland","Couple + C. LE and GT 16","1.83","1","83","1","1","2","4","5","1.6","2.06","1","5","1","2"
"2008","Rhineland-Palatinate,Saarland","Single parent","2.24","2","69","1","1","3","3","5","1.95","2.53","1","5","1","2"
"2008","Saxony-Anhalt","(Married) couple without C.","1.92","2","311","1","1","3","3","4","1.82","2.02","1","5","2","2"
"2008","Saxony-Anhalt","1-pers.-HH","2.02","2","120","1","1","3","3","5","1.83","2.21","1","5","1","2"
"2008","Saxony-Anhalt","Couple + C. GT 16 ","2.2","2","192","1","1","3","4","5","2.07","2.33","1","5","2","2"
"2008","Saxony-Anhalt","Couple + C. LE 16","1.79","2","98","1","1","2","3","4","1.62","1.96","1","4","1","2"
"2008","Saxony-Anhalt","Couple + C. LE and GT 16","1.77","1","30","1","1","2","4","5","1.38","2.16","1","5","1","2"
"2008","Saxony-Anhalt","Single parent","2.43","2","49","1","2","3","4","4","2.13","2.73","1","5","2","3"
"2008","Saxony","(Married) couple without C.","2.16","2","579","1","1","3","4","4","2.08","2.24","1","5","2","2"
"2008","Saxony","1-pers.-HH","2","2","228","1","1","3","4","4","1.87","2.13","1","5","2","2"
"2008","Saxony","Couple + C. GT 16 ","2.01","2","237","1","1","3","4","5","1.89","2.13","1","5","2","2"
"2008","Saxony","Couple + C. LE 16","1.78","2","201","1","1","2","3","4","1.66","1.9","1","4","2","2"
"2008","Saxony","Couple + C. LE and GT 16","1.86","2","84","1","1","2","3","4","1.68","2.04","1","5","2","2"
"2008","Saxony","Single parent","2.06","2","75","1","1","3","3","4","1.85","2.27","1","4","2","2"
"2008","Schleswig-Holstein","(Married) couple without C.","1.82","2","222","1","1","2","3","4","1.69","1.95","1","5","1","2"
"2008","Schleswig-Holstein","1-pers.-HH","1.82","1","98","1","1","3","3","5","1.61","2.03","1","5","1","2"
"2008","Schleswig-Holstein","Couple + C. GT 16 ","1.88","1.39","86","1","1","3","3","4","1.7","2.06","1","4","1","2"
"2008","Schleswig-Holstein","Couple + C. LE 16","1.71","2","87","1","1","2","3","4","1.53","1.89","1","4","1","2"
"2008","Schleswig-Holstein","Couple + C. LE and GT 16","","","","","","","","","","","","","",""
"2008","Schleswig-Holstein","Single parent","2","2","34","1","1","3","3","5","1.59","2.41","1","5","1","2"
"2008","Thuringia","(Married) couple without C.","2.09","2","318","1","1","3","4","5","1.97","2.21","1","5","2","2"
"2008","Thuringia","1-pers.-HH","2.01","2","133","1","1","3","3","5","1.82","2.2","1","5","2","2"
"2008","Thuringia","Couple + C. GT 16 ","1.99","2","194","1","1","2","3","5","1.86","2.12","1","5","2","2"
"2008","Thuringia","Couple + C. LE 16","1.83","2","110","1","1","2","3","4","1.68","1.98","1","4","2","2"
"2008","Thuringia","Couple + C. LE and GT 16","1.5","1","40","1","1","2","3","4","1.24","1.76","1","4","2","2"
"2008","Thuringia","Single parent","1.96","2","63","1","1","2","3","4","1.75","2.17","1","4","2","2"
"2009","Baden-Württemberg","(Married) couple without C.","1.94","2","686","1","1","3","3","4","1.87","2.01","1","5","2","2"
"2009","Baden-Württemberg","1-pers.-HH","2.05","2","317","1","1","3","3","5","1.94","2.16","1","5","2","2"
"2009","Baden-Württemberg","Couple + C. GT 16 ","1.85","2","405","1","1","2","3","5","1.76","1.94","1","5","2","2"
"2009","Baden-Württemberg","Couple + C. LE 16","2","2","364","1","1","3","3","5","1.9","2.1","1","5","2","2"
"2009","Baden-Württemberg","Couple + C. LE and GT 16","2.02","2","174","1","1","2","3","4","1.9","2.14","1","4","2","2"
"2009","Baden-Württemberg","Single parent","2.16","2","119","1","1","3","4","5","1.97","2.35","1","5","2","2"
"2009","Bavaria","(Married) couple without C.","2.12","2","890","1","1","3","3","5","2.05","2.19","1","5","2","2"
"2009","Bavaria","1-pers.-HH","2.11","2","389","1","1","3","3","4","2.01","2.21","1","5","2","2"
"2009","Bavaria","Couple + C. GT 16 ","2.03","2","480","1","1","2","3","4","1.94","2.12","1","5","2","2"
"2009","Bavaria","Couple + C. LE 16","1.97","2","463","1","1","2","3","5","1.88","2.06","1","5","2","2"
"2009","Bavaria","Couple + C. LE and GT 16","2.11","2","191","1","1","3","3","4","1.97","2.25","1","5","2","2"
"2009","Bavaria","Single parent","2.11","2","145","1","2","3","3","5","1.95","2.27","1","5","2","2"
"2009","Berlin","(Married) couple without C.","2.01","2","271","1","1","3","3","5","1.88","2.14","1","5","2","2"
"2009","Berlin","1-pers.-HH","1.9","2","168","1","1","2","3","4","1.74","2.06","1","5","1","2"
"2009","Berlin","Couple + C. GT 16 ","1.84","2","88","1","1","2","3","5","1.61","2.07","1","5","2","2"
"2009","Berlin","Couple + C. LE 16","1.99","2","81","1","1","3","3","4","1.77","2.21","1","5","2","2"
"2009","Berlin","Couple + C. LE and GT 16","","","","","","","","","","","","","",""
"2009","Berlin","Single parent","2.01","2","53","1","1","3","4","4","1.76","2.26","1","4","1","2"
"2009","Brandenburg","(Married) couple without C.","2.01","2","316","1","1","3","3","4","1.91","2.11","1","5","2","2"
"2009","Brandenburg","1-pers.-HH","2.09","2","134","1","1","3","4","4","1.91","2.27","1","5","1","2"
"2009","Brandenburg","Couple + C. GT 16 ","1.92","2","140","1","1","2","3","4","1.77","2.07","1","5","2","2"
"2009","Brandenburg","Couple + C. LE 16","1.91","2","102","1","1","2","4","5","1.73","2.09","1","5","2","2"
"2009","Brandenburg","Couple + C. LE and GT 16","1.97","2","38","1","1","3","3","4","1.66","2.28","1","4","1","3"
"2009","Brandenburg","Single parent","1.96","2","46","1","1","3","3","4","1.73","2.19","1","4","1","2"
"2009","Bremen","(Married) couple without C.","1.86","2","53","1","1","2","4","4","1.59","2.13","1","4","1","2"
"2009","Bremen","1-pers.-HH","","","","","","","","","","","","","",""
"2009","Bremen","Couple + C. GT 16 ","","","","","","","","","","","","","",""
"2009","Bremen","Couple + C. LE 16","","","","","","","","","","","","","",""
"2009","Bremen","Couple + C. LE and GT 16","","","","","","","","","","","","","",""
"2009","Bremen","Single parent","","","","","","","","","","","","","",""
"2009","Hamburg","(Married) couple without C.","2","2","105","1","1","3","3","5","1.79","2.21","1","5","1","2"
"2009","Hamburg","1-pers.-HH","1.82","1","77","1","1","3","3","4","1.6","2.04","1","4","1","2"
"2009","Hamburg","Couple + C. GT 16 ","","","","","","","","","","","","","",""
"2009","Hamburg","Couple + C. LE 16","","","","","","","","","","","","","",""
"2009","Hamburg","Couple + C. LE and GT 16","","","","","","","","","","","","","",""
"2009","Hamburg","Single parent","","","","","","","","","","","","","",""
"2009","Hesse","(Married) couple without C.","2.04","2","476","1","1","3","3","5","1.95","2.13","1","5","2","2"
"2009","Hesse","1-pers.-HH","1.94","2","184","1","1","3","3","5","1.8","2.08","1","5","2","2"
"2009","Hesse","Couple + C. GT 16 ","1.99","2","177","1","1","2","3","4","1.85","2.13","1","5","2","2"
"2009","Hesse","Couple + C. LE 16","1.88","2","220","1","1","2","3","4","1.76","2","1","5","2","2"
"2009","Hesse","Couple + C. LE and GT 16","2.19","2","69","1","1","3","4","5","1.95","2.43","1","5","1","2"
"2009","Hesse","Single parent","2.17","2","68","1","1","3","4","5","1.9","2.44","1","5","1","2"
"2009","Lower Saxony","(Married) couple without C.","1.97","2","617","1","1","3","3","5","1.89","2.05","1","5","1","2"
"2009","Lower Saxony","1-pers.-HH","1.95","2","243","1","1","3","3","5","1.82","2.08","1","5","1","2"
"2009","Lower Saxony","Couple + C. GT 16 ","1.96","2","264","1","1","3","3","4","1.84","2.08","1","5","2","2"
"2009","Lower Saxony","Couple + C. LE 16","1.97","2","293","1","1","2","3","5","1.86","2.08","1","5","2","2"
"2009","Lower Saxony","Couple + C. LE and GT 16","1.91","2","116","1","1","3","3","4","1.73","2.09","1","5","1","2"
"2009","Lower Saxony","Single parent","2.28","2","62","1","1","4","4","5","1.97","2.59","1","5","1","3"
"2009","Mecklenburg-Western Pomerania","(Married) couple without C.","1.91","2","217","1","1","2","3","4","1.78","2.04","1","5","2","2"
"2009","Mecklenburg-Western Pomerania","1-pers.-HH","1.84","2","81","1","1","2","3","4","1.65","2.03","1","4","1","2"
"2009","Mecklenburg-Western Pomerania","Couple + C. GT 16 ","1.77","1","62","1","1","2","3","5","1.52","2.02","1","5","1","2"
"2009","Mecklenburg-Western Pomerania","Couple + C. LE 16","2.04","2","46","1","1","3","3","4","1.77","2.31","1","4","1","2"
"2009","Mecklenburg-Western Pomerania","Couple + C. LE and GT 16","1.67","1","35","1","1","2","3","4","1.34","2","1","4","1","2"
"2009","Mecklenburg-Western Pomerania","Single parent","","","","","","","","","","","","","",""
"2009","North Rhine-Westphalia","(Married) couple without C.","2.01","2","1325","1","1","3","3","5","1.96","2.06","1","5","2","2"
"2009","North Rhine-Westphalia","1-pers.-HH","1.95","2","542","1","1","3","3","5","1.87","2.03","1","5","2","2"
"2009","North Rhine-Westphalia","Couple + C. GT 16 ","1.81","2","662","1","1","2","3","5","1.74","1.88","1","5","1","2"
"2009","North Rhine-Westphalia","Couple + C. LE 16","1.97","2","597","1","1","3","3","5","1.89","2.05","1","5","2","2"
"2009","North Rhine-Westphalia","Couple + C. LE and GT 16","1.76","2","266","1","1","2","3","4","1.66","1.86","1","5","1","2"
"2009","North Rhine-Westphalia","Single parent","2.15","2","165","1","1","3","4","5","1.99","2.31","1","5","2","2"
"2009","Rhineland-Palatinate,Saarland","(Married) couple without C.","1.83","1","322","1","1","2","3","5","1.71","1.95","1","5","1","2"
"2009","Rhineland-Palatinate,Saarland","1-pers.-HH","2.14","2","182","1","1","3","4","5","1.96","2.32","1","5","1","2"
"2009","Rhineland-Palatinate,Saarland","Couple + C. GT 16 ","2.02","2","187","1","1","3","4","5","1.87","2.17","1","5","2","2"
"2009","Rhineland-Palatinate,Saarland","Couple + C. LE 16","1.74","1","157","1","1","2","3","4","1.6","1.88","1","5","1","2"
"2009","Rhineland-Palatinate,Saarland","Couple + C. LE and GT 16","1.8","2","78","1","1","2","3","4","1.58","2.02","1","5","1","2"
"2009","Rhineland-Palatinate,Saarland","Single parent","1.92","2","75","1","1","3","3","5","1.66","2.18","1","5","1","2"
"2009","Saxony-Anhalt","(Married) couple without C.","1.86","2","295","1","1","2","3","5","1.74","1.98","1","5","2","2"
"2009","Saxony-Anhalt","1-pers.-HH","2.04","2","119","1","1","3","3","5","1.85","2.23","1","5","2","2"
"2009","Saxony-Anhalt","Couple + C. GT 16 ","2.15","2","175","1","1","3","4","5","1.99","2.31","1","5","2","2"
"2009","Saxony-Anhalt","Couple + C. LE 16","1.87","2","98","1","1","2","3","4","1.69","2.05","1","4","2","2"
"2009","Saxony-Anhalt","Couple + C. LE and GT 16","","","","","","","","","","","","","",""
"2009","Saxony-Anhalt","Single parent","2.46","2","45","1","2","3","4","4","2.19","2.73","1","4","2","2"
"2009","Saxony","(Married) couple without C.","2.22","2","534","1","1","3","4","5","2.13","2.31","1","5","2","2"
"2009","Saxony","1-pers.-HH","1.9","2","217","1","1","3","3","4","1.77","2.03","1","5","2","2"
"2009","Saxony","Couple + C. GT 16 ","2.04","2","243","1","2","2","3","4","1.93","2.15","1","5","2","2"
"2009","Saxony","Couple + C. LE 16","1.81","2","197","1","1","2","3","4","1.7","1.92","1","5","2","2"
"2009","Saxony","Couple + C. LE and GT 16","1.82","1.98","76","1","1","2","3","4","1.61","2.03","1","4","2","2"
"2009","Saxony","Single parent","2.6","2","72","1","2","3","4","5","2.34","2.86","1","5","2","2"
"2009","Schleswig-Holstein","(Married) couple without C.","1.88","2","214","1","1","2","3","5","1.75","2.01","1","5","1","2"
"2009","Schleswig-Holstein","1-pers.-HH","1.66","1","95","1","1","2","3","4","1.48","1.84","1","5","1","2"
"2009","Schleswig-Holstein","Couple + C. GT 16 ","1.43","1","74","1","1","2","2","3","1.28","1.58","1","3","1","1"
"2009","Schleswig-Holstein","Couple + C. LE 16","1.9","2","71","1","1","2","3","4","1.69","2.11","1","4","1","2"
"2009","Schleswig-Holstein","Couple + C. LE and GT 16","","","","","","","","","","","","","",""
"2009","Schleswig-Holstein","Single parent","2.42","2","30","1","1","3","5","5","1.99","2.85","1","5","1","2"
"2009","Thuringia","(Married) couple without C.","2.04","2","305","1","1","3","4","4","1.93","2.15","1","5","2","2"
"2009","Thuringia","1-pers.-HH","2.05","2","118","1","1","2","4","5","1.85","2.25","1","5","2","2"
"2009","Thuringia","Couple + C. GT 16 ","1.91","2","163","1","1","2","3","4","1.77","2.05","1","4","2","2"
"2009","Thuringia","Couple + C. LE 16","1.83","2","118","1","1","2","3","5","1.66","2","1","5","1","2"
"2009","Thuringia","Couple + C. LE and GT 16","1.68","1","43","1","1","2","3","4","1.38","1.98","1","4","1","2"
"2009","Thuringia","Single parent","2.07","2","53","1","1","3","4","5","1.78","2.36","1","5","1","2"
"2010","Baden-Württemberg","(Married) couple without C.","1.95","2","649","1","1","3","3","4","1.88","2.02","1","5","2","2"
"2010","Baden-Württemberg","1-pers.-HH","2.06","2","313","1","1","3","3","4","1.95","2.17","1","5","2","2"
"2010","Baden-Württemberg","Couple + C. GT 16 ","2.09","2","356","1","1","3","3","4","2","2.18","1","5","2","2"
"2010","Baden-Württemberg","Couple + C. LE 16","1.88","2","331","1","1","2","3","4","1.79","1.97","1","5","2","2"
"2010","Baden-Württemberg","Couple + C. LE and GT 16","2.06","2","148","1","1","3","3","5","1.91","2.21","1","5","2","2"
"2010","Baden-Württemberg","Single parent","2.08","2","116","1","1","3","3","5","1.9","2.26","1","5","2","2"
"2010","Bavaria","(Married) couple without C.","2.13","2","874","1","1","3","3","5","2.06","2.2","1","5","2","2"
"2010","Bavaria","1-pers.-HH","2.09","2","363","1","1","3","4","5","1.99","2.19","1","5","2","2"
"2010","Bavaria","Couple + C. GT 16 ","2.03","2","426","1","1","3","3","4","1.94","2.12","1","5","2","2"
"2010","Bavaria","Couple + C. LE 16","1.98","2","407","1","1","3","3","4","1.89","2.07","1","5","2","2"
"2010","Bavaria","Couple + C. LE and GT 16","2","2","179","1","1","2","3","4","1.87","2.13","1","4","2","2"
"2010","Bavaria","Single parent","2.23","2","131","1","1","3","4","5","2.04","2.42","1","5","2","2"
"2010","Berlin","(Married) couple without C.","1.86","2","264","1","1","2","3","5","1.75","1.97","1","5","2","2"
"2010","Berlin","1-pers.-HH","2.05","2","171","1","1","3","4","5","1.9","2.2","1","5","2","2"
"2010","Berlin","Couple + C. GT 16 ","1.9","2","81","1","1","3","3","4","1.71","2.09","1","4","2","2"
"2010","Berlin","Couple + C. LE 16","2.06","2","70","1","2","2","3","5","1.83","2.29","1","5","2","2"
"2010","Berlin","Couple + C. LE and GT 16","","","","","","","","","","","","","",""
"2010","Berlin","Single parent","1.86","2","48","1","1","2","3","4","1.59","2.13","1","4","2","3"
"2010","Brandenburg","(Married) couple without C.","2.03","2","318","1","1","3","3","5","1.92","2.14","1","5","2","2"
"2010","Brandenburg","1-pers.-HH","2.23","2","118","1","1","3","4","5","2.04","2.42","1","5","2","2"
"2010","Brandenburg","Couple + C. GT 16 ","2.05","2","114","1","1","3","3","4","1.89","2.21","1","4","2","2"
"2010","Brandenburg","Couple + C. LE 16","1.71","1","82","1","1","2","3","4","1.53","1.89","1","4","1","2"
"2010","Brandenburg","Couple + C. LE and GT 16","1.6","1","34","1","1","2","3","4","1.31","1.89","1","4","1","2"
"2010","Brandenburg","Single parent","2.17","2","37","1","1","3","4","4","1.79","2.55","1","4","1","3"
"2010","Bremen","(Married) couple without C.","1.7","2","47","1","1","2","3","4","1.43","1.97","1","4","1","2"
"2010","Bremen","1-pers.-HH","","","","","","","","","","","","","",""
"2010","Bremen","Couple + C. GT 16 ","","","","","","","","","","","","","",""
"2010","Bremen","Couple + C. LE 16","","","","","","","","","","","","","",""
"2010","Bremen","Couple + C. LE and GT 16","","","","","","","","","","","","","",""
"2010","Bremen","Single parent","","","","","","","","","","","","","",""
"2010","Hamburg","(Married) couple without C.","2.01","2","113","1","1","3","3","4","1.82","2.2","1","5","2","2"
"2010","Hamburg","1-pers.-HH","1.95","2","72","1","1","3","3","5","1.7","2.2","1","5","1","2"
"2010","Hamburg","Couple + C. GT 16 ","","","","","","","","","","","","","",""
"2010","Hamburg","Couple + C. LE 16","","","","","","","","","","","","","",""
"2010","Hamburg","Couple + C. LE and GT 16","","","","","","","","","","","","","",""
"2010","Hamburg","Single parent","","","","","","","","","","","","","",""
"2010","Hesse","(Married) couple without C.","2.15","2","445","1","1","3","4","5","2.06","2.24","1","5","2","2"
"2010","Hesse","1-pers.-HH","2.15","2","173","1","1","3","3","5","1.99","2.31","1","5","2","2"
"2010","Hesse","Couple + C. GT 16 ","1.97","2","175","1","1","2","3","5","1.82","2.12","1","5","2","2"
"2010","Hesse","Couple + C. LE 16","1.84","2","178","1","1","2","3","4","1.7","1.98","1","5","2","2"
"2010","Hesse","Couple + C. LE and GT 16","2.12","2","76","1","1","3","3","4","1.91","2.33","1","5","2","2"
"2010","Hesse","Single parent","2.17","2","58","1","1","3","3","4","1.88","2.46","1","5","2","2"
"2010","Lower Saxony","(Married) couple without C.","1.9","2","582","1","1","2","3","5","1.82","1.98","1","5","2","2"
"2010","Lower Saxony","1-pers.-HH","1.94","2","237","1","1","3","3","4","1.82","2.06","1","5","2","2"
"2010","Lower Saxony","Couple + C. GT 16 ","1.91","2","245","1","1","2","3","4","1.8","2.02","1","5","2","2"
"2010","Lower Saxony","Couple + C. LE 16","1.68","2","246","1","1","2","3","4","1.57","1.79","1","5","2","2"
"2010","Lower Saxony","Couple + C. LE and GT 16","2.18","2","98","1","1","3","4","4","1.99","2.37","1","4","2","2"
"2010","Lower Saxony","Single parent","2.31","2","62","1","1","3","4","4","2.05","2.57","1","4","1","2"
"2010","Mecklenburg-Western Pomerania","(Married) couple without C.","2.02","2","205","1","1","3","3","4","1.89","2.15","1","5","2","2"
"2010","Mecklenburg-Western Pomerania","1-pers.-HH","1.85","2","78","1","1","2","3","4","1.65","2.05","1","4","1","2"
"2010","Mecklenburg-Western Pomerania","Couple + C. GT 16 ","1.85","2","50","1","1","2","3","4","1.63","2.07","1","4","1","2"
"2010","Mecklenburg-Western Pomerania","Couple + C. LE 16","2.14","2","44","1","1","3","4","5","1.85","2.43","1","5","2","2"
"2010","Mecklenburg-Western Pomerania","Couple + C. LE and GT 16","","","","","","","","","","","","","",""
"2010","Mecklenburg-Western Pomerania","Single parent","","","","","","","","","","","","","",""
"2010","North Rhine-Westphalia","(Married) couple without C.","1.99","2","1256","1","1","3","3","5","1.94","2.04","1","5","2","2"
"2010","North Rhine-Westphalia","1-pers.-HH","2.01","2","489","1","1","3","4","5","1.92","2.1","1","5","2","2"
"2010","North Rhine-Westphalia","Couple + C. GT 16 ","1.84","2","620","1","1","2","3","4","1.77","1.91","1","5","1","2"
"2010","North Rhine-Westphalia","Couple + C. LE 16","1.94","2","552","1","1","3","3","5","1.86","2.02","1","5","2","2"
"2010","North Rhine-Westphalia","Couple + C. LE and GT 16","1.74","1","235","1","1","2","3","4","1.62","1.86","1","5","1","2"
"2010","North Rhine-Westphalia","Single parent","1.79","2","156","1","1","2","3","4","1.64","1.94","1","4","1","2"
"2010","Rhineland-Palatinate,Saarland","(Married) couple without C.","1.88","2","306","1","1","2","3","4","1.78","1.98","1","5","1","2"
"2010","Rhineland-Palatinate,Saarland","1-pers.-HH","2.03","2","184","1","1","3","3","4","1.88","2.18","1","5","2","2"
"2010","Rhineland-Palatinate,Saarland","Couple + C. GT 16 ","2.07","2","172","1","1","3","3","5","1.91","2.23","1","5","1","2"
"2010","Rhineland-Palatinate,Saarland","Couple + C. LE 16","2.05","2","143","1","1","3","3","4","1.88","2.22","1","5","1","2"
"2010","Rhineland-Palatinate,Saarland","Couple + C. LE and GT 16","1.96","2","75","1","1","2","3","4","1.76","2.16","1","4","1","2"
"2010","Rhineland-Palatinate,Saarland","Single parent","1.79","2","62","1","1","2","3","4","1.56","2.02","1","5","1","2"
"2010","Saxony-Anhalt","(Married) couple without C.","1.83","2","285","1","1","2","3","4","1.72","1.94","1","5","2","2"
"2010","Saxony-Anhalt","1-pers.-HH","1.94","2","118","1","1","2","3","5","1.75","2.13","1","5","2","2"
"2010","Saxony-Anhalt","Couple + C. GT 16 ","2.13","2","140","1","1","3","3","4","1.96","2.3","1","5","2","2"
"2010","Saxony-Anhalt","Couple + C. LE 16","1.87","2","98","1","1","2","3","4","1.69","2.05","1","5","1","2"
"2010","Saxony-Anhalt","Couple + C. LE and GT 16","","","","","","","","","","","","","",""
"2010","Saxony-Anhalt","Single parent","1.51","1","37","1","1","2","2","4","1.26","1.76","1","4","1","2"
"2010","Saxony","(Married) couple without C.","2.05","2","498","1","1","3","3","5","1.97","2.13","1","5","2","2"
"2010","Saxony","1-pers.-HH","2.03","2","194","1","1","3","4","5","1.88","2.18","1","5","2","2"
"2010","Saxony","Couple + C. GT 16 ","2.02","2","214","1","1","2","3","4","1.92","2.12","1","4","2","2"
"2010","Saxony","Couple + C. LE 16","1.89","2","196","1","1","3","3","4","1.76","2.02","1","4","1","2"
"2010","Saxony","Couple + C. LE and GT 16","1.74","2","56","1","1","2","3","4","1.54","1.94","1","4","1","2"
"2010","Saxony","Single parent","2.47","2","63","1","2","3","4","5","2.23","2.71","1","5","2","2"
"2010","Schleswig-Holstein","(Married) couple without C.","2.05","2","189","1","1","3","3","4","1.92","2.18","1","4","2","2"
"2010","Schleswig-Holstein","1-pers.-HH","1.95","2","86","1","1","2","3","5","1.74","2.16","1","5","1","2"
"2010","Schleswig-Holstein","Couple + C. GT 16 ","1.63","2","65","1","1","2","2","3","1.45","1.81","1","4","1","2"
"2010","Schleswig-Holstein","Couple + C. LE 16","2.27","2","57","1","2","3","3","5","2.03","2.51","1","5","1","2"
"2010","Schleswig-Holstein","Couple + C. LE and GT 16","","","","","","","","","","","","","",""
"2010","Schleswig-Holstein","Single parent","","","","","","","","","","","","","",""
"2010","Thuringia","(Married) couple without C.","1.95","2","284","1","1","2","3","5","1.84","2.06","1","5","2","2"
"2010","Thuringia","1-pers.-HH","1.92","2","120","1","1","2","3","5","1.71","2.13","1","5","2","2"
"2010","Thuringia","Couple + C. GT 16 ","1.96","2","135","1","1","2","3","5","1.81","2.11","1","5","2","2"
"2010","Thuringia","Couple + C. LE 16","1.81","2","108","1","1","2","3","4","1.64","1.98","1","5","2","2"
"2010","Thuringia","Couple + C. LE and GT 16","1.95","2","33","1","1","2","3","5","1.64","2.26","1","5","2","2"
"2010","Thuringia","Single parent","2.39","2","57","1","1","3","4","5","2.09","2.69","1","5","2","2"
"2011","Baden-Württemberg","(Married) couple without C.","1.9","2","889","1","1","2","3","4","1.84","1.96","1","5","2","2"
"2011","Baden-Württemberg","1-pers.-HH","2.18","2","408","1","1","3","4","5","2.08","2.28","1","5","2","2"
"2011","Baden-Württemberg","Couple + C. GT 16 ","2.02","2","401","1","1","3","3","4","1.93","2.11","1","5","2","2"
"2011","Baden-Württemberg","Couple + C. LE 16","1.99","2","390","1","1","3","3","4","1.9","2.08","1","5","2","2"
"2011","Baden-Württemberg","Couple + C. LE and GT 16","1.95","2","184","1","1","3","3","5","1.8","2.1","1","5","2","2"
"2011","Baden-Württemberg","Single parent","2.04","2","146","1","1","3","4","4","1.88","2.2","1","5","2","2"
"2011","Bavaria","(Married) couple without C.","2.14","2","1215","1","1","3","3","4","2.08","2.2","1","5","2","2"
"2011","Bavaria","1-pers.-HH","2.12","2","512","1","1","3","4","5","2.03","2.21","1","5","2","2"
"2011","Bavaria","Couple + C. GT 16 ","2.06","2","505","1","1","3","3","5","1.98","2.14","1","5","2","2"
"2011","Bavaria","Couple + C. LE 16","1.91","2","489","1","1","3","3","4","1.83","1.99","1","5","2","2"
"2011","Bavaria","Couple + C. LE and GT 16","2.04","2","228","1","1","2","3","4","1.92","2.16","1","5","2","2"
"2011","Bavaria","Single parent","2.17","2","169","1","1","3","4","5","2.01","2.33","1","5","2","2"
"2011","Berlin","(Married) couple without C.","1.98","2","308","1","1","3","3","4","1.87","2.09","1","5","2","2"
"2011","Berlin","1-pers.-HH","2.13","2","212","1","1","3","4","5","1.99","2.27","1","5","2","2"
"2011","Berlin","Couple + C. GT 16 ","2.07","2","104","1","1","3","3","5","1.85","2.29","1","5","2","2"
"2011","Berlin","Couple + C. LE 16","1.93","2","86","1","1","2","3","5","1.7","2.16","1","5","2","2"
"2011","Berlin","Couple + C. LE and GT 16","","","","","","","","","","","","","",""
"2011","Berlin","Single parent","1.52","1","49","1","1","2","3","4","1.29","1.75","1","4","1","2"
"2011","Brandenburg","(Married) couple without C.","2.08","2","399","1","1","3","4","4","1.99","2.17","1","5","2","2"
"2011","Brandenburg","1-pers.-HH","2.01","2","160","1","1","2","4","4","1.86","2.16","1","5","2","2"
"2011","Brandenburg","Couple + C. GT 16 ","1.92","2","130","1","1","2","3","4","1.75","2.09","1","5","2","2"
"2011","Brandenburg","Couple + C. LE 16","2.04","2","90","1","1","2","3","5","1.85","2.23","1","5","2","2"
"2011","Brandenburg","Couple + C. LE and GT 16","2.34","2","47","1","2","3","3","4","2.07","2.61","1","4","2","3"
"2011","Brandenburg","Single parent","1.94","2","49","1","1","2","4","5","1.59","2.29","1","5","1","2"
"2011","Bremen","(Married) couple without C.","1.91","2","43","1","1","3","3","5","1.62","2.2","1","5","1","2"
"2011","Bremen","1-pers.-HH","2.18","2","30","1","1","3","4","4","1.8","2.56","1","4","1","3"
"2011","Bremen","Couple + C. GT 16 ","","","","","","","","","","","","","",""
"2011","Bremen","Couple + C. LE 16","","","","","","","","","","","","","",""
"2011","Bremen","Couple + C. LE and GT 16","","","","","","","","","","","","","",""
"2011","Bremen","Single parent","","","","","","","","","","","","","",""
"2011","Hamburg","(Married) couple without C.","1.9","2","125","1","1","2","3","5","1.73","2.07","1","5","1","2"
"2011","Hamburg","1-pers.-HH","1.93","2","77","1","1","3","3","4","1.71","2.15","1","4","1","2"
"2011","Hamburg","Couple + C. GT 16 ","1.95","2","39","1","1","3","3","4","1.66","2.24","1","4","1","2"
"2011","Hamburg","Couple + C. LE 16","2.01","2","44","1","1","3","3","4","1.71","2.31","1","4","1","2"
"2011","Hamburg","Couple + C. LE and GT 16","","","","","","","","","","","","","",""
"2011","Hamburg","Single parent","","","","","","","","","","","","","",""
"2011","Hesse","(Married) couple without C.","2","2","525","1","1","3","3","5","1.91","2.09","1","5","2","2"
"2011","Hesse","1-pers.-HH","2.12","2","233","1","1","3","4","5","1.98","2.26","1","5","2","2"
"2011","Hesse","Couple + C. GT 16 ","1.88","2","205","1","1","2","3","5","1.75","2.01","1","5","2","2"
"2011","Hesse","Couple + C. LE 16","2.1","2","239","1","1","3","3","5","1.97","2.23","1","5","2","2"
"2011","Hesse","Couple + C. LE and GT 16","1.88","2","102","1","1","3","3","4","1.69","2.07","1","5","1","2"
"2011","Hesse","Single parent","2.26","2","88","1","1","3","4","5","2.03","2.49","1","5","2","2"
"2011","Lower Saxony","(Married) couple without C.","1.99","2","786","1","1","3","3","5","1.92","2.06","1","5","2","2"
"2011","Lower Saxony","1-pers.-HH","1.96","2","271","1","1","3","3","5","1.84","2.08","1","5","2","2"
"2011","Lower Saxony","Couple + C. GT 16 ","2.07","2","289","1","1","3","3","5","1.96","2.18","1","5","2","2"
"2011","Lower Saxony","Couple + C. LE 16","1.91","2","298","1","1","2","3","5","1.8","2.02","1","5","2","2"
"2011","Lower Saxony","Couple + C. LE and GT 16","1.92","2","124","1","1","2","3","5","1.77","2.07","1","5","2","2"
"2011","Lower Saxony","Single parent","2.33","2","92","1","2","3","4","5","2.11","2.55","1","5","2","2"
"2011","Mecklenburg-Western Pomerania","(Married) couple without C.","2.03","2","228","1","1","3","3","4","1.91","2.15","1","5","2","2"
"2011","Mecklenburg-Western Pomerania","1-pers.-HH","1.82","2","100","1","1","3","3","5","1.64","2","1","5","1","2"
"2011","Mecklenburg-Western Pomerania","Couple + C. GT 16 ","1.73","2","61","1","1","2","3","5","1.49","1.97","1","5","1","2"
"2011","Mecklenburg-Western Pomerania","Couple + C. LE 16","1.79","2","57","1","1","2","3","5","1.5","2.08","1","5","1","2"
"2011","Mecklenburg-Western Pomerania","Couple + C. LE and GT 16","","","","","","","","","","","","","",""
"2011","Mecklenburg-Western Pomerania","Single parent","2.26","2","38","1","1","3","5","5","1.91","2.61","1","5","2","2"
"2011","North Rhine-Westphalia","(Married) couple without C.","1.97","2","1563","1","1","3","3","5","1.92","2.02","1","5","2","2"
"2011","North Rhine-Westphalia","1-pers.-HH","2.05","2","642","1","1","3","4","5","1.97","2.13","1","5","2","2"
"2011","North Rhine-Westphalia","Couple + C. GT 16 ","1.92","2","744","1","1","3","3","5","1.85","1.99","1","5","2","2"
"2011","North Rhine-Westphalia","Couple + C. LE 16","1.9","2","636","1","1","2","3","5","1.83","1.97","1","5","2","2"
"2011","North Rhine-Westphalia","Couple + C. LE and GT 16","1.87","2","242","1","1","3","3","5","1.75","1.99","1","5","2","2"
"2011","North Rhine-Westphalia","Single parent","2.05","2","220","1","1","3","4","5","1.91","2.19","1","5","2","2"
"2011","Rhineland-Palatinate,Saarland","(Married) couple without C.","1.85","2","420","1","1","2","3","5","1.76","1.94","1","5","1","2"
"2011","Rhineland-Palatinate,Saarland","1-pers.-HH","2.11","2","226","1","1","3","4","5","1.96","2.26","1","5","1","2"
"2011","Rhineland-Palatinate,Saarland","Couple + C. GT 16 ","1.92","2","163","1","1","2","3","4","1.78","2.06","1","5","2","2"
"2011","Rhineland-Palatinate,Saarland","Couple + C. LE 16","1.91","2","183","1","1","3","3","4","1.76","2.06","1","5","1","2"
"2011","Rhineland-Palatinate,Saarland","Couple + C. LE and GT 16","2.18","2","84","1","1","3","4","5","1.94","2.42","1","5","1","2"
"2011","Rhineland-Palatinate,Saarland","Single parent","1.9","2","88","1","1","2","3","4","1.7","2.1","1","4","1","2"
"2011","Saxony-Anhalt","(Married) couple without C.","1.89","2","351","1","1","2","3","5","1.79","1.99","1","5","2","2"
"2011","Saxony-Anhalt","1-pers.-HH","2.04","2","153","1","1","3","4","5","1.87","2.21","1","5","2","2"
"2011","Saxony-Anhalt","Couple + C. GT 16 ","2.03","2","129","1","1","2","3","5","1.85","2.21","1","5","2","2"
"2011","Saxony-Anhalt","Couple + C. LE 16","1.96","2","134","1","1","3","3","4","1.82","2.1","1","4","2","2"
"2011","Saxony-Anhalt","Couple + C. LE and GT 16","1.81","2","35","1","1","2","3","5","1.45","2.17","1","5","1","2"
"2011","Saxony-Anhalt","Single parent","1.79","2","43","1","1","2","3","4","1.53","2.05","1","4","2","2"
"2011","Saxony","(Married) couple without C.","2.09","2","583","1","1","3","3","5","2.01","2.17","1","5","2","2"
"2011","Saxony","1-pers.-HH","2.09","2","237","1","1","3","4","4","1.96","2.22","1","5","2","2"
"2011","Saxony","Couple + C. GT 16 ","2.28","2","197","1","2","3","4","5","2.15","2.41","1","5","2","2"
"2011","Saxony","Couple + C. LE 16","1.87","2","219","1","1","2","3","4","1.76","1.98","1","5","2","2"
"2011","Saxony","Couple + C. LE and GT 16","1.67","2","55","1","1","2","3","3","1.46","1.88","1","4","2","2"
"2011","Saxony","Single parent","1.87","2","87","1","1","3","3","4","1.66","2.08","1","5","2","2"
"2011","Schleswig-Holstein","(Married) couple without C.","1.78","2","293","1","1","2","3","5","1.68","1.88","1","5","1","2"
"2011","Schleswig-Holstein","1-pers.-HH","1.81","2","121","1","1","2","3","4","1.66","1.96","1","4","1","2"
"2011","Schleswig-Holstein","Couple + C. GT 16 ","1.9","2","65","1","1","2","3","4","1.67","2.13","1","4","1","2"
"2011","Schleswig-Holstein","Couple + C. LE 16","1.88","2","103","1","1","2","3","5","1.72","2.04","1","5","2","2"
"2011","Schleswig-Holstein","Couple + C. LE and GT 16","2.03","2","37","1","1","3","3","4","1.72","2.34","1","4","1","2"
"2011","Schleswig-Holstein","Single parent","","","","","","","","","","","","","",""
"2011","Thuringia","(Married) couple without C.","1.91","2","359","1","1","2","3","5","1.81","2.01","1","5","1","2"
"2011","Thuringia","1-pers.-HH","1.96","2","168","1","1","3","4","4","1.8","2.12","1","5","1","2"
"2011","Thuringia","Couple + C. GT 16 ","1.88","2","135","1","1","2","3","4","1.74","2.02","1","4","2","2"
"2011","Thuringia","Couple + C. LE 16","1.88","2","125","1","1","2","3","4","1.72","2.04","1","4","2","2"
"2011","Thuringia","Couple + C. LE and GT 16","","","","","","","","","","","","","",""
"2011","Thuringia","Single parent","1.85","2","47","1","1","2","3","4","1.53","2.17","1","5","1","2"
"2012","Baden-Württemberg","(Married) couple without C.","1.92","2","884","1","1","3","3","4","1.86","1.98","1","5","2","2"
"2012","Baden-Württemberg","1-pers.-HH","2.03","2","398","1","1","3","3","5","1.93","2.13","1","5","2","2"
"2012","Baden-Württemberg","Couple + C. GT 16 ","2.03","2","374","1","1","3","3","4","1.94","2.12","1","5","2","2"
"2012","Baden-Württemberg","Couple + C. LE 16","1.85","2","382","1","1","2","3","4","1.76","1.94","1","5","2","2"
"2012","Baden-Württemberg","Couple + C. LE and GT 16","1.9","2","159","1","1","2","3","4","1.75","2.05","1","5","2","2"
"2012","Baden-Württemberg","Single parent","2.24","2","143","1","1","3","4","4","2.07","2.41","1","5","2","2"
"2012","Bavaria","(Married) couple without C.","1.91","2","1203","1","1","2","3","5","1.86","1.96","1","5","2","2"
"2012","Bavaria","1-pers.-HH","2.04","2","535","1","1","3","4","5","1.95","2.13","1","5","2","2"
"2012","Bavaria","Couple + C. GT 16 ","1.89","2","496","1","1","2","3","5","1.81","1.97","1","5","2","2"
"2012","Bavaria","Couple + C. LE 16","1.91","2","506","1","1","2","3","4","1.83","1.99","1","5","2","2"
"2012","Bavaria","Couple + C. LE and GT 16","2.01","2","207","1","1","3","4","5","1.89","2.13","1","5","2","2"
"2012","Bavaria","Single parent","2.07","2","174","1","1","3","4","5","1.91","2.23","1","5","2","2"
"2012","Berlin","(Married) couple without C.","1.86","2","329","1","1","2","3","5","1.75","1.97","1","5","1","2"
"2012","Berlin","1-pers.-HH","1.91","2","232","1","1","2","3","5","1.78","2.04","1","5","2","2"
"2012","Berlin","Couple + C. GT 16 ","1.65","1","71","1","1","2","3","4","1.45","1.85","1","4","2","2"
"2012","Berlin","Couple + C. LE 16","1.93","2","106","1","1","3","3","5","1.74","2.12","1","5","2","2"
"2012","Berlin","Couple + C. LE and GT 16","","","","","","","","","","","","","",""
"2012","Berlin","Single parent","2.01","2","47","1","1","3","4","4","1.72","2.3","1","4","2","2"
"2012","Brandenburg","(Married) couple without C.","1.97","2","427","1","1","3","3","4","1.88","2.06","1","5","2","2"
"2012","Brandenburg","1-pers.-HH","1.97","2","157","1","1","3","3","4","1.81","2.13","1","5","2","2"
"2012","Brandenburg","Couple + C. GT 16 ","1.76","2","101","1","1","2","3","4","1.59","1.93","1","4","1","2"
"2012","Brandenburg","Couple + C. LE 16","1.81","2","93","1","1","2","3","4","1.62","2","1","5","2","2"
"2012","Brandenburg","Couple + C. LE and GT 16","2.4","2","32","1","2","3","4","5","1.97","2.83","1","5","2","3"
"2012","Brandenburg","Single parent","2.21","2","45","1","2","3","4","4","1.94","2.48","1","4","2","2"
"2012","Bremen","(Married) couple without C.","1.99","2","44","1","1","2","3","5","1.71","2.27","1","5","1","2"
"2012","Bremen","1-pers.-HH","2.12","2","33","1","1","3","3","5","1.72","2.52","1","5","1","2"
"2012","Bremen","Couple + C. GT 16 ","","","","","","","","","","","","","",""
"2012","Bremen","Couple + C. LE 16","","","","","","","","","","","","","",""
"2012","Bremen","Couple + C. LE and GT 16","","","","","","","","","","","","","",""
"2012","Bremen","Single parent","","","","","","","","","","","","","",""
"2012","Hamburg","(Married) couple without C.","1.95","2","132","1","1","3","3","5","1.79","2.11","1","5","2","2"
"2012","Hamburg","1-pers.-HH","1.83","2","81","1","1","2","3","5","1.6","2.06","1","5","1","2"
"2012","Hamburg","Couple + C. GT 16 ","1.69","1.52","42","1","1","2","3","3","1.46","1.92","1","3","1","2"
"2012","Hamburg","Couple + C. LE 16","1.81","2","49","1","1","2","3","4","1.56","2.06","1","4","1","2"
"2012","Hamburg","Couple + C. LE and GT 16","","","","","","","","","","","","","",""
"2012","Hamburg","Single parent","","","","","","","","","","","","","",""
"2012","Hesse","(Married) couple without C.","1.96","2","537","1","1","3","3","5","1.88","2.04","1","5","2","2"
"2012","Hesse","1-pers.-HH","2.01","2","244","1","1","3","3","5","1.87","2.15","1","5","1","2"
"2012","Hesse","Couple + C. GT 16 ","1.74","1","200","1","1","2","3","4","1.61","1.87","1","5","1","2"
"2012","Hesse","Couple + C. LE 16","1.83","2","233","1","1","2","3","5","1.7","1.96","1","5","2","2"
"2012","Hesse","Couple + C. LE and GT 16","1.68","1","82","1","1","2","3","3","1.51","1.85","1","4","1","2"
"2012","Hesse","Single parent","2.06","2","89","1","1","3","4","5","1.83","2.29","1","5","2","2"
"2012","Lower Saxony","(Married) couple without C.","1.92","2","765","1","1","3","3","5","1.85","1.99","1","5","2","2"
"2012","Lower Saxony","1-pers.-HH","1.96","2","290","1","1","3","3","5","1.85","2.07","1","5","2","2"
"2012","Lower Saxony","Couple + C. GT 16 ","1.9","2","263","1","1","2","3","5","1.79","2.01","1","5","2","2"
"2012","Lower Saxony","Couple + C. LE 16","1.89","2","282","1","1","2","3","4","1.78","2","1","5","1","2"
"2012","Lower Saxony","Couple + C. LE and GT 16","1.83","2","122","1","1","2","3","4","1.68","1.98","1","4","1","2"
"2012","Lower Saxony","Single parent","1.99","2","107","1","1","3","3","4","1.81","2.17","1","4","2","2"
"2012","Mecklenburg-Western Pomerania","(Married) couple without C.","1.96","2","232","1","1","2","3","5","1.84","2.08","1","5","2","2"
"2012","Mecklenburg-Western Pomerania","1-pers.-HH","1.73","2","103","1","1","2","3","4","1.57","1.89","1","4","1","2"
"2012","Mecklenburg-Western Pomerania","Couple + C. GT 16 ","1.82","2","44","1","1","2","3","5","1.53","2.11","1","5","1","2"
"2012","Mecklenburg-Western Pomerania","Couple + C. LE 16","1.8","2","63","1","1","2","3","4","1.6","2","1","4","1","2"
"2012","Mecklenburg-Western Pomerania","Couple + C. LE and GT 16","","","","","","","","","","","","","",""
"2012","Mecklenburg-Western Pomerania","Single parent","2.26","2","36","1","1","3","3","5","1.86","2.66","1","5","1","2"
"2012","North Rhine-Westphalia","(Married) couple without C.","1.87","2","1552","1","1","2","3","5","1.82","1.92","1","5","2","2"
"2012","North Rhine-Westphalia","1-pers.-HH","1.94","2","655","1","1","2","3","5","1.86","2.02","1","5","2","2"
"2012","North Rhine-Westphalia","Couple + C. GT 16 ","1.82","2","675","1","1","2","3","5","1.75","1.89","1","5","1","2"
"2012","North Rhine-Westphalia","Couple + C. LE 16","1.87","2","628","1","1","2","3","5","1.8","1.94","1","5","2","2"
"2012","North Rhine-Westphalia","Couple + C. LE and GT 16","1.97","2","226","1","1","3","3","4","1.85","2.09","1","4","2","2"
"2012","North Rhine-Westphalia","Single parent","2.1","2","233","1","1","3","3","5","1.97","2.23","1","5","2","2"
"2012","Rhineland-Palatinate,Saarland","(Married) couple without C.","1.84","2","429","1","1","2","3","4","1.75","1.93","1","5","1","2"
"2012","Rhineland-Palatinate,Saarland","1-pers.-HH","1.96","2","231","1","1","3","3","4","1.83","2.09","1","5","1","2"
"2012","Rhineland-Palatinate,Saarland","Couple + C. GT 16 ","1.89","2","176","1","1","2","3","4","1.76","2.02","1","4","2","2"
"2012","Rhineland-Palatinate,Saarland","Couple + C. LE 16","1.84","2","159","1","1","2","3","4","1.7","1.98","1","5","1","2"
"2012","Rhineland-Palatinate,Saarland","Couple + C. LE and GT 16","2.06","2","80","1","1","3","3","4","1.83","2.29","1","4","1","2"
"2012","Rhineland-Palatinate,Saarland","Single parent","1.66","1","82","1","1","2","3","5","1.43","1.89","1","5","1","2"
"2012","Saxony-Anhalt","(Married) couple without C.","1.98","2","341","1","1","3","4","5","1.88","2.08","1","5","2","2"
"2012","Saxony-Anhalt","1-pers.-HH","1.93","2","156","1","1","3","4","4","1.76","2.1","1","5","1","2"
"2012","Saxony-Anhalt","Couple + C. GT 16 ","1.73","2","109","1","1","2","3","4","1.58","1.88","1","4","2","2"
"2012","Saxony-Anhalt","Couple + C. LE 16","1.63","2","120","1","1","2","2","3","1.49","1.77","1","5","1","2"
"2012","Saxony-Anhalt","Couple + C. LE and GT 16","","","","","","","","","","","","","",""
"2012","Saxony-Anhalt","Single parent","1.9","2","55","1","1","2","3","5","1.63","2.17","1","5","2","2"
"2012","Saxony","(Married) couple without C.","2.01","2","608","1","1","3","3","5","1.94","2.08","1","5","2","2"
"2012","Saxony","1-pers.-HH","2.05","2","265","1","1","3","4","4","1.93","2.17","1","5","2","2"
"2012","Saxony","Couple + C. GT 16 ","2.15","2","200","1","2","3","4","5","2.01","2.29","1","5","2","2"
"2012","Saxony","Couple + C. LE 16","1.77","2","211","1","1","2","3","4","1.65","1.89","1","5","1","2"
"2012","Saxony","Couple + C. LE and GT 16","1.82","2","53","1","1","2","2","3","1.66","1.98","1","3","2","2"
"2012","Saxony","Single parent","1.98","2","89","1","1","3","3","5","1.77","2.19","1","5","2","2"
"2012","Schleswig-Holstein","(Married) couple without C.","1.82","2","293","1","1","2","3","5","1.72","1.92","1","5","1","2"
"2012","Schleswig-Holstein","1-pers.-HH","1.66","2","126","1","1","2","3","4","1.52","1.8","1","4","1","2"
"2012","Schleswig-Holstein","Couple + C. GT 16 ","1.87","2","73","1","1","2","3","4","1.66","2.08","1","4","1","2"
"2012","Schleswig-Holstein","Couple + C. LE 16","1.73","2","92","1","1","2","2","5","1.54","1.92","1","5","1","2"
"2012","Schleswig-Holstein","Couple + C. LE and GT 16","","","","","","","","","","","","","",""
"2012","Schleswig-Holstein","Single parent","1.79","2","34","1","1","2","3","4","1.52","2.06","1","4","1","2"
"2012","Thuringia","(Married) couple without C.","1.92","2","353","1","1","3","3","5","1.82","2.02","1","5","1","2"
"2012","Thuringia","1-pers.-HH","2.01","2","166","1","1","3","4","5","1.84","2.18","1","5","1","2"
"2012","Thuringia","Couple + C. GT 16 ","1.8","2","136","1","1","2","3","4","1.67","1.93","1","4","2","2"
"2012","Thuringia","Couple + C. LE 16","1.57","1","120","1","1","2","3","4","1.41","1.73","1","5","1","2"
"2012","Thuringia","Couple + C. LE and GT 16","","","","","","","","","","","","","",""
"2012","Thuringia","Single parent","2.18","2","42","1","1","3","4","4","1.88","2.48","1","4","1","2"
"2013","Baden-Württemberg","(Married) couple without C.","1.93","2","828","1","1","3","3","4","1.87","1.99","1","5","2","2"
"2013","Baden-Württemberg","1-pers.-HH","2.07","2","371","1","1","3","3","5","1.97","2.17","1","5","2","2"
"2013","Baden-Württemberg","Couple + C. GT 16 ","1.99","2","357","1","1","3","3","4","1.9","2.08","1","5","2","2"
"2013","Baden-Württemberg","Couple + C. LE 16","1.87","2","851","1","1","2","3","4","1.81","1.93","1","5","2","2"
"2013","Baden-Württemberg","Couple + C. LE and GT 16","1.98","2","308","1","1","2","3","5","1.88","2.08","1","5","2","2"
"2013","Baden-Württemberg","Single parent","1.95","2","258","1","1","2","3","5","1.82","2.08","1","5","2","2"
"2013","Bavaria","(Married) couple without C.","2.02","2","1133","1","1","3","3","5","1.96","2.08","1","5","2","2"
"2013","Bavaria","1-pers.-HH","2.05","2","552","1","1","3","4","5","1.96","2.14","1","5","2","2"
"2013","Bavaria","Couple + C. GT 16 ","1.94","2","479","1","1","2","3","4","1.85","2.03","1","5","2","2"
"2013","Bavaria","Couple + C. LE 16","1.84","2","1011","1","1","2","3","5","1.78","1.9","1","5","2","2"
"2013","Bavaria","Couple + C. LE and GT 16","1.89","2","409","1","1","3","3","4","1.8","1.98","1","5","2","2"
"2013","Bavaria","Single parent","2.14","2","396","1","1","3","4","5","2.04","2.24","1","5","2","2"
"2013","Berlin","(Married) couple without C.","1.9","2","307","1","1","3","3","4","1.79","2.01","1","5","2","2"
"2013","Berlin","1-pers.-HH","1.91","2","235","1","1","2","3","5","1.78","2.04","1","5","2","2"
"2013","Berlin","Couple + C. GT 16 ","2.16","2","68","1","1","3","4","5","1.91","2.41","1","5","2","2"
"2013","Berlin","Couple + C. LE 16","1.63","1","207","1","1","2","3","4","1.51","1.75","1","5","1","2"
"2013","Berlin","Couple + C. LE and GT 16","2.01","2","30","1","1","2","3","4","1.66","2.36","1","4","2","2"
"2013","Berlin","Single parent","1.89","2","130","1","1","2","4","5","1.7","2.08","1","5","2","2"
"2013","Brandenburg","(Married) couple without C.","2","2","399","1","1","3","3","5","1.9","2.1","1","5","2","2"
"2013","Brandenburg","1-pers.-HH","1.83","2","151","1","1","2","3","5","1.67","1.99","1","5","1","2"
"2013","Brandenburg","Couple + C. GT 16 ","1.75","1.7","81","1","1","2","3","5","1.52","1.98","1","5","1","2"
"2013","Brandenburg","Couple + C. LE 16","1.84","2","222","1","1","2","3","5","1.7","1.98","1","5","1","2"
"2013","Brandenburg","Couple + C. LE and GT 16","1.83","2","53","1","1","2","2","4","1.65","2.01","1","4","2","2"
"2013","Brandenburg","Single parent","2.32","2","110","1","1","3","4","5","2.12","2.52","1","5","2","2"
"2013","Bremen","(Married) couple without C.","1.88","2","43","1","1","2","4","5","1.57","2.19","1","5","1","2"
"2013","Bremen","1-pers.-HH","2.01","2","30","1","1","3","3","4","1.65","2.37","1","4","1","2"
"2013","Bremen","Couple + C. GT 16 ","","","","","","","","","","","","","",""
"2013","Bremen","Couple + C. LE 16","1.93","2","46","1","1","2","3","4","1.64","2.22","1","4","1","2"
"2013","Bremen","Couple + C. LE and GT 16","","","","","","","","","","","","","",""
"2013","Bremen","Single parent","1.8","1","41","1","1","2","3","5","1.47","2.13","1","5","1","2"
"2013","Hamburg","(Married) couple without C.","2.11","2","125","1","1","3","4","5","1.92","2.3","1","5","1","2"
"2013","Hamburg","1-pers.-HH","1.85","1.94","69","1","1","3","3","4","1.63","2.07","1","4","1","2"
"2013","Hamburg","Couple + C. GT 16 ","1.65","1.01","35","1","1","2","2","4","1.37","1.93","1","4","1","2"
"2013","Hamburg","Couple + C. LE 16","1.7","1","105","1","1","2","3","3","1.55","1.85","1","4","1","2"
"2013","Hamburg","Couple + C. LE and GT 16","","","","","","","","","","","","","",""
"2013","Hamburg","Single parent","1.92","2","52","1","1","2","3","4","1.64","2.2","1","5","2","2"
"2013","Hesse","(Married) couple without C.","1.95","2","525","1","1","3","3","4","1.86","2.04","1","5","2","2"
"2013","Hesse","1-pers.-HH","1.96","2","236","1","1","3","3","5","1.82","2.1","1","5","1","2"
"2013","Hesse","Couple + C. GT 16 ","1.71","1","167","1","1","2","3","4","1.57","1.85","1","5","1","2"
"2013","Hesse","Couple + C. LE 16","1.76","2","479","1","1","2","3","5","1.67","1.85","1","5","2","2"
"2013","Hesse","Couple + C. LE and GT 16","1.72","2","160","1","1","2","3","5","1.58","1.86","1","5","2","2"
"2013","Hesse","Single parent","2.05","2","170","1","1","3","3","4","1.9","2.2","1","5","2","2"
"2013","Lower Saxony","(Married) couple without C.","1.87","2","761","1","1","2","3","4","1.8","1.94","1","5","2","2"
"2013","Lower Saxony","1-pers.-HH","1.99","2","280","1","1","3","3","5","1.87","2.11","1","5","2","2"
"2013","Lower Saxony","Couple + C. GT 16 ","2","2","269","1","1","3","3","4","1.88","2.12","1","5","2","2"
"2013","Lower Saxony","Couple + C. LE 16","1.92","2","611","1","1","2","3","5","1.85","1.99","1","5","2","2"
"2013","Lower Saxony","Couple + C. LE and GT 16","1.78","2","231","1","1","2","3","4","1.67","1.89","1","5","2","2"
"2013","Lower Saxony","Single parent","1.89","2","273","1","1","2","3","4","1.77","2.01","1","5","2","2"
"2013","Mecklenburg-Western Pomerania","(Married) couple without C.","2.01","2","209","1","1","3","3","4","1.88","2.14","1","5","2","2"
"2013","Mecklenburg-Western Pomerania","1-pers.-HH","1.81","2","98","1","1","2","3","4","1.62","2","1","5","1","2"
"2013","Mecklenburg-Western Pomerania","Couple + C. GT 16 ","1.65","1","30","1","1","2","3","4","1.3","2","1","4","1","2"
"2013","Mecklenburg-Western Pomerania","Couple + C. LE 16","1.73","1","143","1","1","2","3","4","1.58","1.88","1","5","1","2"
"2013","Mecklenburg-Western Pomerania","Couple + C. LE and GT 16","","","","","","","","","","","","","",""
"2013","Mecklenburg-Western Pomerania","Single parent","2.25","2","71","1","1","3","5","5","1.95","2.55","1","5","2","2"
"2013","North Rhine-Westphalia","(Married) couple without C.","1.92","2","1463","1","1","2","3","4","1.87","1.97","1","5","2","2"
"2013","North Rhine-Westphalia","1-pers.-HH","2.01","2","647","1","1","3","4","5","1.93","2.09","1","5","2","2"
"2013","North Rhine-Westphalia","Couple + C. GT 16 ","1.79","2","644","1","1","2","3","4","1.72","1.86","1","5","2","2"
"2013","North Rhine-Westphalia","Couple + C. LE 16","1.87","2","1379","1","1","2","3","4","1.82","1.92","1","5","2","2"
"2013","North Rhine-Westphalia","Couple + C. LE and GT 16","1.91","2","407","1","1","2","3","5","1.82","2","1","5","2","2"
"2013","North Rhine-Westphalia","Single parent","2.1","2","528","1","1","3","4","5","2.01","2.19","1","5","2","2"
"2013","Rhineland-Palatinate,Saarland","(Married) couple without C.","1.76","2","415","1","1","2","3","5","1.67","1.85","1","5","1","2"
"2013","Rhineland-Palatinate,Saarland","1-pers.-HH","1.81","1","213","1","1","2","3","5","1.67","1.95","1","5","1","2"
"2013","Rhineland-Palatinate,Saarland","Couple + C. GT 16 ","1.94","2","148","1","1","3","3","5","1.78","2.1","1","5","1","2"
"2013","Rhineland-Palatinate,Saarland","Couple + C. LE 16","1.81","2","352","1","1","2","3","4","1.72","1.9","1","5","2","2"
"2013","Rhineland-Palatinate,Saarland","Couple + C. LE and GT 16","1.95","2","106","1","1","3","3","5","1.76","2.14","1","5","2","2"
"2013","Rhineland-Palatinate,Saarland","Single parent","1.93","2","155","1","1","2","4","5","1.76","2.1","1","5","1","2"
"2013","Saxony-Anhalt","(Married) couple without C.","1.86","2","340","1","1","2","3","4","1.77","1.95","1","5","2","2"
"2013","Saxony-Anhalt","1-pers.-HH","2.07","2","152","1","1","3","4","5","1.9","2.24","1","5","2","2"
"2013","Saxony-Anhalt","Couple + C. GT 16 ","1.83","2","96","1","1","2","3","4","1.66","2","1","4","2","2"
"2013","Saxony-Anhalt","Couple + C. LE 16","1.9","2","204","1","1","2","3","4","1.77","2.03","1","5","2","2"
"2013","Saxony-Anhalt","Couple + C. LE and GT 16","2.38","2","42","1","1","4","4","4","2.05","2.71","1","4","1","2"
"2013","Saxony-Anhalt","Single parent","1.66","1","101","1","1","2","3","5","1.48","1.84","1","5","1","2"
"2013","Saxony","(Married) couple without C.","2.05","2","574","1","1","3","3","5","1.97","2.13","1","5","2","2"
"2013","Saxony","1-pers.-HH","1.97","2","256","1","1","3","4","5","1.84","2.1","1","5","1","2"
"2013","Saxony","Couple + C. GT 16 ","2.08","2","193","1","1","3","4","5","1.93","2.23","1","5","2","2"
"2013","Saxony","Couple + C. LE 16","1.74","1","427","1","1","2","3","4","1.65","1.83","1","5","1","2"
"2013","Saxony","Couple + C. LE and GT 16","1.79","2","98","1","1","2","3","4","1.64","1.94","1","4","1","2"
"2013","Saxony","Single parent","1.77","1","144","1","1","2","3","5","1.6","1.94","1","5","2","2"
"2013","Schleswig-Holstein","(Married) couple without C.","1.73","2","250","1","1","2","3","4","1.62","1.84","1","5","1","2"
"2013","Schleswig-Holstein","1-pers.-HH","1.73","1","137","1","1","2","3","4","1.58","1.88","1","5","1","2"
"2013","Schleswig-Holstein","Couple + C. GT 16 ","1.96","2","74","1","1","3","3","5","1.71","2.21","1","5","1","2"
"2013","Schleswig-Holstein","Couple + C. LE 16","1.73","1","245","1","1","2","3","4","1.62","1.84","1","5","1","2"
"2013","Schleswig-Holstein","Couple + C. LE and GT 16","1.74","1","80","1","1","3","3","4","1.53","1.95","1","4","1","2"
"2013","Schleswig-Holstein","Single parent","2.02","2","106","1","1","2","3","5","1.82","2.22","1","5","2","2"
"2013","Thuringia","(Married) couple without C.","1.99","2","340","1","1","3","4","5","1.89","2.09","1","5","1","2"
"2013","Thuringia","1-pers.-HH","1.97","2","148","1","1","3","4","5","1.8","2.14","1","5","1","2"
"2013","Thuringia","Couple + C. GT 16 ","1.69","2","133","1","1","2","3","4","1.53","1.85","1","5","2","2"
"2013","Thuringia","Couple + C. LE 16","1.7","1","217","1","1","2","3","5","1.57","1.83","1","5","1","2"
"2013","Thuringia","Couple + C. LE and GT 16","1.91","2","56","1","1","3","3","4","1.67","2.15","1","4","2","2"
"2013","Thuringia","Single parent","2.22","2","87","1","2","3","3","5","2","2.44","1","5","2","2"
"2014","Baden-Württemberg","(Married) couple without C.","1.91","2","838","1","1","3","3","5","1.84","1.98","1","5","2","2"
"2014","Baden-Württemberg","1-pers.-HH","2.09","2","387","1","1","3","3","5","1.98","2.2","1","5","2","2"
"2014","Baden-Württemberg","Couple + C. GT 16 ","1.91","2","405","1","1","3","3","4","1.82","2","1","5","2","2"
"2014","Baden-Württemberg","Couple + C. LE 16","1.84","2","936","1","1","2","3","5","1.78","1.9","1","5","1","2"
"2014","Baden-Württemberg","Couple + C. LE and GT 16","1.86","2","326","1","1","2","3","5","1.76","1.96","1","5","1","2"
"2014","Baden-Württemberg","Single parent","1.96","2","220","1","1","3","4","5","1.82","2.1","1","5","1","2"
"2014","Bavaria","(Married) couple without C.","1.89","2","1224","1","1","2","3","4","1.84","1.94","1","5","2","2"
"2014","Bavaria","1-pers.-HH","2","2","575","1","1","3","3","5","1.91","2.09","1","5","2","2"
"2014","Bavaria","Couple + C. GT 16 ","1.92","2","524","1","1","2","3","4","1.84","2","1","5","2","2"
"2014","Bavaria","Couple + C. LE 16","1.84","2","1156","1","1","2","3","5","1.78","1.9","1","5","2","2"
"2014","Bavaria","Couple + C. LE and GT 16","1.85","2","393","1","1","2","3","5","1.76","1.94","1","5","2","2"
"2014","Bavaria","Single parent","2.05","2","397","1","1","3","3","5","1.94","2.16","1","5","2","2"
"2014","Berlin","(Married) couple without C.","1.88","2","320","1","1","2","3","5","1.78","1.98","1","5","2","2"
"2014","Berlin","1-pers.-HH","1.84","2","226","1","1","2","3","5","1.71","1.97","1","5","2","2"
"2014","Berlin","Couple + C. GT 16 ","1.96","2","63","1","1","2","3","5","1.73","2.19","1","5","2","2"
"2014","Berlin","Couple + C. LE 16","1.87","2","212","1","1","2","3","4","1.74","2","1","5","2","2"
"2014","Berlin","Couple + C. LE and GT 16","2.13","2","42","1","2","3","3","5","1.78","2.48","1","5","2","2"
"2014","Berlin","Single parent","1.99","2","104","1","1","3","4","5","1.78","2.2","1","5","2","2"
"2014","Brandenburg","(Married) couple without C.","1.96","2","401","1","1","3","3","5","1.87","2.05","1","5","2","2"
"2014","Brandenburg","1-pers.-HH","1.9","2","151","1","1","2","3","5","1.73","2.07","1","5","2","2"
"2014","Brandenburg","Couple + C. GT 16 ","1.64","1","81","1","1","2","3","3","1.46","1.82","1","4","1","2"
"2014","Brandenburg","Couple + C. LE 16","1.73","2","215","1","1","2","3","4","1.61","1.85","1","5","1","2"
"2014","Brandenburg","Couple + C. LE and GT 16","1.84","2","57","1","1","2","3","3","1.63","2.05","1","3","2","2"
"2014","Brandenburg","Single parent","2.07","2","100","1","1","3","3","4","1.88","2.26","1","5","2","2"
"2014","Bremen","(Married) couple without C.","1.89","2","45","1","1","2","3","5","1.6","2.18","1","5","1","2"
"2014","Bremen","1-pers.-HH","1.93","2","35","1","1","2","3","5","1.6","2.26","1","5","1","2"
"2014","Bremen","Couple + C. GT 16 ","","","","","","","","","","","","","",""
"2014","Bremen","Couple + C. LE 16","1.77","2","48","1","1","2","3","4","1.51","2.03","1","4","1","2"
"2014","Bremen","Couple + C. LE and GT 16","","","","","","","","","","","","","",""
"2014","Bremen","Single parent","2.08","1","36","1","1","3","4","5","1.63","2.53","1","5","1","3"
"2014","Hamburg","(Married) couple without C.","2.19","2","133","1","1","3","4","5","2.02","2.36","1","5","2","2"
"2014","Hamburg","1-pers.-HH","1.8","1","69","1","1","3","3","5","1.54","2.06","1","5","1","2"
"2014","Hamburg","Couple + C. GT 16 ","2","1.41","41","1","1","3","4","5","1.64","2.36","1","5","1","2"
"2014","Hamburg","Couple + C. LE 16","1.7","1","110","1","1","2","3","4","1.54","1.86","1","4","1","2"
"2014","Hamburg","Couple + C. LE and GT 16","2.15","2","31","1","2","2","3","5","1.82","2.48","1","5","2","2"
"2014","Hamburg","Single parent","2.08","2","47","1","1","2","4","5","1.77","2.39","1","5","1","2"
"2014","Hesse","(Married) couple without C.","1.89","2","523","1","1","2","3","5","1.81","1.97","1","5","2","2"
"2014","Hesse","1-pers.-HH","1.87","2","235","1","1","2","3","5","1.73","2.01","1","5","1","2"
"2014","Hesse","Couple + C. GT 16 ","1.86","2","209","1","1","2","3","5","1.74","1.98","1","5","2","2"
"2014","Hesse","Couple + C. LE 16","1.86","2","479","1","1","2","3","4","1.77","1.95","1","5","2","2"
"2014","Hesse","Couple + C. LE and GT 16","1.87","2","178","1","1","2","3","5","1.73","2.01","1","5","2","2"
"2014","Hesse","Single parent","1.9","2","171","1","1","2","3","5","1.75","2.05","1","5","2","2"
"2014","Lower Saxony","(Married) couple without C.","1.85","2","778","1","1","2","3","5","1.78","1.92","1","5","2","2"
"2014","Lower Saxony","1-pers.-HH","1.91","2","285","1","1","2","4","5","1.79","2.03","1","5","1","2"
"2014","Lower Saxony","Couple + C. GT 16 ","1.92","2","294","1","1","2","3","5","1.82","2.02","1","5","2","2"
"2014","Lower Saxony","Couple + C. LE 16","1.81","2","644","1","1","2","3","4","1.74","1.88","1","5","2","2"
"2014","Lower Saxony","Couple + C. LE and GT 16","1.94","2","263","1","1","2","3","5","1.82","2.06","1","5","2","2"
"2014","Lower Saxony","Single parent","2.14","2","259","1","1","3","4","5","2.01","2.27","1","5","2","2"
"2014","Mecklenburg-Western Pomerania","(Married) couple without C.","1.86","2","216","1","1","2","3","4","1.74","1.98","1","5","2","2"
"2014","Mecklenburg-Western Pomerania","1-pers.-HH","1.59","1","102","1","1","2","3","4","1.43","1.75","1","4","1","2"
"2014","Mecklenburg-Western Pomerania","Couple + C. GT 16 ","1.35","1","32","1","1","1","2","4","1.01","1.69","1","4","1","2"
"2014","Mecklenburg-Western Pomerania","Couple + C. LE 16","1.98","2","115","1","1","3","3","5","1.8","2.16","1","5","2","2"
"2014","Mecklenburg-Western Pomerania","Couple + C. LE and GT 16","","","","","","","","","","","","","",""
"2014","Mecklenburg-Western Pomerania","Single parent","1.89","1","58","1","1","3","4","5","1.6","2.18","1","5","1","2"
"2014","North Rhine-Westphalia","(Married) couple without C.","1.96","2","1530","1","1","3","3","5","1.91","2.01","1","5","2","2"
"2014","North Rhine-Westphalia","1-pers.-HH","2.01","2","644","1","1","3","4","5","1.93","2.09","1","5","2","2"
"2014","North Rhine-Westphalia","Couple + C. GT 16 ","1.8","2","764","1","1","2","3","5","1.73","1.87","1","5","1","2"
"2014","North Rhine-Westphalia","Couple + C. LE 16","1.87","2","1503","1","1","2","3","5","1.82","1.92","1","5","2","2"
"2014","North Rhine-Westphalia","Couple + C. LE and GT 16","1.95","2","481","1","1","3","3","4","1.87","2.03","1","5","2","2"
"2014","North Rhine-Westphalia","Single parent","2.04","2","536","1","1","3","3","5","1.95","2.13","1","5","2","2"
"2014","Rhineland-Palatinate,Saarland","(Married) couple without C.","1.82","2","433","1","1","2","3","4","1.74","1.9","1","5","1","2"
"2014","Rhineland-Palatinate,Saarland","1-pers.-HH","1.94","2","237","1","1","3","3","5","1.81","2.07","1","5","1","2"
"2014","Rhineland-Palatinate,Saarland","Couple + C. GT 16 ","2.03","2","141","1","1","3","4","5","1.86","2.2","1","5","2","2"
"2014","Rhineland-Palatinate,Saarland","Couple + C. LE 16","2.04","2","397","1","1","3","4","5","1.95","2.13","1","5","2","2"
"2014","Rhineland-Palatinate,Saarland","Couple + C. LE and GT 16","1.79","2","147","1","1","2","3","4","1.64","1.94","1","4","1","2"
"2014","Rhineland-Palatinate,Saarland","Single parent","1.8","1.24","155","1","1","2","3","5","1.63","1.97","1","5","2","2"
"2014","Saxony-Anhalt","(Married) couple without C.","1.83","2","347","1","1","2","3","4","1.74","1.92","1","5","2","2"
"2014","Saxony-Anhalt","1-pers.-HH","1.91","2","158","1","1","3","4","4","1.75","2.07","1","5","1","2"
"2014","Saxony-Anhalt","Couple + C. GT 16 ","1.89","2","92","1","1","2","3","5","1.7","2.08","1","5","1","2"
"2014","Saxony-Anhalt","Couple + C. LE 16","1.75","2","187","1","1","2","3","4","1.63","1.87","1","5","1","2"
"2014","Saxony-Anhalt","Couple + C. LE and GT 16","2.02","2","65","1","1","2","3","5","1.76","2.28","1","5","1","2"
"2014","Saxony-Anhalt","Single parent","2.18","2","85","1","1","3","4","5","1.97","2.39","1","5","2","2"
"2014","Saxony","(Married) couple without C.","2.1","2","585","1","1","3","3","5","2.03","2.17","1","5","2","2"
"2014","Saxony","1-pers.-HH","2.05","2","252","1","1","3","4","5","1.91","2.19","1","5","2","2"
"2014","Saxony","Couple + C. GT 16 ","2.15","2","174","1","1","3","3","5","2","2.3","1","5","2","2"
"2014","Saxony","Couple + C. LE 16","1.79","2","386","1","1","2","3","5","1.7","1.88","1","5","1","2"
"2014","Saxony","Couple + C. LE and GT 16","1.87","2","88","1","1","2","3","4","1.7","2.04","1","4","1","2"
"2014","Saxony","Single parent","1.83","2","122","1","1","2","3","5","1.65","2.01","1","5","2","2"
"2014","Schleswig-Holstein","(Married) couple without C.","1.75","2","266","1","1","2","3","5","1.64","1.86","1","5","1","2"
"2014","Schleswig-Holstein","1-pers.-HH","1.9","2","142","1","1","3","3","4","1.75","2.05","1","5","1","2"
"2014","Schleswig-Holstein","Couple + C. GT 16 ","2.13","2","93","1","1","3","3","5","1.94","2.32","1","5","1","2"
"2014","Schleswig-Holstein","Couple + C. LE 16","1.79","2","252","1","1","2","3","5","1.68","1.9","1","5","2","2"
"2014","Schleswig-Holstein","Couple + C. LE and GT 16","2.05","2","57","1","1","2","3","4","1.81","2.29","1","4","1","2"
"2014","Schleswig-Holstein","Single parent","2.22","2","90","1","1","3","3","5","2.01","2.43","1","5","2","3"
"2014","Thuringia","(Married) couple without C.","1.84","1","340","1","1","3","4","5","1.73","1.95","1","5","1","2"
"2014","Thuringia","1-pers.-HH","2.06","2","157","1","1","3","4","5","1.89","2.23","1","5","2","2"
"2014","Thuringia","Couple + C. GT 16 ","1.75","2","132","1","1","2","3","4","1.59","1.91","1","5","2","2"
"2014","Thuringia","Couple + C. LE 16","1.8","2","219","1","1","2","3","5","1.68","1.92","1","5","1","2"
"2014","Thuringia","Couple + C. LE and GT 16","1.83","2","61","1","1","2","3","4","1.62","2.04","1","4","1","2"
"2014","Thuringia","Single parent","2.02","2","74","1","1","3","3","5","1.78","2.26","1","5","2","2"
"2015","Baden-Württemberg","(Married) couple without C.","1.85","2","820","1","1","2","3","5","1.79","1.91","1","5","2","2"
"2015","Baden-Württemberg","1-pers.-HH","1.99","2","354","1","1","3","3","5","1.88","2.1","1","5","2","2"
"2015","Baden-Württemberg","Couple + C. GT 16 ","1.9","2","389","1","1","2","3","4","1.81","1.99","1","5","2","2"
"2015","Baden-Württemberg","Couple + C. LE 16","1.69","1","803","1","1","2","3","5","1.63","1.75","1","5","1","2"
"2015","Baden-Württemberg","Couple + C. LE and GT 16","1.86","2","313","1","1","2","3","5","1.76","1.96","1","5","2","2"
"2015","Baden-Württemberg","Single parent","2.02","2","228","1","1","3","4","5","1.89","2.15","1","5","2","2"
"2015","Bavaria","(Married) couple without C.","1.99","2","1128","1","1","3","3","5","1.93","2.05","1","5","2","2"
"2015","Bavaria","1-pers.-HH","2.03","2","540","1","1","3","4","5","1.94","2.12","1","5","2","2"
"2015","Bavaria","Couple + C. GT 16 ","1.98","2","525","1","1","3","3","5","1.9","2.06","1","5","2","2"
"2015","Bavaria","Couple + C. LE 16","1.86","2","1012","1","1","2","3","5","1.8","1.92","1","5","2","2"
"2015","Bavaria","Couple + C. LE and GT 16","1.72","2","373","1","1","2","3","4","1.63","1.81","1","5","1","2"
"2015","Bavaria","Single parent","2.12","2","365","1","1","3","4","5","2","2.24","1","5","2","2"
"2015","Berlin","(Married) couple without C.","1.76","2","285","1","1","2","3","4","1.66","1.86","1","5","2","2"
"2015","Berlin","1-pers.-HH","1.86","2","215","1","1","2","3","4","1.73","1.99","1","5","1","2"
"2015","Berlin","Couple + C. GT 16 ","2.16","2","54","1","1","3","4","5","1.83","2.49","1","5","2","2"
"2015","Berlin","Couple + C. LE 16","1.91","2","193","1","1","2","3","4","1.79","2.03","1","5","2","2"
"2015","Berlin","Couple + C. LE and GT 16","2.15","2","40","1","1","3","3","4","1.81","2.49","1","5","1","2"
"2015","Berlin","Single parent","2.01","2","106","1","1","3","4","5","1.79","2.23","1","5","1","2"
"2015","Brandenburg","(Married) couple without C.","2.03","2","396","1","1","3","3","5","1.93","2.13","1","5","2","2"
"2015","Brandenburg","1-pers.-HH","1.91","2","138","1","1","2","3","5","1.75","2.07","1","5","2","2"
"2015","Brandenburg","Couple + C. GT 16 ","1.66","1","77","1","1","2","3","4","1.44","1.88","1","5","1","2"
"2015","Brandenburg","Couple + C. LE 16","1.94","2","195","1","1","2","3","4","1.82","2.06","1","4","2","2"
"2015","Brandenburg","Couple + C. LE and GT 16","1.77","2","58","1","1","2","3","4","1.54","2","1","4","2","2"
"2015","Brandenburg","Single parent","2.24","2","90","1","1","3","4","5","2.01","2.47","1","5","2","2"
"2015","Bremen","(Married) couple without C.","2.17","2","38","1","1","3","5","5","1.83","2.51","1","5","2","2"
"2015","Bremen","1-pers.-HH","","","","","","","","","","","","","",""
"2015","Bremen","Couple + C. GT 16 ","","","","","","","","","","","","","",""
"2015","Bremen","Couple + C. LE 16","1.84","2","38","1","1","2","4","5","1.46","2.22","1","5","1","2"
"2015","Bremen","Couple + C. LE and GT 16","","","","","","","","","","","","","",""
"2015","Bremen","Single parent","2.27","2","30","1","1","3","4","5","1.81","2.73","1","5","1","3"
"2015","Hamburg","(Married) couple without C.","2.07","2","128","1","1","3","4","5","1.89","2.25","1","5","2","2"
"2015","Hamburg","1-pers.-HH","1.9","2","62","1","1","3","3","4","1.66","2.14","1","4","1","2"
"2015","Hamburg","Couple + C. GT 16 ","1.98","2","45","1","1","2","3","4","1.73","2.23","1","4","1","2"
"2015","Hamburg","Couple + C. LE 16","1.53","1","105","1","1","2","3","4","1.36","1.7","1","4","1","2"
"2015","Hamburg","Couple + C. LE and GT 16","1.69","2","35","1","1","2","3","3","1.45","1.93","1","3","1","2"
"2015","Hamburg","Single parent","1.99","2","41","1","1","3","3","4","1.72","2.26","1","4","1","2"
"2015","Hesse","(Married) couple without C.","1.9","2","457","1","1","2","3","4","1.82","1.98","1","5","2","2"
"2015","Hesse","1-pers.-HH","1.87","2","226","1","1","2","3","4","1.73","2.01","1","5","2","2"
"2015","Hesse","Couple + C. GT 16 ","1.94","2","191","1","1","2","3","5","1.8","2.08","1","5","2","2"
"2015","Hesse","Couple + C. LE 16","1.72","1","451","1","1","2","3","4","1.64","1.8","1","5","2","2"
"2015","Hesse","Couple + C. LE and GT 16","1.9","2","155","1","1","2","3","5","1.75","2.05","1","5","1","2"
"2015","Hesse","Single parent","1.92","2","159","1","1","3","3","4","1.77","2.07","1","5","2","2"
"2015","Lower Saxony","(Married) couple without C.","1.82","2","726","1","1","2","3","5","1.75","1.89","1","5","2","2"
"2015","Lower Saxony","1-pers.-HH","1.98","2","291","1","1","3","4","5","1.86","2.1","1","5","2","2"
"2015","Lower Saxony","Couple + C. GT 16 ","1.87","2","256","1","1","2","3","5","1.76","1.98","1","5","1","2"
"2015","Lower Saxony","Couple + C. LE 16","1.86","2","588","1","1","2","3","4","1.79","1.93","1","5","2","2"
"2015","Lower Saxony","Couple + C. LE and GT 16","1.72","2","246","1","1","2","3","4","1.61","1.83","1","5","2","2"
"2015","Lower Saxony","Single parent","2.22","2","255","1","1","3","4","5","2.09","2.35","1","5","2","2"
"2015","Mecklenburg-Western Pomerania","(Married) couple without C.","1.88","2","207","1","1","2","3","5","1.75","2.01","1","5","2","2"
"2015","Mecklenburg-Western Pomerania","1-pers.-HH","1.78","2","104","1","1","2","3","5","1.57","1.99","1","5","1","2"
"2015","Mecklenburg-Western Pomerania","Couple + C. GT 16 ","1.75","1.16","32","1","1","2","3","4","1.34","2.16","1","4","1","2"
"2015","Mecklenburg-Western Pomerania","Couple + C. LE 16","2.1","2","117","1","1","3","3","4","1.94","2.26","1","4","1","2"
"2015","Mecklenburg-Western Pomerania","Couple + C. LE and GT 16","","","","","","","","","","","","","",""
"2015","Mecklenburg-Western Pomerania","Single parent","2.14","1.81","59","1","1","3","4","5","1.85","2.43","1","5","1","2"
"2015","North Rhine-Westphalia","(Married) couple without C.","2.01","2","1393","1","1","3","3","5","1.96","2.06","1","5","2","2"
"2015","North Rhine-Westphalia","1-pers.-HH","2.02","2","639","1","1","3","3","5","1.94","2.1","1","5","2","2"
"2015","North Rhine-Westphalia","Couple + C. GT 16 ","1.81","2","709","1","1","2","3","4","1.74","1.88","1","5","2","2"
"2015","North Rhine-Westphalia","Couple + C. LE 16","1.91","2","1316","1","1","2","3","5","1.86","1.96","1","5","2","2"
"2015","North Rhine-Westphalia","Couple + C. LE and GT 16","1.9","2","479","1","1","2","3","5","1.82","1.98","1","5","1","2"
"2015","North Rhine-Westphalia","Single parent","1.96","2","487","1","1","3","4","5","1.86","2.06","1","5","2","2"
"2015","Rhineland-Palatinate,Saarland","(Married) couple without C.","1.88","2","439","1","1","2","3","4","1.8","1.96","1","5","2","2"
"2015","Rhineland-Palatinate,Saarland","1-pers.-HH","1.88","2","216","1","1","3","3","5","1.75","2.01","1","5","1","2"
"2015","Rhineland-Palatinate,Saarland","Couple + C. GT 16 ","1.88","2","147","1","1","2","3","4","1.73","2.03","1","5","2","2"
"2015","Rhineland-Palatinate,Saarland","Couple + C. LE 16","1.82","1","332","1","1","2","3","5","1.72","1.92","1","5","1","2"
"2015","Rhineland-Palatinate,Saarland","Couple + C. LE and GT 16","1.81","2","154","1","1","2","3","5","1.64","1.98","1","5","2","2"
"2015","Rhineland-Palatinate,Saarland","Single parent","2","2","143","1","1","3","3","4","1.83","2.17","1","5","2","2"
"2015","Saxony-Anhalt","(Married) couple without C.","1.94","2","330","1","1","3","3","4","1.84","2.04","1","5","2","2"
"2015","Saxony-Anhalt","1-pers.-HH","1.98","2","150","1","1","2","4","4","1.82","2.14","1","5","2","2"
"2015","Saxony-Anhalt","Couple + C. GT 16 ","1.78","1","77","1","1","3","3","4","1.56","2","1","4","1","2"
"2015","Saxony-Anhalt","Couple + C. LE 16","1.89","2","168","1","1","2","3","4","1.75","2.03","1","5","2","2"
"2015","Saxony-Anhalt","Couple + C. LE and GT 16","1.91","1.73","58","1","1","3","3","5","1.65","2.17","1","5","1","2"
"2015","Saxony-Anhalt","Single parent","1.85","2","81","1","1","2","3","4","1.67","2.03","1","4","2","2"
"2015","Saxony","(Married) couple without C.","2.08","2","545","1","1","3","3","5","2","2.16","1","5","2","2"
"2015","Saxony","1-pers.-HH","2","2","246","1","1","3","3","4","1.87","2.13","1","5","2","2"
"2015","Saxony","Couple + C. GT 16 ","2.14","2","165","1","1","3","3","5","1.99","2.29","1","5","2","2"
"2015","Saxony","Couple + C. LE 16","1.85","2","327","1","1","2","3","4","1.75","1.95","1","5","2","2"
"2015","Saxony","Couple + C. LE and GT 16","1.8","2","98","1","1","2","3","4","1.64","1.96","1","4","1","2"
"2015","Saxony","Single parent","1.81","2","122","1","1","2","3","4","1.64","1.98","1","5","2","2"
"2015","Schleswig-Holstein","(Married) couple without C.","1.86","2","241","1","1","2","3","4","1.75","1.97","1","5","2","2"
"2015","Schleswig-Holstein","1-pers.-HH","1.95","2","138","1","1","3","3","5","1.8","2.1","1","5","2","2"
"2015","Schleswig-Holstein","Couple + C. GT 16 ","1.88","2","101","1","1","2","3","4","1.71","2.05","1","5","2","2"
"2015","Schleswig-Holstein","Couple + C. LE 16","1.79","2","235","1","1","2","3","5","1.67","1.91","1","5","2","2"
"2015","Schleswig-Holstein","Couple + C. LE and GT 16","1.72","1","46","1","1","2","3","5","1.39","2.05","1","5","1","2"
"2015","Schleswig-Holstein","Single parent","2.03","2","96","1","1","3","3","4","1.83","2.23","1","5","2","2"
"2015","Thuringia","(Married) couple without C.","1.84","2","342","1","1","2","3","5","1.74","1.94","1","5","1","2"
"2015","Thuringia","1-pers.-HH","2","2","154","1","1","3","4","5","1.83","2.17","1","5","1","2"
"2015","Thuringia","Couple + C. GT 16 ","2","2","109","1","1","3","3","5","1.81","2.19","1","5","2","2"
"2015","Thuringia","Couple + C. LE 16","1.82","2","188","1","1","2","3","4","1.7","1.94","1","5","2","2"
"2015","Thuringia","Couple + C. LE and GT 16","1.58","1","54","1","1","2","3","4","1.34","1.82","1","5","1","2"
"2015","Thuringia","Single parent","2.06","2","63","1","1","3","3","4","1.81","2.31","1","4","1","2"
"2016","Baden-Württemberg","(Married) couple without C.","1.98","2","759","1","1","3","3","4","1.91","2.05","1","5","2","2"
"2016","Baden-Württemberg","1-pers.-HH","2.12","2","362","1","1","3","4","5","2.01","2.23","1","5","2","2"
"2016","Baden-Württemberg","Couple + C. GT 16 ","2","2","348","1","1","3","3","5","1.9","2.1","1","5","2","2"
"2016","Baden-Württemberg","Couple + C. LE 16","1.81","2","783","1","1","2","3","4","1.75","1.87","1","5","2","2"
"2016","Baden-Württemberg","Couple + C. LE and GT 16","1.83","2","303","1","1","2","3","4","1.72","1.94","1","5","2","2"
"2016","Baden-Württemberg","Single parent","2.1","2","219","1","1","3","4","5","1.96","2.24","1","5","2","2"
"2016","Bavaria","(Married) couple without C.","1.98","2","1126","1","1","3","3","4","1.92","2.04","1","5","2","2"
"2016","Bavaria","1-pers.-HH","2.06","2","535","1","1","3","4","5","1.97","2.15","1","5","2","2"
"2016","Bavaria","Couple + C. GT 16 ","2.08","2","489","1","1","3","3","5","1.99","2.17","1","5","2","2"
"2016","Bavaria","Couple + C. LE 16","1.89","2","968","1","1","2","3","4","1.83","1.95","1","5","2","2"
"2016","Bavaria","Couple + C. LE and GT 16","1.93","2","365","1","1","2","3","5","1.83","2.03","1","5","2","2"
"2016","Bavaria","Single parent","2.15","2","338","1","1","3","4","5","2.03","2.27","1","5","2","2"
"2016","Berlin","(Married) couple without C.","2.03","2","293","1","1","3","3","4","1.92","2.14","1","5","2","2"
"2016","Berlin","1-pers.-HH","2.05","2","231","1","1","3","4","5","1.91","2.19","1","5","2","2"
"2016","Berlin","Couple + C. GT 16 ","2.18","2","52","1","1","3","4","4","1.89","2.47","1","5","2","2"
"2016","Berlin","Couple + C. LE 16","1.77","2","185","1","1","2","3","4","1.64","1.9","1","5","2","2"
"2016","Berlin","Couple + C. LE and GT 16","1.91","2","30","1","1","3","3","3","1.59","2.23","1","3","1","2"
"2016","Berlin","Single parent","1.84","2","92","1","1","2","3","4","1.63","2.05","1","4","1","2"
"2016","Brandenburg","(Married) couple without C.","2.16","2","393","1","1","3","4","4","2.06","2.26","1","5","2","2"
"2016","Brandenburg","1-pers.-HH","2.04","2","138","1","1","3","3","5","1.87","2.21","1","5","2","2"
"2016","Brandenburg","Couple + C. GT 16 ","1.85","2","68","1","1","2","3","4","1.62","2.08","1","4","1","2"
"2016","Brandenburg","Couple + C. LE 16","2.09","2","187","1","1","3","4","4","1.96","2.22","1","5","2","2"
"2016","Brandenburg","Couple + C. LE and GT 16","1.81","2","62","1","1","2","3","5","1.56","2.06","1","5","1","2"
"2016","Brandenburg","Single parent","2.13","2","70","1","2","3","4","4","1.91","2.35","1","4","2","2"
"2016","Bremen","(Married) couple without C.","2.51","3","39","1","1","3","3","5","2.17","2.85","1","5","2","3"
"2016","Bremen","1-pers.-HH","","","","","","","","","","","","","",""
"2016","Bremen","Couple + C. GT 16 ","","","","","","","","","","","","","",""
"2016","Bremen","Couple + C. LE 16","1.95","2","44","1","1","2","3","5","1.62","2.28","1","5","1","2"
"2016","Bremen","Couple + C. LE and GT 16","","","","","","","","","","","","","",""
"2016","Bremen","Single parent","","","","","","","","","","","","","",""
"2016","Hamburg","(Married) couple without C.","2.01","2","124","1","1","3","4","5","1.82","2.2","1","5","1","2"
"2016","Hamburg","1-pers.-HH","1.95","2","70","1","1","3","3","4","1.72","2.18","1","5","1","2"
"2016","Hamburg","Couple + C. GT 16 ","1.88","2","41","1","1","2","3","3","1.65","2.11","1","4","2","2"
"2016","Hamburg","Couple + C. LE 16","1.6","1","98","1","1","2","2","4","1.41","1.79","1","5","1","2"
"2016","Hamburg","Couple + C. LE and GT 16","2.05","2","40","1","1","2","4","5","1.74","2.36","1","5","1","2"
"2016","Hamburg","Single parent","2.02","2","43","1","1","3","3","5","1.68","2.36","1","5","1","2"
"2016","Hesse","(Married) couple without C.","2.02","2","481","1","1","3","3","5","1.94","2.1","1","5","2","2"
"2016","Hesse","1-pers.-HH","1.89","2","219","1","1","2","3","4","1.76","2.02","1","5","2","2"
"2016","Hesse","Couple + C. GT 16 ","2.16","2","176","1","1","3","4","5","2.01","2.31","1","5","2","2"
"2016","Hesse","Couple + C. LE 16","1.85","2","393","1","1","2","3","5","1.76","1.94","1","5","2","2"
"2016","Hesse","Couple + C. LE and GT 16","1.75","1","131","1","1","2","3","5","1.57","1.93","1","5","2","2"
"2016","Hesse","Single parent","2.03","2","152","1","1","3","4","5","1.86","2.2","1","5","2","2"
"2016","Lower Saxony","(Married) couple without C.","1.93","2","712","1","1","2","3","5","1.86","2","1","5","2","2"
"2016","Lower Saxony","1-pers.-HH","1.95","2","296","1","1","3","3","4","1.83","2.07","1","5","2","2"
"2016","Lower Saxony","Couple + C. GT 16 ","2","2","291","1","1","2","3","5","1.89","2.11","1","5","2","2"
"2016","Lower Saxony","Couple + C. LE 16","1.89","2","545","1","1","2","3","5","1.81","1.97","1","5","2","2"
"2016","Lower Saxony","Couple + C. LE and GT 16","1.88","2","217","1","1","2","3","4","1.76","2","1","5","2","2"
"2016","Lower Saxony","Single parent","2.25","2","228","1","2","3","3","5","2.12","2.38","1","5","2","2"
"2016","Mecklenburg-Western Pomerania","(Married) couple without C.","1.98","2","198","1","1","3","3","4","1.85","2.11","1","5","2","2"
"2016","Mecklenburg-Western Pomerania","1-pers.-HH","1.97","2","103","1","1","2","3","5","1.79","2.15","1","5","2","2"
"2016","Mecklenburg-Western Pomerania","Couple + C. GT 16 ","","","","","","","","","","","","","",""
"2016","Mecklenburg-Western Pomerania","Couple + C. LE 16","1.93","2","106","1","1","3","4","4","1.75","2.11","1","5","2","2"
"2016","Mecklenburg-Western Pomerania","Couple + C. LE and GT 16","","","","","","","","","","","","","",""
"2016","Mecklenburg-Western Pomerania","Single parent","2.23","2","50","1","1","3","4","5","1.9","2.56","1","5","2","3"
"2016","North Rhine-Westphalia","(Married) couple without C.","2.05","2","1389","1","1","3","3","5","2","2.1","1","5","2","2"
"2016","North Rhine-Westphalia","1-pers.-HH","2.01","2","624","1","1","3","3","5","1.93","2.09","1","5","2","2"
"2016","North Rhine-Westphalia","Couple + C. GT 16 ","1.83","2","683","1","1","2","3","4","1.76","1.9","1","5","1","2"
"2016","North Rhine-Westphalia","Couple + C. LE 16","1.9","2","1260","1","1","2","3","5","1.85","1.95","1","5","2","2"
"2016","North Rhine-Westphalia","Couple + C. LE and GT 16","1.88","2","492","1","1","2","3","5","1.79","1.97","1","5","2","2"
"2016","North Rhine-Westphalia","Single parent","2.1","2","444","1","1","3","4","5","2","2.2","1","5","2","2"
"2016","Rhineland-Palatinate,Saarland","(Married) couple without C.","1.77","2","421","1","1","2","3","4","1.69","1.85","1","5","1","2"
"2016","Rhineland-Palatinate,Saarland","1-pers.-HH","1.88","2","208","1","1","2","3","5","1.75","2.01","1","5","1","2"
"2016","Rhineland-Palatinate,Saarland","Couple + C. GT 16 ","2.06","2","151","1","1","3","4","5","1.89","2.23","1","5","2","2"
"2016","Rhineland-Palatinate,Saarland","Couple + C. LE 16","1.84","2","354","1","1","2","3","4","1.74","1.94","1","5","2","2"
"2016","Rhineland-Palatinate,Saarland","Couple + C. LE and GT 16","1.82","2","146","1","1","2","3","4","1.68","1.96","1","4","1","2"
"2016","Rhineland-Palatinate,Saarland","Single parent","1.96","2","136","1","1","3","3","5","1.78","2.14","1","5","2","2"
"2016","Saxony-Anhalt","(Married) couple without C.","1.96","2","291","1","1","2","3","4","1.85","2.07","1","5","2","2"
"2016","Saxony-Anhalt","1-pers.-HH","1.99","2","150","1","1","2","3","5","1.82","2.16","1","5","2","2"
"2016","Saxony-Anhalt","Couple + C. GT 16 ","1.76","2","62","1","1","2","3","4","1.54","1.98","1","4","1","2"
"2016","Saxony-Anhalt","Couple + C. LE 16","2","2","166","1","1","2","3","5","1.85","2.15","1","5","2","2"
"2016","Saxony-Anhalt","Couple + C. LE and GT 16","1.68","2","56","1","1","2","2","4","1.49","1.87","1","4","1","2"
"2016","Saxony-Anhalt","Single parent","1.98","2","91","1","1","2","3","5","1.76","2.2","1","5","2","2"
"2016","Saxony","(Married) couple without C.","2.18","2","536","1","1","3","3","5","2.1","2.26","1","5","2","2"
"2016","Saxony","1-pers.-HH","2.11","2","238","1","1","3","4","5","1.98","2.24","1","5","2","2"
"2016","Saxony","Couple + C. GT 16 ","1.98","2","155","1","1","2","3","4","1.84","2.12","1","4","2","2"
"2016","Saxony","Couple + C. LE 16","2.03","2","289","1","1","2","3","4","1.93","2.13","1","5","2","2"
"2016","Saxony","Couple + C. LE and GT 16","2.12","2","96","1","2","2","3","5","1.93","2.31","1","5","2","2"
"2016","Saxony","Single parent","1.95","2","121","1","1","2","4","5","1.75","2.15","1","5","2","2"
"2016","Schleswig-Holstein","(Married) couple without C.","1.99","2","230","1","1","3","3","5","1.86","2.12","1","5","2","2"
"2016","Schleswig-Holstein","1-pers.-HH","2.2","2","129","1","1","3","3","5","2.01","2.39","1","5","2","2"
"2016","Schleswig-Holstein","Couple + C. GT 16 ","1.76","2","99","1","1","2","3","4","1.56","1.96","1","5","2","2"
"2016","Schleswig-Holstein","Couple + C. LE 16","1.92","2","234","1","1","2","3","5","1.8","2.04","1","5","2","2"
"2016","Schleswig-Holstein","Couple + C. LE and GT 16","2.19","2","42","1","2","2","4","4","1.84","2.54","1","5","2","2"
"2016","Schleswig-Holstein","Single parent","2","2","69","1","1","3","3","5","1.76","2.24","1","5","2","2"
"2016","Thuringia","(Married) couple without C.","1.94","2","344","1","1","3","3","5","1.83","2.05","1","5","2","2"
"2016","Thuringia","1-pers.-HH","2.03","2","151","1","1","3","4","5","1.85","2.21","1","5","1","2"
"2016","Thuringia","Couple + C. GT 16 ","1.97","1.77","85","1","1","3","3","4","1.74","2.2","1","5","1","2"
"2016","Thuringia","Couple + C. LE 16","1.82","1","175","1","1","2","4","5","1.68","1.96","1","5","1","2"
"2016","Thuringia","Couple + C. LE and GT 16","2.21","2","62","1","1","3","4","4","1.97","2.45","1","4","2","2"
"2016","Thuringia","Single parent","2.03","2","67","1","1","3","4","4","1.78","2.28","1","4","1","2"
"2017","Baden-Württemberg","(Married) couple without C.","1.92","2","868","1","1","2","3","5","1.86","1.98","1","5","2","2"
"2017","Baden-Württemberg","1-pers.-HH","2.02","2","389","1","1","3","3","5","1.92","2.12","1","5","2","2"
"2017","Baden-Württemberg","Couple + C. GT 16 ","2.1","2","434","1","1","3","3","5","2.01","2.19","1","5","2","2"
"2017","Baden-Württemberg","Couple + C. LE 16","1.85","2","779","1","1","2","3","4","1.79","1.91","1","5","1","2"
"2017","Baden-Württemberg","Couple + C. LE and GT 16","1.75","1","267","1","1","2","3","4","1.63","1.87","1","5","2","2"
"2017","Baden-Württemberg","Single parent","2.22","2","209","1","1","3","4","5","2.06","2.38","1","5","2","2"
"2017","Bavaria","(Married) couple without C.","1.98","2","1239","1","1","3","3","5","1.93","2.03","1","5","2","2"
"2017","Bavaria","1-pers.-HH","1.95","2","609","1","1","3","3","5","1.87","2.03","1","5","2","2"
"2017","Bavaria","Couple + C. GT 16 ","1.91","2","550","1","1","2","3","4","1.83","1.99","1","5","2","2"
"2017","Bavaria","Couple + C. LE 16","1.78","2","984","1","1","2","3","4","1.72","1.84","1","5","2","2"
"2017","Bavaria","Couple + C. LE and GT 16","1.97","2","365","1","1","3","3","4","1.87","2.07","1","5","2","2"
"2017","Bavaria","Single parent","2.01","2","361","1","1","2","4","5","1.9","2.12","1","5","2","2"
"2017","Berlin","(Married) couple without C.","1.91","2","327","1","1","3","3","4","1.81","2.01","1","5","2","2"
"2017","Berlin","1-pers.-HH","2.03","2","256","1","1","3","4","5","1.9","2.16","1","5","2","2"
"2017","Berlin","Couple + C. GT 16 ","2.06","2","71","1","1","3","4","5","1.82","2.3","1","5","2","2"
"2017","Berlin","Couple + C. LE 16","1.8","2","185","1","1","2","3","5","1.67","1.93","1","5","1","2"
"2017","Berlin","Couple + C. LE and GT 16","1.77","2","39","1","1","2","2","3","1.56","1.98","1","3","1","2"
"2017","Berlin","Single parent","2.16","2","88","1","1","3","4","5","1.92","2.4","1","5","2","2"
"2017","Brandenburg","(Married) couple without C.","2.05","2","428","1","1","3","3","4","1.96","2.14","1","5","2","2"
"2017","Brandenburg","1-pers.-HH","2.08","2","161","1","1","3","4","5","1.93","2.23","1","5","2","2"
"2017","Brandenburg","Couple + C. GT 16 ","2.06","2","69","1","1","3","3","4","1.84","2.28","1","4","2","2"
"2017","Brandenburg","Couple + C. LE 16","2.04","2","212","1","1","2","4","5","1.92","2.16","1","5","2","2"
"2017","Brandenburg","Couple + C. LE and GT 16","1.59","1","64","1","1","2","2","5","1.35","1.83","1","5","1","2"
"2017","Brandenburg","Single parent","2.16","2","82","1","1","3","4","5","1.92","2.4","1","5","2","2"
"2017","Bremen","(Married) couple without C.","1.92","2","56","1","1","2","3","4","1.7","2.14","1","4","1","2"
"2017","Bremen","1-pers.-HH","2.44","2","39","1","2","3","4","5","2.07","2.81","1","5","2","3"
"2017","Bremen","Couple + C. GT 16 ","","","","","","","","","","","","","",""
"2017","Bremen","Couple + C. LE 16","2.03","2","41","1","1","3","3","4","1.75","2.31","1","4","2","2"
"2017","Bremen","Couple + C. LE and GT 16","","","","","","","","","","","","","",""
"2017","Bremen","Single parent","2.23","2","31","1","1","3","4","4","1.85","2.61","1","4","2","3"
"2017","Hamburg","(Married) couple without C.","2.05","2","151","1","1","3","4","4","1.89","2.21","1","5","2","2"
"2017","Hamburg","1-pers.-HH","1.76","2","77","1","1","2","3","4","1.57","1.95","1","4","2","2"
"2017","Hamburg","Couple + C. GT 16 ","1.93","2","54","1","2","2","3","4","1.72","2.14","1","4","2","2"
"2017","Hamburg","Couple + C. LE 16","1.56","1","103","1","1","2","3","4","1.36","1.76","1","5","1","2"
"2017","Hamburg","Couple + C. LE and GT 16","1.75","2","33","1","1","2","3","3","1.51","1.99","1","3","1","2"
"2017","Hamburg","Single parent","2.08","2","41","1","1","3","4","4","1.75","2.41","1","4","2","3"
"2017","Hesse","(Married) couple without C.","1.94","2","488","1","1","3","3","4","1.85","2.03","1","5","1","2"
"2017","Hesse","1-pers.-HH","2","2","244","1","1","3","4","5","1.86","2.14","1","5","1","2"
"2017","Hesse","Couple + C. GT 16 ","1.94","2","228","1","1","3","3","4","1.81","2.07","1","5","2","2"
"2017","Hesse","Couple + C. LE 16","1.82","2","402","1","1","2","3","4","1.73","1.91","1","5","2","2"
"2017","Hesse","Couple + C. LE and GT 16","1.77","1.69","175","1","1","2","3","4","1.63","1.91","1","5","1","2"
"2017","Hesse","Single parent","2.2","2","162","1","1","3","4","5","2.04","2.36","1","5","2","2"
"2017","Lower Saxony","(Married) couple without C.","1.93","2","818","1","1","2","3","5","1.87","1.99","1","5","2","2"
"2017","Lower Saxony","1-pers.-HH","1.88","2","357","1","1","2","3","5","1.77","1.99","1","5","2","2"
"2017","Lower Saxony","Couple + C. GT 16 ","1.93","2","349","1","1","2","3","5","1.83","2.03","1","5","2","2"
"2017","Lower Saxony","Couple + C. LE 16","1.76","2","597","1","1","2","3","4","1.69","1.83","1","5","2","2"
"2017","Lower Saxony","Couple + C. LE and GT 16","1.7","1","239","1","1","2","3","5","1.59","1.81","1","5","1","2"
"2017","Lower Saxony","Single parent","2.02","2","260","1","1","2","4","5","1.9","2.14","1","5","2","2"
"2017","Mecklenburg-Western Pomerania","(Married) couple without C.","1.9","2","208","1","1","2","3","5","1.77","2.03","1","5","2","2"
"2017","Mecklenburg-Western Pomerania","1-pers.-HH","1.8","2","126","1","1","2","3","5","1.62","1.98","1","5","1","2"
"2017","Mecklenburg-Western Pomerania","Couple + C. GT 16 ","1.71","1.3","34","1","1","2","3","4","1.43","1.99","1","4","1","2"
"2017","Mecklenburg-Western Pomerania","Couple + C. LE 16","2.05","2","109","1","1","3","3","4","1.86","2.24","1","5","2","2"
"2017","Mecklenburg-Western Pomerania","Couple + C. LE and GT 16","1.66","1","45","1","1","2","3","4","1.4","1.92","1","4","1","2"
"2017","Mecklenburg-Western Pomerania","Single parent","2.27","2","48","1","1","3","4","5","1.93","2.61","1","5","1","3"
"2017","North Rhine-Westphalia","(Married) couple without C.","1.96","2","1575","1","1","3","3","5","1.91","2.01","1","5","2","2"
"2017","North Rhine-Westphalia","1-pers.-HH","2.02","2","715","1","1","3","3","5","1.94","2.1","1","5","2","2"
"2017","North Rhine-Westphalia","Couple + C. GT 16 ","1.85","2","785","1","1","2","3","4","1.78","1.92","1","5","2","2"
"2017","North Rhine-Westphalia","Couple + C. LE 16","1.9","2","1232","1","1","2","3","4","1.85","1.95","1","5","2","2"
"2017","North Rhine-Westphalia","Couple + C. LE and GT 16","1.86","2","547","1","1","2","3","5","1.77","1.95","1","5","2","2"
"2017","North Rhine-Westphalia","Single parent","2.13","2","457","1","1","3","4","5","2.03","2.23","1","5","2","2"
"2017","Rhineland-Palatinate,Saarland","(Married) couple without C.","1.91","2","451","1","1","2","3","4","1.82","2","1","5","2","2"
"2017","Rhineland-Palatinate,Saarland","1-pers.-HH","1.79","2","222","1","1","2","3","5","1.66","1.92","1","5","1","2"
"2017","Rhineland-Palatinate,Saarland","Couple + C. GT 16 ","1.83","2","180","1","1","2","3","5","1.69","1.97","1","5","2","2"
"2017","Rhineland-Palatinate,Saarland","Couple + C. LE 16","1.85","2","317","1","1","2","3","5","1.75","1.95","1","5","2","2"
"2017","Rhineland-Palatinate,Saarland","Couple + C. LE and GT 16","1.87","2","141","1","1","2","3","4","1.72","2.02","1","4","1","2"
"2017","Rhineland-Palatinate,Saarland","Single parent","2.16","2","125","1","1","3","4","4","1.98","2.34","1","5","2","2"
"2017","Saxony-Anhalt","(Married) couple without C.","1.98","2","352","1","1","2","3","5","1.89","2.07","1","5","2","2"
"2017","Saxony-Anhalt","1-pers.-HH","2.13","2","156","1","1","3","4","5","1.97","2.29","1","5","2","2"
"2017","Saxony-Anhalt","Couple + C. GT 16 ","1.93","2","69","1","1","3","3","4","1.69","2.17","1","4","1","2"
"2017","Saxony-Anhalt","Couple + C. LE 16","1.92","2","178","1","1","2","3","4","1.79","2.05","1","5","1","2"
"2017","Saxony-Anhalt","Couple + C. LE and GT 16","1.48","1","56","1","1","2","2","3","1.26","1.7","1","5","1","1"
"2017","Saxony-Anhalt","Single parent","2.18","2","95","1","1","3","3","5","1.96","2.4","1","5","2","2"
"2017","Saxony","(Married) couple without C.","2.02","2","591","1","1","3","3","5","1.95","2.09","1","5","2","2"
"2017","Saxony","1-pers.-HH","2.04","2","283","1","1","3","3","5","1.92","2.16","1","5","2","2"
"2017","Saxony","Couple + C. GT 16 ","1.78","2","184","1","1","2","3","4","1.65","1.91","1","5","2","2"
"2017","Saxony","Couple + C. LE 16","1.81","2","325","1","1","2","3","4","1.72","1.9","1","5","2","2"
"2017","Saxony","Couple + C. LE and GT 16","1.98","2","109","1","1","2","3","4","1.8","2.16","1","5","2","2"
"2017","Saxony","Single parent","2.09","2","127","1","1","3","3","5","1.91","2.27","1","5","2","2"
"2017","Schleswig-Holstein","(Married) couple without C.","1.93","2","287","1","1","2","3","4","1.83","2.03","1","5","2","2"
"2017","Schleswig-Holstein","1-pers.-HH","2","2","131","1","1","3","3","4","1.86","2.14","1","4","2","2"
"2017","Schleswig-Holstein","Couple + C. GT 16 ","2","2","107","1","1","2","3","5","1.82","2.18","1","5","2","2"
"2017","Schleswig-Holstein","Couple + C. LE 16","1.79","2","260","1","1","2","3","4","1.68","1.9","1","5","2","2"
"2017","Schleswig-Holstein","Couple + C. LE and GT 16","1.74","1","56","1","1","2","3","4","1.46","2.02","1","5","1","2"
"2017","Schleswig-Holstein","Single parent","1.92","2","88","1","1","2","3","5","1.73","2.11","1","5","2","2"
"2017","Thuringia","(Married) couple without C.","1.95","2","363","1","1","3","4","5","1.85","2.05","1","5","2","2"
"2017","Thuringia","1-pers.-HH","2.1","2","179","1","1","3","3","4","1.95","2.25","1","5","2","2"
"2017","Thuringia","Couple + C. GT 16 ","1.87","2","107","1","1","2","3","5","1.68","2.06","1","5","2","2"
"2017","Thuringia","Couple + C. LE 16","1.82","2","188","1","1","2","3","4","1.68","1.96","1","5","2","2"
"2017","Thuringia","Couple + C. LE and GT 16","1.8","2","72","1","1","2","3","4","1.59","2.01","1","4","1","2"
"2017","Thuringia","Single parent","1.81","2","60","1","1","2","3","5","1.52","2.1","1","5","1","2"
"2018","Baden-Württemberg","(Married) couple without C.","1.97","2","809","1","1","3","3","4","1.9","2.04","1","5","2","2"
"2018","Baden-Württemberg","1-pers.-HH","1.96","2","377","1","1","3","3","5","1.85","2.07","1","5","2","2"
"2018","Baden-Württemberg","Couple + C. GT 16 ","2.03","2","385","1","1","3","3","5","1.93","2.13","1","5","2","2"
"2018","Baden-Württemberg","Couple + C. LE 16","1.75","2","691","1","1","2","3","4","1.69","1.81","1","5","1","2"
"2018","Baden-Württemberg","Couple + C. LE and GT 16","1.78","2","251","1","1","2","3","4","1.67","1.89","1","5","1","2"
"2018","Baden-Württemberg","Single parent","1.9","2","193","1","1","3","3","5","1.74","2.06","1","5","2","2"
"2018","Bavaria","(Married) couple without C.","1.93","2","1171","1","1","3","3","5","1.88","1.98","1","5","2","2"
"2018","Bavaria","1-pers.-HH","1.98","2","624","1","1","3","4","5","1.9","2.06","1","5","1","2"
"2018","Bavaria","Couple + C. GT 16 ","1.93","2","534","1","1","2","3","4","1.85","2.01","1","5","2","2"
"2018","Bavaria","Couple + C. LE 16","1.7","1","885","1","1","2","3","4","1.64","1.76","1","5","1","2"
"2018","Bavaria","Couple + C. LE and GT 16","1.9","2","334","1","1","2","3","5","1.79","2.01","1","5","1","2"
"2018","Bavaria","Single parent","2.14","2","351","1","1","3","4","5","2.02","2.26","1","5","2","2"
"2018","Berlin","(Married) couple without C.","1.89","2","328","1","1","2","3","4","1.79","1.99","1","5","2","2"
"2018","Berlin","1-pers.-HH","1.89","2","288","1","1","2","3","5","1.77","2.01","1","5","2","2"
"2018","Berlin","Couple + C. GT 16 ","2.05","2","42","1","1","3","4","5","1.75","2.35","1","5","1","2"
"2018","Berlin","Couple + C. LE 16","1.85","2","188","1","1","2","3","4","1.72","1.98","1","5","1","2"
"2018","Berlin","Couple + C. LE and GT 16","1.74","2","49","1","1","2","3","4","1.48","2","1","4","1","2"
"2018","Berlin","Single parent","2.1","2","85","1","1","3","4","5","1.87","2.33","1","5","2","2"
"2018","Brandenburg","(Married) couple without C.","1.98","2","420","1","1","3","3","5","1.89","2.07","1","5","2","2"
"2018","Brandenburg","1-pers.-HH","1.97","2","182","1","1","2","3","5","1.83","2.11","1","5","2","2"
"2018","Brandenburg","Couple + C. GT 16 ","1.85","2","61","1","1","2","3","5","1.62","2.08","1","5","1","2"
"2018","Brandenburg","Couple + C. LE 16","1.84","2","204","1","1","2","3","4","1.72","1.96","1","5","2","2"
"2018","Brandenburg","Couple + C. LE and GT 16","1.41","1","60","1","1","2","2","3","1.24","1.58","1","3","1","2"
"2018","Brandenburg","Single parent","1.92","1.92","82","1","1","2","4","5","1.66","2.18","1","5","1","2"
"2018","Bremen","(Married) couple without C.","1.97","2","68","1","1","2","3","5","1.72","2.22","1","5","1","2"
"2018","Bremen","1-pers.-HH","2.27","2","38","1","1","3","4","4","1.9","2.64","1","5","1","3"
"2018","Bremen","Couple + C. GT 16 ","1.63","2","30","1","1","2","2","3","1.32","1.94","1","5","1","2"
"2018","Bremen","Couple + C. LE 16","2.03","2","45","1","1","3","3","4","1.74","2.32","1","4","1","2"
"2018","Bremen","Couple + C. LE and GT 16","","","","","","","","","","","","","",""
"2018","Bremen","Single parent","","","","","","","","","","","","","",""
"2018","Hamburg","(Married) couple without C.","2.01","2","155","1","1","3","4","5","1.85","2.17","1","5","2","2"
"2018","Hamburg","1-pers.-HH","2","2","88","1","1","3","3","5","1.8","2.2","1","5","1","2"
"2018","Hamburg","Couple + C. GT 16 ","1.71","2","43","1","1","2","3","3","1.46","1.96","1","4","1","2"
"2018","Hamburg","Couple + C. LE 16","1.84","1","104","1","1","3","3","4","1.66","2.02","1","5","1","2"
"2018","Hamburg","Couple + C. LE and GT 16","1.89","2","33","1","1","3","3","3","1.59","2.19","1","3","1","2"
"2018","Hamburg","Single parent","2.08","2","51","1","1","3","4","4","1.79","2.37","1","4","1","3"
"2018","Hesse","(Married) couple without C.","1.89","2","467","1","1","2","3","5","1.8","1.98","1","5","1","2"
"2018","Hesse","1-pers.-HH","1.99","2","256","1","1","3","3","5","1.86","2.12","1","5","1","2"
"2018","Hesse","Couple + C. GT 16 ","2.07","2","225","1","1","3","3","4","1.95","2.19","1","5","2","2"
"2018","Hesse","Couple + C. LE 16","1.77","2","347","1","1","2","3","4","1.68","1.86","1","4","2","2"
"2018","Hesse","Couple + C. LE and GT 16","1.69","1","168","1","1","2","3","5","1.55","1.83","1","5","1","2"
"2018","Hesse","Single parent","1.89","2","172","1","1","3","3","5","1.73","2.05","1","5","2","2"
"2018","Lower Saxony","(Married) couple without C.","1.84","2","781","1","1","2","3","5","1.77","1.91","1","5","2","2"
"2018","Lower Saxony","1-pers.-HH","1.85","2","371","1","1","2","3","4","1.75","1.95","1","5","2","2"
"2018","Lower Saxony","Couple + C. GT 16 ","1.92","2","327","1","1","2","3","5","1.82","2.02","1","5","2","2"
"2018","Lower Saxony","Couple + C. LE 16","1.7","2","535","1","1","2","3","4","1.63","1.77","1","5","2","2"
"2018","Lower Saxony","Couple + C. LE and GT 16","1.9","2","225","1","1","2","3","4","1.77","2.03","1","5","1","2"
"2018","Lower Saxony","Single parent","2.31","2","230","1","1","3","4","5","2.17","2.45","1","5","2","2"
"2018","Mecklenburg-Western Pomerania","(Married) couple without C.","1.91","2","225","1","1","2","3","5","1.78","2.04","1","5","1","2"
"2018","Mecklenburg-Western Pomerania","1-pers.-HH","1.8","2","128","1","1","2","3","4","1.63","1.97","1","5","1","2"
"2018","Mecklenburg-Western Pomerania","Couple + C. GT 16 ","","","","","","","","","","","","","",""
"2018","Mecklenburg-Western Pomerania","Couple + C. LE 16","1.96","2","111","1","1","3","3","4","1.81","2.11","1","4","2","2"
"2018","Mecklenburg-Western Pomerania","Couple + C. LE and GT 16","1.58","1","54","1","1","2","3","4","1.28","1.88","1","5","1","2"
"2018","Mecklenburg-Western Pomerania","Single parent","2.36","2","47","1","1","4","5","5","1.94","2.78","1","5","1","2"
"2018","North Rhine-Westphalia","(Married) couple without C.","1.92","2","1566","1","1","2","3","5","1.87","1.97","1","5","2","2"
"2018","North Rhine-Westphalia","1-pers.-HH","1.94","2","763","1","1","3","3","5","1.87","2.01","1","5","2","2"
"2018","North Rhine-Westphalia","Couple + C. GT 16 ","1.95","2","719","1","1","3","3","5","1.88","2.02","1","5","2","2"
"2018","North Rhine-Westphalia","Couple + C. LE 16","1.89","2","1119","1","1","2","3","5","1.83","1.95","1","5","2","2"
"2018","North Rhine-Westphalia","Couple + C. LE and GT 16","1.81","2","579","1","1","2","3","4","1.73","1.89","1","5","2","2"
"2018","North Rhine-Westphalia","Single parent","2.03","2","492","1","1","3","3","5","1.94","2.12","1","5","2","2"
"2018","Rhineland-Palatinate,Saarland","(Married) couple without C.","1.85","2","444","1","1","2","3","5","1.77","1.93","1","5","1","2"
"2018","Rhineland-Palatinate,Saarland","1-pers.-HH","1.79","2","234","1","1","2","3","5","1.67","1.91","1","5","1","2"
"2018","Rhineland-Palatinate,Saarland","Couple + C. GT 16 ","1.75","2","170","1","1","2","3","4","1.61","1.89","1","5","1","2"
"2018","Rhineland-Palatinate,Saarland","Couple + C. LE 16","1.86","2","297","1","1","2","3","5","1.75","1.97","1","5","2","2"
"2018","Rhineland-Palatinate,Saarland","Couple + C. LE and GT 16","2.15","2","137","1","1","3","3","4","1.98","2.32","1","5","2","2"
"2018","Rhineland-Palatinate,Saarland","Single parent","2.06","2","129","1","1","3","4","5","1.88","2.24","1","5","1","2"
"2018","Saxony-Anhalt","(Married) couple without C.","1.95","2","337","1","1","2","3","5","1.86","2.04","1","5","2","2"
"2018","Saxony-Anhalt","1-pers.-HH","2.01","2","175","1","1","2","3","5","1.86","2.16","1","5","2","2"
"2018","Saxony-Anhalt","Couple + C. GT 16 ","1.85","2","61","1","1","2","3","4","1.64","2.06","1","4","1","2"
"2018","Saxony-Anhalt","Couple + C. LE 16","2.09","2","176","1","1","3","4","5","1.94","2.24","1","5","1","2"
"2018","Saxony-Anhalt","Couple + C. LE and GT 16","1.85","2","58","1","1","2","3","5","1.59","2.11","1","5","1","2"
"2018","Saxony-Anhalt","Single parent","1.91","2","87","1","1","2","3","4","1.74","2.08","1","4","2","2"
"2018","Saxony","(Married) couple without C.","1.96","2","578","1","1","2","3","5","1.89","2.03","1","5","2","2"
"2018","Saxony","1-pers.-HH","2.07","2","295","1","1","3","4","5","1.96","2.18","1","5","2","2"
"2018","Saxony","Couple + C. GT 16 ","2.11","2","179","1","1","3","4","5","1.96","2.26","1","5","2","2"
"2018","Saxony","Couple + C. LE 16","1.67","2","313","1","1","2","3","4","1.58","1.76","1","4","1","2"
"2018","Saxony","Couple + C. LE and GT 16","1.68","2","108","1","1","2","3","4","1.51","1.85","1","5","1","2"
"2018","Saxony","Single parent","1.89","2","125","1","1","2","3","4","1.73","2.05","1","5","2","2"
"2018","Schleswig-Holstein","(Married) couple without C.","1.9","2","280","1","1","2","3","5","1.8","2","1","5","2","2"
"2018","Schleswig-Holstein","1-pers.-HH","2.08","2","134","1","1","3","3","5","1.91","2.25","1","5","2","2"
"2018","Schleswig-Holstein","Couple + C. GT 16 ","1.87","2","98","1","1","2","3","4","1.69","2.05","1","5","2","2"
"2018","Schleswig-Holstein","Couple + C. LE 16","1.8","2","254","1","1","2","3","4","1.69","1.91","1","5","2","2"
"2018","Schleswig-Holstein","Couple + C. LE and GT 16","1.78","2","64","1","1","2","2","4","1.59","1.97","1","4","1","2"
"2018","Schleswig-Holstein","Single parent","1.84","2","72","1","1","2","3","5","1.61","2.07","1","5","1","2"
"2018","Thuringia","(Married) couple without C.","1.93","2","351","1","1","3","3","5","1.83","2.03","1","5","2","2"
"2018","Thuringia","1-pers.-HH","2.02","2","170","1","1","3","4","5","1.85","2.19","1","5","1","2"
"2018","Thuringia","Couple + C. GT 16 ","1.85","2","109","1","1","2","3","5","1.65","2.05","1","5","2","2"
"2018","Thuringia","Couple + C. LE 16","1.89","2","173","1","1","2","3","5","1.74","2.04","1","5","2","2"
"2018","Thuringia","Couple + C. LE and GT 16","1.55","1","53","1","1","2","3","3","1.35","1.75","1","3","1","2"
"2018","Thuringia","Single parent","2.18","2","70","1","1","3","4","4","1.94","2.42","1","5","2","2"
"2019","Baden-Württemberg","(Married) couple without C.","1.94","2","851","1","1","3","3","5","1.88","2","1","5","2","2"
"2019","Baden-Württemberg","1-pers.-HH","2.06","2","400","1","1","3","4","5","1.95","2.17","1","5","2","2"
"2019","Baden-Württemberg","Couple + C. GT 16 ","1.9","2","387","1","1","2","3","4","1.81","1.99","1","5","2","2"
"2019","Baden-Württemberg","Couple + C. LE 16","1.72","2","674","1","1","2","3","5","1.65","1.79","1","5","1","2"
"2019","Baden-Württemberg","Couple + C. LE and GT 16","1.71","1","263","1","1","2","3","4","1.6","1.82","1","5","1","2"
"2019","Baden-Württemberg","Single parent","1.79","2","161","1","1","2","3","5","1.63","1.95","1","5","2","2"
"2019","Bavaria","(Married) couple without C.","1.96","2","1232","1","1","3","3","5","1.91","2.01","1","5","2","2"
"2019","Bavaria","1-pers.-HH","1.83","1","658","1","1","2","3","4","1.75","1.91","1","5","1","2"
"2019","Bavaria","Couple + C. GT 16 ","1.9","2","506","1","1","2","3","5","1.82","1.98","1","5","2","2"
"2019","Bavaria","Couple + C. LE 16","1.7","1","850","1","1","2","3","4","1.64","1.76","1","5","1","2"
"2019","Bavaria","Couple + C. LE and GT 16","1.77","2","302","1","1","2","3","4","1.67","1.87","1","5","1","2"
"2019","Bavaria","Single parent","2.06","2","322","1","1","3","3","5","1.94","2.18","1","5","2","2"
"2019","Berlin","(Married) couple without C.","1.99","2","328","1","1","3","3","5","1.89","2.09","1","5","2","2"
"2019","Berlin","1-pers.-HH","1.95","2","316","1","1","3","3","5","1.84","2.06","1","5","2","2"
"2019","Berlin","Couple + C. GT 16 ","2.1","2","53","1","2","2","4","4","1.85","2.35","1","4","1","2"
"2019","Berlin","Couple + C. LE 16","1.79","2","176","1","1","2","3","4","1.65","1.93","1","5","1","2"
"2019","Berlin","Couple + C. LE and GT 16","2.21","2","49","1","1","3","4","5","1.91","2.51","1","5","1","2"
"2019","Berlin","Single parent","2.06","2","92","1","1","2","4","5","1.83","2.29","1","5","2","2"
"2019","Brandenburg","(Married) couple without C.","1.94","2","461","1","1","2","3","4","1.86","2.02","1","5","2","2"
"2019","Brandenburg","1-pers.-HH","1.98","2","184","1","1","3","3","4","1.83","2.13","1","5","2","2"
"2019","Brandenburg","Couple + C. GT 16 ","1.65","1","64","1","1","2","3","5","1.42","1.88","1","5","1","2"
"2019","Brandenburg","Couple + C. LE 16","1.94","2","219","1","1","2","3","4","1.82","2.06","1","5","2","2"
"2019","Brandenburg","Couple + C. LE and GT 16","1.76","2","67","1","1","2","3","4","1.56","1.96","1","4","1","2"
"2019","Brandenburg","Single parent","2.16","2","89","1","1","3","4","5","1.93","2.39","1","5","2","2"
"2019","Bremen","(Married) couple without C.","1.67","1","69","1","1","2","3","4","1.47","1.87","1","4","1","2"
"2019","Bremen","1-pers.-HH","2.17","2","39","1","1","3","3","5","1.84","2.5","1","5","1","3"
"2019","Bremen","Couple + C. GT 16 ","","","","","","","","","","","","","",""
"2019","Bremen","Couple + C. LE 16","1.7","1","32","1","1","2","3","4","1.36","2.04","1","4","1","2"
"2019","Bremen","Couple + C. LE and GT 16","","","","","","","","","","","","","",""
"2019","Bremen","Single parent","","","","","","","","","","","","","",""
"2019","Hamburg","(Married) couple without C.","1.96","2","190","1","1","3","3","4","1.83","2.09","1","4","2","2"
"2019","Hamburg","1-pers.-HH","1.89","2","95","1","1","3","3","4","1.72","2.06","1","4","1","2"
"2019","Hamburg","Couple + C. GT 16 ","1.89","2","43","1","1","3","3","5","1.56","2.22","1","5","1","2"
"2019","Hamburg","Couple + C. LE 16","1.72","1.13","104","1","1","2","3","3","1.55","1.89","1","4","1","2"
"2019","Hamburg","Couple + C. LE and GT 16","1.96","1","32","1","1","3","4","4","1.56","2.36","1","5","1","2"
"2019","Hamburg","Single parent","2.18","2","58","1","1","3","3","5","1.86","2.5","1","5","2","2"
"2019","Hesse","(Married) couple without C.","1.81","2","551","1","1","2","3","5","1.73","1.89","1","5","1","2"
"2019","Hesse","1-pers.-HH","1.78","2","279","1","1","2","3","4","1.67","1.89","1","5","1","2"
"2019","Hesse","Couple + C. GT 16 ","1.99","2","200","1","1","2","4","5","1.86","2.12","1","5","2","2"
"2019","Hesse","Couple + C. LE 16","1.73","1","316","1","1","2","3","5","1.62","1.84","1","5","2","2"
"2019","Hesse","Couple + C. LE and GT 16","1.92","2","166","1","1","2","3","4","1.76","2.08","1","5","2","2"
"2019","Hesse","Single parent","1.94","2","148","1","1","3","3","5","1.77","2.11","1","5","2","2"
"2019","Lower Saxony","(Married) couple without C.","1.82","2","799","1","1","2","3","4","1.76","1.88","1","5","2","2"
"2019","Lower Saxony","1-pers.-HH","1.94","2","361","1","1","2","3","5","1.83","2.05","1","5","2","2"
"2019","Lower Saxony","Couple + C. GT 16 ","1.78","2","310","1","1","2","3","4","1.68","1.88","1","5","2","2"
"2019","Lower Saxony","Couple + C. LE 16","1.81","2","532","1","1","2","3","4","1.74","1.88","1","5","2","2"
"2019","Lower Saxony","Couple + C. LE and GT 16","1.71","1.13","219","1","1","2","3","4","1.59","1.83","1","5","2","2"
"2019","Lower Saxony","Single parent","2.19","2","237","1","1","3","4","5","2.06","2.32","1","5","2","2"
"2019","Mecklenburg-Western Pomerania","(Married) couple without C.","1.97","2","236","1","1","3","3","5","1.85","2.09","1","5","1","2"
"2019","Mecklenburg-Western Pomerania","1-pers.-HH","1.82","1","115","1","1","2","3","5","1.63","2.01","1","5","1","2"
"2019","Mecklenburg-Western Pomerania","Couple + C. GT 16 ","1.72","1","44","1","1","3","3","3","1.48","1.96","1","4","1","2"
"2019","Mecklenburg-Western Pomerania","Couple + C. LE 16","1.89","2","110","1","1","3","3","5","1.72","2.06","1","5","1","2"
"2019","Mecklenburg-Western Pomerania","Couple + C. LE and GT 16","1.68","1","51","1","1","2","3","4","1.37","1.99","1","5","2","2"
"2019","Mecklenburg-Western Pomerania","Single parent","1.84","1","46","1","1","3","4","4","1.47","2.21","1","5","1","2"
"2019","North Rhine-Westphalia","(Married) couple without C.","1.92","2","1684","1","1","2","3","5","1.87","1.97","1","5","2","2"
"2019","North Rhine-Westphalia","1-pers.-HH","1.99","2","801","1","1","2","4","5","1.92","2.06","1","5","2","2"
"2019","North Rhine-Westphalia","Couple + C. GT 16 ","1.9","2","748","1","1","2","3","5","1.83","1.97","1","5","2","2"
"2019","North Rhine-Westphalia","Couple + C. LE 16","1.84","2","1058","1","1","2","3","5","1.78","1.9","1","5","2","2"
"2019","North Rhine-Westphalia","Couple + C. LE and GT 16","1.95","2","547","1","1","2","3","5","1.87","2.03","1","5","2","2"
"2019","North Rhine-Westphalia","Single parent","2.12","2","433","1","1","3","4","5","2.02","2.22","1","5","2","2"
"2019","Rhineland-Palatinate,Saarland","(Married) couple without C.","1.83","2","480","1","1","2","3","4","1.75","1.91","1","5","1","2"
"2019","Rhineland-Palatinate,Saarland","1-pers.-HH","1.86","2","238","1","1","2","3","5","1.73","1.99","1","5","1","2"
"2019","Rhineland-Palatinate,Saarland","Couple + C. GT 16 ","1.76","1.74","168","1","1","2","3","5","1.62","1.9","1","5","1","2"
"2019","Rhineland-Palatinate,Saarland","Couple + C. LE 16","1.89","2","267","1","1","3","3","4","1.77","2.01","1","5","1","2"
"2019","Rhineland-Palatinate,Saarland","Couple + C. LE and GT 16","1.93","2","146","1","1","2","3","4","1.77","2.09","1","5","2","2"
"2019","Rhineland-Palatinate,Saarland","Single parent","1.88","2","127","1","1","2","3","5","1.71","2.05","1","5","1","2"
"2019","Saxony-Anhalt","(Married) couple without C.","1.99","2","346","1","1","2","3","5","1.89","2.09","1","5","2","2"
"2019","Saxony-Anhalt","1-pers.-HH","2.04","2","166","1","1","2","4","5","1.88","2.2","1","5","2","2"
"2019","Saxony-Anhalt","Couple + C. GT 16 ","2.01","2","65","1","1","3","3","4","1.8","2.22","1","4","2","2"
"2019","Saxony-Anhalt","Couple + C. LE 16","1.97","2","158","1","1","2","4","5","1.82","2.12","1","5","2","2"
"2019","Saxony-Anhalt","Couple + C. LE and GT 16","1.63","1","55","1","1","2","3","4","1.39","1.87","1","4","1","2"
"2019","Saxony-Anhalt","Single parent","1.81","2","86","1","1","2","3","5","1.63","1.99","1","5","2","2"
"2019","Saxony","(Married) couple without C.","2.01","2","647","1","1","3","3","5","1.94","2.08","1","5","2","2"
"2019","Saxony","1-pers.-HH","2.01","2","286","1","1","3","3","5","1.9","2.12","1","5","2","2"
"2019","Saxony","Couple + C. GT 16 ","1.83","2","148","1","1","2","3","4","1.69","1.97","1","4","2","2"
"2019","Saxony","Couple + C. LE 16","1.89","2","306","1","1","2","3","5","1.79","1.99","1","5","1","2"
"2019","Saxony","Couple + C. LE and GT 16","1.91","2","112","1","1","3","3","5","1.74","2.08","1","5","1","2"
"2019","Saxony","Single parent","1.96","2","115","1","1","3","4","5","1.77","2.15","1","5","2","2"
"2019","Schleswig-Holstein","(Married) couple without C.","1.84","2","318","1","1","2","3","4","1.75","1.93","1","5","1","2"
"2019","Schleswig-Holstein","1-pers.-HH","1.98","2","134","1","1","3","3","5","1.82","2.14","1","5","2","2"
"2019","Schleswig-Holstein","Couple + C. GT 16 ","1.69","2","96","1","1","2","3","4","1.51","1.87","1","5","1","2"
"2019","Schleswig-Holstein","Couple + C. LE 16","1.79","2","241","1","1","2","3","5","1.68","1.9","1","5","1","2"
"2019","Schleswig-Holstein","Couple + C. LE and GT 16","2.1","1.83","81","1","1","2","5","5","1.89","2.31","1","5","1","2"
"2019","Schleswig-Holstein","Single parent","1.96","2","70","1","1","2","4","4","1.72","2.2","1","5","2","2"
"2019","Thuringia","(Married) couple without C.","1.92","2","340","1","1","3","4","4","1.82","2.02","1","4","1","2"
"2019","Thuringia","1-pers.-HH","2.07","2","178","1","1","3","4","5","1.92","2.22","1","5","1","2"
"2019","Thuringia","Couple + C. GT 16 ","1.81","1.48","110","1","1","2","3","5","1.62","2","1","5","2","2"
"2019","Thuringia","Couple + C. LE 16","1.57","1","156","1","1","2","3","4","1.42","1.72","1","5","1","2"
"2019","Thuringia","Couple + C. LE and GT 16","1.9","2","66","1","1","2","3","4","1.69","2.11","1","4","1","2"
"2019","Thuringia","Single parent","1.8","2","60","1","1","2","3","4","1.59","2.01","1","4","1","2"
