"plh0206i06","year","e11102","hgtyp1hh","n","percent","lower_confidence","upper_confidence","value"
"1 Strongly disagree","2005","Not Employed","1-pers.-HH","58","0.0460372306956145","0.0351449556006751","0.0569295057905538","1"
"1 Strongly disagree","2005","Not Employed","(Married) couple without C. ","107","0.0397987176233463","0.0333037924922629","0.0462936427544298","1"
"1 Strongly disagree","2005","Not Employed","Single parent ","20","","","","1"
"1 Strongly disagree","2005","Not Employed","Couple + C. LE 16 ","23","","","","1"
"1 Strongly disagree","2005","Not Employed","Couple + C. GT 16 ","27","","","","1"
"1 Strongly disagree","2005","Not Employed","Couple + C. LE and GT 16","23","","","","1"
"1 Strongly disagree","2005","Employed","1-pers.-HH","25","","","","1"
"1 Strongly disagree","2005","Employed","(Married) couple without C. ","58","0.0184865126043034","0.0140410087338169","0.0229320164747899","1"
"1 Strongly disagree","2005","Employed","Single parent ","15","","","","1"
"1 Strongly disagree","2005","Employed","Couple + C. LE 16 ","64","0.0267630522769817","0.0210222270874877","0.0325038774664757","1"
"1 Strongly disagree","2005","Employed","Couple + C. GT 16 ","44","0.0206441329239043","0.0151393223885335","0.0261489434592751","1"
"1 Strongly disagree","2005","Employed","Couple + C. LE and GT 16","20","","","","1"
"2 on scale 1-7 ","2005","Not Employed","Single parent ","23","","","","2"
"2 on scale 1-7 ","2005","Employed","1-pers.-HH","36","0.0197033856538139","0.0127440483122904","0.0266627229953375","2"
"2 on scale 1-7 ","2005","Employed","Couple + C. GT 16 ","75","0.0301979676641134","0.0235726883744348","0.036823246953792","2"
"2 on scale 1-7 ","2005","Not Employed","(Married) couple without C. ","91","0.0273942748218469","0.0219710602971058","0.032817489346588","2"
"2 on scale 1-7 ","2005","Not Employed","Couple + C. LE and GT 16","18","","","","2"
"2 on scale 1-7 ","2005","Employed","Couple + C. LE and GT 16","29","","","","2"
"2 on scale 1-7 ","2005","Not Employed","Couple + C. LE 16 ","24","","","","2"
"2 on scale 1-7 ","2005","Not Employed","1-pers.-HH","48","0.0328223337313488","0.0235617971634643","0.0420828702992332","2"
"2 on scale 1-7 ","2005","Not Employed","Couple + C. GT 16 ","38","0.033980372634554","0.0231498128836993","0.0448109323854086","2"
"2 on scale 1-7 ","2005","Employed","(Married) couple without C. ","86","0.0265747389783091","0.0212667358386408","0.0318827421179773","2"
"2 on scale 1-7 ","2005","Employed","Single parent ","22","","","","2"
"2 on scale 1-7 ","2005","Employed","Couple + C. LE 16 ","127","0.0377598896183736","0.0309795055686285","0.0445402736681188","2"
"3 on scale 1-7 ","2005","Not Employed","(Married) couple without C. ","187","0.0545444754761186","0.0469995595306981","0.0620893914215391","3"
"3 on scale 1-7 ","2005","Not Employed","Single parent ","34","0.0728362419535201","0.0469788798821003","0.0986936040249399","3"
"3 on scale 1-7 ","2005","Not Employed","Couple + C. LE 16 ","37","0.0605888418449172","0.042469802872163","0.0787078808176714","3"
"3 on scale 1-7 ","2005","Not Employed","Couple + C. GT 16 ","74","0.0634399494963916","0.0488688243718337","0.0780110746209495","3"
"3 on scale 1-7 ","2005","Not Employed","Couple + C. LE and GT 16","41","0.0889512755943336","0.0649852874495664","0.112917263739101","3"
"3 on scale 1-7 ","2005","Employed","1-pers.-HH","81","0.0495997445531147","0.0387276880585493","0.0604718010476802","3"
"3 on scale 1-7 ","2005","Employed","(Married) couple without C. ","182","0.0511622965720798","0.0438909249080664","0.0584336682360932","3"
"3 on scale 1-7 ","2005","Employed","Single parent ","39","0.0524556572713106","0.0360336061307848","0.0688777084118364","3"
"3 on scale 1-7 ","2005","Employed","Couple + C. LE 16 ","171","0.0531532537390151","0.045173270478975","0.0611332369990552","3"
"3 on scale 1-7 ","2005","Employed","Couple + C. GT 16 ","144","0.065856730933436","0.0562543127203499","0.075459149146522","3"
"3 on scale 1-7 ","2005","Employed","Couple + C. LE and GT 16","74","0.0697952710825089","0.0551449447807426","0.0844455973842752","3"
"3 on scale 1-7 ","2005","Not Employed","1-pers.-HH","66","0.0532496328554847","0.0415795391617712","0.0649197265491983","3"
"4 on scale 1-7","2005","Not Employed","Couple + C. LE and GT 16","107","0.183833481265164","0.151223530659667","0.216443431870662","4"
"4 on scale 1-7","2005","Employed","Couple + C. GT 16 ","434","0.200278686515832","0.184784795725467","0.215772577306198","4"
"4 on scale 1-7","2005","Not Employed","(Married) couple without C. ","553","0.151304230578137","0.13939839108446","0.163210070071814","4"
"4 on scale 1-7","2005","Employed","1-pers.-HH","218","0.152300807964405","0.134308341717962","0.170293274210849","4"
"4 on scale 1-7","2005","Not Employed","Couple + C. GT 16 ","197","0.184877280490797","0.161671449226549","0.208083111755044","4"
"4 on scale 1-7","2005","Employed","(Married) couple without C. ","520","0.14765120961486","0.135943483872546","0.159358935357174","4"
"4 on scale 1-7","2005","Employed","Single parent ","113","0.174187491019382","0.146250432819921","0.202124549218844","4"
"4 on scale 1-7","2005","Not Employed","1-pers.-HH","259","0.18230438050439","0.162236907818151","0.20237185319063","4"
"4 on scale 1-7","2005","Not Employed","Single parent ","72","0.1869133069408","0.148123218874696","0.225703395006904","4"
"4 on scale 1-7","2005","Not Employed","Couple + C. LE 16 ","114","0.155079182488774","0.12758785361884","0.182570511358709","4"
"4 on scale 1-7","2005","Employed","Couple + C. LE 16 ","469","0.168515510774838","0.155200417165045","0.181830604384631","4"
"4 on scale 1-7","2005","Employed","Couple + C. LE and GT 16","203","0.157551405486191","0.136604114150952","0.178498696821431","4"
"5 on scale 1-7","2005","Employed","1-pers.-HH","358","0.219882301353994","0.199143010099017","0.240621592608972","5"
"5 on scale 1-7","2005","Not Employed","Single parent ","79","0.196311649754212","0.156788722666922","0.235834576841502","5"
"5 on scale 1-7","2005","Not Employed","Couple + C. LE 16 ","151","0.212952340587369","0.181860051199002","0.244044629975736","5"
"5 on scale 1-7","2005","Employed","(Married) couple without C. ","776","0.226326449031021","0.212516505871335","0.240136392190707","5"
"5 on scale 1-7","2005","Not Employed","Couple + C. LE and GT 16","106","0.179589543116817","0.147274513063898","0.211904573169736","5"
"5 on scale 1-7","2005","Not Employed","(Married) couple without C. ","751","0.208643071599175","0.195142670943179","0.22214347225517","5"
"5 on scale 1-7","2005","Not Employed","1-pers.-HH","277","0.19658377252017","0.175927953248528","0.217239591791812","5"
"5 on scale 1-7","2005","Not Employed","Couple + C. GT 16 ","269","0.248156658979428","0.222335810783891","0.273977507174964","5"
"5 on scale 1-7","2005","Employed","Single parent ","161","0.224075169431291","0.193361043970116","0.254789294892467","5"
"5 on scale 1-7","2005","Employed","Couple + C. LE 16 ","726","0.246615397798029","0.231282802532377","0.261947993063681","5"
"5 on scale 1-7","2005","Employed","Couple + C. GT 16 ","559","0.208760126337126","0.193025673467292","0.22449457920696","5"
"5 on scale 1-7","2005","Employed","Couple + C. LE and GT 16","283","0.23493710242719","0.210560711756378","0.259313493098001","5"
"6 on scale 1-7","2005","Employed","Couple + C. GT 16 ","729","0.261317588391017","0.244308266972816","0.278326909809219","6"
"6 on scale 1-7","2005","Employed","Couple + C. LE and GT 16","302","0.266104576241625","0.240695534397704","0.291513618085546","6"
"6 on scale 1-7","2005","Not Employed","Couple + C. LE and GT 16","142","0.28088372563327","0.243047196098033","0.318720255168506","6"
"6 on scale 1-7","2005","Not Employed","(Married) couple without C. ","880","0.239816479053403","0.225630568874396","0.254002389232409","6"
"6 on scale 1-7","2005","Not Employed","1-pers.-HH","332","0.223022005561595","0.201386028578859","0.24465798254433","6"
"6 on scale 1-7","2005","Employed","(Married) couple without C. ","984","0.266847462214879","0.252250110549774","0.281444813879983","6"
"6 on scale 1-7","2005","Employed","Couple + C. LE 16 ","838","0.249262721232584","0.233875157514766","0.264650284950402","6"
"6 on scale 1-7","2005","Not Employed","Single parent ","78","0.195490730866456","0.156030389364461","0.234951072368452","6"
"6 on scale 1-7","2005","Not Employed","Couple + C. LE 16 ","168","0.279224844252671","0.245153606628498","0.313296081876845","6"
"6 on scale 1-7","2005","Employed","Single parent ","187","0.249082384186246","0.217225806700229","0.280938961672263","6"
"6 on scale 1-7","2005","Not Employed","Couple + C. GT 16 ","252","0.246772274228612","0.220999854863541","0.272544693593683","6"
"6 on scale 1-7","2005","Employed","1-pers.-HH","426","0.28585358927615","0.263228819838509","0.308478358713791","6"
"7 Strongly agree","2005","Employed","Couple + C. GT 16 ","578","0.212944767234571","0.197095474767915","0.228794059701227","7"
"7 Strongly agree","2005","Employed","Couple + C. LE and GT 16","251","0.217964328638969","0.194225951755379","0.241702705522558","7"
"7 Strongly agree","2005","Employed","(Married) couple without C. ","921","0.262951330984548","0.248422484630155","0.27748017733894","7"
"7 Strongly agree","2005","Not Employed","1-pers.-HH","382","0.265980644131397","0.243015082766584","0.28894620549621","7"
"7 Strongly agree","2005","Not Employed","Single parent ","82","0.221530978165377","0.180210044283623","0.262851912047131","7"
"7 Strongly agree","2005","Employed","Single parent ","171","0.237858342641288","0.206495999194066","0.269220686088511","7"
"7 Strongly agree","2005","Not Employed","Couple + C. GT 16 ","218","0.190291100608383","0.166826262934305","0.213755938282461","7"
"7 Strongly agree","2005","Not Employed","Couple + C. LE and GT 16","105","0.17678248963739","0.144666199664495","0.208898779610286","7"
"7 Strongly agree","2005","Employed","1-pers.-HH","388","0.254929494100373","0.233105841667162","0.276753146533585","7"
"7 Strongly agree","2005","Employed","Couple + C. LE 16 ","641","0.217930174560178","0.203245015472575","0.232615333647782","7"
"7 Strongly agree","2005","Not Employed","(Married) couple without C. ","911","0.278498750847974","0.263605529694869","0.293391972001078","7"
"7 Strongly agree","2005","Not Employed","Couple + C. LE 16 ","149","0.211234845047106","0.180234422390747","0.242235267703465","7"
"1 Strongly disagree","2006","Not Employed","1-pers.-HH","","","","","1"
"1 Strongly disagree","2006","Not Employed","(Married) couple without C. ","","","","","1"
"1 Strongly disagree","2006","Not Employed","Single parent ","","","","","1"
"1 Strongly disagree","2006","Not Employed","Couple + C. LE 16 ","","","","","1"
"1 Strongly disagree","2006","Not Employed","Couple + C. GT 16 ","","","","","1"
"1 Strongly disagree","2006","Not Employed","Couple + C. LE and GT 16","","","","","1"
"1 Strongly disagree","2006","Employed","1-pers.-HH","","","","","1"
"1 Strongly disagree","2006","Employed","(Married) couple without C. ","","","","","1"
"1 Strongly disagree","2006","Employed","Single parent ","","","","","1"
"1 Strongly disagree","2006","Employed","Couple + C. LE 16 ","","","","","1"
"1 Strongly disagree","2006","Employed","Couple + C. GT 16 ","","","","","1"
"1 Strongly disagree","2006","Employed","Couple + C. LE and GT 16","","","","","1"
"2 on scale 1-7 ","2006","Not Employed","(Married) couple without C. ","","","","","2"
"2 on scale 1-7 ","2006","Not Employed","Single parent ","","","","","2"
"2 on scale 1-7 ","2006","Not Employed","Couple + C. LE 16 ","","","","","2"
"2 on scale 1-7 ","2006","Not Employed","Couple + C. GT 16 ","","","","","2"
"2 on scale 1-7 ","2006","Employed","1-pers.-HH","","","","","2"
"2 on scale 1-7 ","2006","Employed","Couple + C. GT 16 ","","","","","2"
"2 on scale 1-7 ","2006","Employed","Couple + C. LE and GT 16","","","","","2"
"2 on scale 1-7 ","2006","Not Employed","Couple + C. LE and GT 16","","","","","2"
"2 on scale 1-7 ","2006","Employed","Couple + C. LE 16 ","","","","","2"
"2 on scale 1-7 ","2006","Employed","(Married) couple without C. ","","","","","2"
"2 on scale 1-7 ","2006","Employed","Single parent ","","","","","2"
"2 on scale 1-7 ","2006","Not Employed","1-pers.-HH","","","","","2"
"3 on scale 1-7 ","2006","Not Employed","Single parent ","","","","","3"
"3 on scale 1-7 ","2006","Not Employed","Couple + C. LE 16 ","","","","","3"
"3 on scale 1-7 ","2006","Not Employed","(Married) couple without C. ","","","","","3"
"3 on scale 1-7 ","2006","Employed","1-pers.-HH","","","","","3"
"3 on scale 1-7 ","2006","Employed","Couple + C. LE 16 ","","","","","3"
"3 on scale 1-7 ","2006","Not Employed","1-pers.-HH","","","","","3"
"3 on scale 1-7 ","2006","Not Employed","Couple + C. GT 16 ","","","","","3"
"3 on scale 1-7 ","2006","Not Employed","Couple + C. LE and GT 16","","","","","3"
"3 on scale 1-7 ","2006","Employed","(Married) couple without C. ","","","","","3"
"3 on scale 1-7 ","2006","Employed","Single parent ","","","","","3"
"3 on scale 1-7 ","2006","Employed","Couple + C. GT 16 ","","","","","3"
"3 on scale 1-7 ","2006","Employed","Couple + C. LE and GT 16","","","","","3"
"4 on scale 1-7","2006","Not Employed","(Married) couple without C. ","","","","","4"
"4 on scale 1-7","2006","Employed","Couple + C. GT 16 ","","","","","4"
"4 on scale 1-7","2006","Not Employed","1-pers.-HH","","","","","4"
"4 on scale 1-7","2006","Not Employed","Single parent ","","","","","4"
"4 on scale 1-7","2006","Not Employed","Couple + C. LE 16 ","","","","","4"
"4 on scale 1-7","2006","Not Employed","Couple + C. GT 16 ","","","","","4"
"4 on scale 1-7","2006","Not Employed","Couple + C. LE and GT 16","","","","","4"
"4 on scale 1-7","2006","Employed","1-pers.-HH","","","","","4"
"4 on scale 1-7","2006","Employed","(Married) couple without C. ","","","","","4"
"4 on scale 1-7","2006","Employed","Single parent ","","","","","4"
"4 on scale 1-7","2006","Employed","Couple + C. LE 16 ","","","","","4"
"4 on scale 1-7","2006","Employed","Couple + C. LE and GT 16","","","","","4"
"5 on scale 1-7","2006","Not Employed","(Married) couple without C. ","","","","","5"
"5 on scale 1-7","2006","Not Employed","Single parent ","","","","","5"
"5 on scale 1-7","2006","Not Employed","Couple + C. LE and GT 16","","","","","5"
"5 on scale 1-7","2006","Employed","1-pers.-HH","","","","","5"
"5 on scale 1-7","2006","Employed","(Married) couple without C. ","","","","","5"
"5 on scale 1-7","2006","Not Employed","Couple + C. GT 16 ","","","","","5"
"5 on scale 1-7","2006","Not Employed","Couple + C. LE 16 ","","","","","5"
"5 on scale 1-7","2006","Employed","Couple + C. LE 16 ","","","","","5"
"5 on scale 1-7","2006","Employed","Couple + C. GT 16 ","","","","","5"
"5 on scale 1-7","2006","Employed","Couple + C. LE and GT 16","","","","","5"
"5 on scale 1-7","2006","Not Employed","1-pers.-HH","","","","","5"
"5 on scale 1-7","2006","Employed","Single parent ","","","","","5"
"6 on scale 1-7","2006","Not Employed","Couple + C. GT 16 ","","","","","6"
"6 on scale 1-7","2006","Not Employed","Couple + C. LE and GT 16","","","","","6"
"6 on scale 1-7","2006","Not Employed","(Married) couple without C. ","","","","","6"
"6 on scale 1-7","2006","Not Employed","Single parent ","","","","","6"
"6 on scale 1-7","2006","Not Employed","Couple + C. LE 16 ","","","","","6"
"6 on scale 1-7","2006","Employed","Couple + C. GT 16 ","","","","","6"
"6 on scale 1-7","2006","Employed","Couple + C. LE and GT 16","","","","","6"
"6 on scale 1-7","2006","Employed","Couple + C. LE 16 ","","","","","6"
"6 on scale 1-7","2006","Not Employed","1-pers.-HH","","","","","6"
"6 on scale 1-7","2006","Employed","1-pers.-HH","","","","","6"
"6 on scale 1-7","2006","Employed","(Married) couple without C. ","","","","","6"
"6 on scale 1-7","2006","Employed","Single parent ","","","","","6"
"7 Strongly agree","2006","Not Employed","Single parent ","","","","","7"
"7 Strongly agree","2006","Employed","Couple + C. GT 16 ","","","","","7"
"7 Strongly agree","2006","Employed","Couple + C. LE and GT 16","","","","","7"
"7 Strongly agree","2006","Not Employed","(Married) couple without C. ","","","","","7"
"7 Strongly agree","2006","Not Employed","1-pers.-HH","","","","","7"
"7 Strongly agree","2006","Not Employed","Couple + C. LE 16 ","","","","","7"
"7 Strongly agree","2006","Not Employed","Couple + C. GT 16 ","","","","","7"
"7 Strongly agree","2006","Not Employed","Couple + C. LE and GT 16","","","","","7"
"7 Strongly agree","2006","Employed","1-pers.-HH","","","","","7"
"7 Strongly agree","2006","Employed","(Married) couple without C. ","","","","","7"
"7 Strongly agree","2006","Employed","Single parent ","","","","","7"
"7 Strongly agree","2006","Employed","Couple + C. LE 16 ","","","","","7"
"1 Strongly disagree","2007","Not Employed","1-pers.-HH","","","","","1"
"1 Strongly disagree","2007","Not Employed","(Married) couple without C. ","","","","","1"
"1 Strongly disagree","2007","Not Employed","Single parent ","","","","","1"
"1 Strongly disagree","2007","Not Employed","Couple + C. LE 16 ","","","","","1"
"1 Strongly disagree","2007","Not Employed","Couple + C. GT 16 ","","","","","1"
"1 Strongly disagree","2007","Not Employed","Couple + C. LE and GT 16","","","","","1"
"1 Strongly disagree","2007","Employed","1-pers.-HH","","","","","1"
"1 Strongly disagree","2007","Employed","(Married) couple without C. ","","","","","1"
"1 Strongly disagree","2007","Employed","Single parent ","","","","","1"
"1 Strongly disagree","2007","Employed","Couple + C. LE 16 ","","","","","1"
"1 Strongly disagree","2007","Employed","Couple + C. GT 16 ","","","","","1"
"1 Strongly disagree","2007","Employed","Couple + C. LE and GT 16","","","","","1"
"2 on scale 1-7 ","2007","Not Employed","1-pers.-HH","","","","","2"
"2 on scale 1-7 ","2007","Not Employed","(Married) couple without C. ","","","","","2"
"2 on scale 1-7 ","2007","Not Employed","Single parent ","","","","","2"
"2 on scale 1-7 ","2007","Not Employed","Couple + C. LE 16 ","","","","","2"
"2 on scale 1-7 ","2007","Not Employed","Couple + C. GT 16 ","","","","","2"
"2 on scale 1-7 ","2007","Not Employed","Couple + C. LE and GT 16","","","","","2"
"2 on scale 1-7 ","2007","Employed","1-pers.-HH","","","","","2"
"2 on scale 1-7 ","2007","Employed","(Married) couple without C. ","","","","","2"
"2 on scale 1-7 ","2007","Employed","Single parent ","","","","","2"
"2 on scale 1-7 ","2007","Employed","Couple + C. LE 16 ","","","","","2"
"2 on scale 1-7 ","2007","Employed","Couple + C. GT 16 ","","","","","2"
"2 on scale 1-7 ","2007","Employed","Couple + C. LE and GT 16","","","","","2"
"3 on scale 1-7 ","2007","Not Employed","1-pers.-HH","","","","","3"
"3 on scale 1-7 ","2007","Not Employed","(Married) couple without C. ","","","","","3"
"3 on scale 1-7 ","2007","Not Employed","Single parent ","","","","","3"
"3 on scale 1-7 ","2007","Not Employed","Couple + C. LE 16 ","","","","","3"
"3 on scale 1-7 ","2007","Employed","1-pers.-HH","","","","","3"
"3 on scale 1-7 ","2007","Not Employed","Couple + C. GT 16 ","","","","","3"
"3 on scale 1-7 ","2007","Not Employed","Couple + C. LE and GT 16","","","","","3"
"3 on scale 1-7 ","2007","Employed","(Married) couple without C. ","","","","","3"
"3 on scale 1-7 ","2007","Employed","Single parent ","","","","","3"
"3 on scale 1-7 ","2007","Employed","Couple + C. LE 16 ","","","","","3"
"3 on scale 1-7 ","2007","Employed","Couple + C. GT 16 ","","","","","3"
"3 on scale 1-7 ","2007","Employed","Couple + C. LE and GT 16","","","","","3"
"4 on scale 1-7","2007","Not Employed","1-pers.-HH","","","","","4"
"4 on scale 1-7","2007","Not Employed","(Married) couple without C. ","","","","","4"
"4 on scale 1-7","2007","Employed","Couple + C. GT 16 ","","","","","4"
"4 on scale 1-7","2007","Employed","1-pers.-HH","","","","","4"
"4 on scale 1-7","2007","Employed","(Married) couple without C. ","","","","","4"
"4 on scale 1-7","2007","Employed","Single parent ","","","","","4"
"4 on scale 1-7","2007","Employed","Couple + C. LE 16 ","","","","","4"
"4 on scale 1-7","2007","Employed","Couple + C. LE and GT 16","","","","","4"
"4 on scale 1-7","2007","Not Employed","Single parent ","","","","","4"
"4 on scale 1-7","2007","Not Employed","Couple + C. LE 16 ","","","","","4"
"4 on scale 1-7","2007","Not Employed","Couple + C. GT 16 ","","","","","4"
"4 on scale 1-7","2007","Not Employed","Couple + C. LE and GT 16","","","","","4"
"5 on scale 1-7","2007","Employed","(Married) couple without C. ","","","","","5"
"5 on scale 1-7","2007","Not Employed","1-pers.-HH","","","","","5"
"5 on scale 1-7","2007","Not Employed","(Married) couple without C. ","","","","","5"
"5 on scale 1-7","2007","Not Employed","Single parent ","","","","","5"
"5 on scale 1-7","2007","Not Employed","Couple + C. LE 16 ","","","","","5"
"5 on scale 1-7","2007","Not Employed","Couple + C. GT 16 ","","","","","5"
"5 on scale 1-7","2007","Not Employed","Couple + C. LE and GT 16","","","","","5"
"5 on scale 1-7","2007","Employed","1-pers.-HH","","","","","5"
"5 on scale 1-7","2007","Employed","Couple + C. LE 16 ","","","","","5"
"5 on scale 1-7","2007","Employed","Single parent ","","","","","5"
"5 on scale 1-7","2007","Employed","Couple + C. GT 16 ","","","","","5"
"5 on scale 1-7","2007","Employed","Couple + C. LE and GT 16","","","","","5"
"6 on scale 1-7","2007","Not Employed","1-pers.-HH","","","","","6"
"6 on scale 1-7","2007","Not Employed","(Married) couple without C. ","","","","","6"
"6 on scale 1-7","2007","Not Employed","Single parent ","","","","","6"
"6 on scale 1-7","2007","Not Employed","Couple + C. LE 16 ","","","","","6"
"6 on scale 1-7","2007","Not Employed","Couple + C. GT 16 ","","","","","6"
"6 on scale 1-7","2007","Not Employed","Couple + C. LE and GT 16","","","","","6"
"6 on scale 1-7","2007","Employed","Couple + C. GT 16 ","","","","","6"
"6 on scale 1-7","2007","Employed","Couple + C. LE and GT 16","","","","","6"
"6 on scale 1-7","2007","Employed","1-pers.-HH","","","","","6"
"6 on scale 1-7","2007","Employed","Couple + C. LE 16 ","","","","","6"
"6 on scale 1-7","2007","Employed","(Married) couple without C. ","","","","","6"
"6 on scale 1-7","2007","Employed","Single parent ","","","","","6"
"7 Strongly agree","2007","Not Employed","Single parent ","","","","","7"
"7 Strongly agree","2007","Not Employed","1-pers.-HH","","","","","7"
"7 Strongly agree","2007","Employed","Couple + C. GT 16 ","","","","","7"
"7 Strongly agree","2007","Employed","Couple + C. LE and GT 16","","","","","7"
"7 Strongly agree","2007","Not Employed","(Married) couple without C. ","","","","","7"
"7 Strongly agree","2007","Not Employed","Couple + C. LE 16 ","","","","","7"
"7 Strongly agree","2007","Not Employed","Couple + C. GT 16 ","","","","","7"
"7 Strongly agree","2007","Not Employed","Couple + C. LE and GT 16","","","","","7"
"7 Strongly agree","2007","Employed","1-pers.-HH","","","","","7"
"7 Strongly agree","2007","Employed","(Married) couple without C. ","","","","","7"
"7 Strongly agree","2007","Employed","Single parent ","","","","","7"
"7 Strongly agree","2007","Employed","Couple + C. LE 16 ","","","","","7"
"1 Strongly disagree","2008","Not Employed","Single parent ","","","","","1"
"1 Strongly disagree","2008","Not Employed","Couple + C. LE 16 ","","","","","1"
"1 Strongly disagree","2008","Not Employed","Couple + C. GT 16 ","","","","","1"
"1 Strongly disagree","2008","Not Employed","Couple + C. LE and GT 16","","","","","1"
"1 Strongly disagree","2008","Employed","1-pers.-HH","","","","","1"
"1 Strongly disagree","2008","Employed","(Married) couple without C. ","","","","","1"
"1 Strongly disagree","2008","Employed","Single parent ","","","","","1"
"1 Strongly disagree","2008","Not Employed","1-pers.-HH","","","","","1"
"1 Strongly disagree","2008","Not Employed","(Married) couple without C. ","","","","","1"
"1 Strongly disagree","2008","Employed","Couple + C. LE 16 ","","","","","1"
"1 Strongly disagree","2008","Employed","Couple + C. GT 16 ","","","","","1"
"1 Strongly disagree","2008","Employed","Couple + C. LE and GT 16","","","","","1"
"2 on scale 1-7 ","2008","Not Employed","Single parent ","","","","","2"
"2 on scale 1-7 ","2008","Not Employed","Couple + C. LE and GT 16","","","","","2"
"2 on scale 1-7 ","2008","Not Employed","Couple + C. LE 16 ","","","","","2"
"2 on scale 1-7 ","2008","Not Employed","Couple + C. GT 16 ","","","","","2"
"2 on scale 1-7 ","2008","Not Employed","1-pers.-HH","","","","","2"
"2 on scale 1-7 ","2008","Not Employed","(Married) couple without C. ","","","","","2"
"2 on scale 1-7 ","2008","Employed","1-pers.-HH","","","","","2"
"2 on scale 1-7 ","2008","Employed","(Married) couple without C. ","","","","","2"
"2 on scale 1-7 ","2008","Employed","Single parent ","","","","","2"
"2 on scale 1-7 ","2008","Employed","Couple + C. LE 16 ","","","","","2"
"2 on scale 1-7 ","2008","Employed","Couple + C. GT 16 ","","","","","2"
"2 on scale 1-7 ","2008","Employed","Couple + C. LE and GT 16","","","","","2"
"3 on scale 1-7 ","2008","Not Employed","1-pers.-HH","","","","","3"
"3 on scale 1-7 ","2008","Not Employed","Single parent ","","","","","3"
"3 on scale 1-7 ","2008","Not Employed","Couple + C. LE 16 ","","","","","3"
"3 on scale 1-7 ","2008","Not Employed","(Married) couple without C. ","","","","","3"
"3 on scale 1-7 ","2008","Not Employed","Couple + C. GT 16 ","","","","","3"
"3 on scale 1-7 ","2008","Not Employed","Couple + C. LE and GT 16","","","","","3"
"3 on scale 1-7 ","2008","Employed","1-pers.-HH","","","","","3"
"3 on scale 1-7 ","2008","Employed","(Married) couple without C. ","","","","","3"
"3 on scale 1-7 ","2008","Employed","Single parent ","","","","","3"
"3 on scale 1-7 ","2008","Employed","Couple + C. LE 16 ","","","","","3"
"3 on scale 1-7 ","2008","Employed","Couple + C. GT 16 ","","","","","3"
"3 on scale 1-7 ","2008","Employed","Couple + C. LE and GT 16","","","","","3"
"4 on scale 1-7","2008","Employed","(Married) couple without C. ","","","","","4"
"4 on scale 1-7","2008","Not Employed","1-pers.-HH","","","","","4"
"4 on scale 1-7","2008","Not Employed","Single parent ","","","","","4"
"4 on scale 1-7","2008","Not Employed","Couple + C. LE 16 ","","","","","4"
"4 on scale 1-7","2008","Not Employed","Couple + C. GT 16 ","","","","","4"
"4 on scale 1-7","2008","Not Employed","Couple + C. LE and GT 16","","","","","4"
"4 on scale 1-7","2008","Employed","1-pers.-HH","","","","","4"
"4 on scale 1-7","2008","Employed","Single parent ","","","","","4"
"4 on scale 1-7","2008","Employed","Couple + C. LE 16 ","","","","","4"
"4 on scale 1-7","2008","Not Employed","(Married) couple without C. ","","","","","4"
"4 on scale 1-7","2008","Employed","Couple + C. GT 16 ","","","","","4"
"4 on scale 1-7","2008","Employed","Couple + C. LE and GT 16","","","","","4"
"5 on scale 1-7","2008","Not Employed","(Married) couple without C. ","","","","","5"
"5 on scale 1-7","2008","Not Employed","Couple + C. LE and GT 16","","","","","5"
"5 on scale 1-7","2008","Not Employed","1-pers.-HH","","","","","5"
"5 on scale 1-7","2008","Not Employed","Couple + C. GT 16 ","","","","","5"
"5 on scale 1-7","2008","Not Employed","Couple + C. LE 16 ","","","","","5"
"5 on scale 1-7","2008","Employed","1-pers.-HH","","","","","5"
"5 on scale 1-7","2008","Employed","(Married) couple without C. ","","","","","5"
"5 on scale 1-7","2008","Not Employed","Single parent ","","","","","5"
"5 on scale 1-7","2008","Employed","Single parent ","","","","","5"
"5 on scale 1-7","2008","Employed","Couple + C. LE 16 ","","","","","5"
"5 on scale 1-7","2008","Employed","Couple + C. GT 16 ","","","","","5"
"5 on scale 1-7","2008","Employed","Couple + C. LE and GT 16","","","","","5"
"6 on scale 1-7","2008","Not Employed","Single parent ","","","","","6"
"6 on scale 1-7","2008","Not Employed","1-pers.-HH","","","","","6"
"6 on scale 1-7","2008","Not Employed","Couple + C. LE 16 ","","","","","6"
"6 on scale 1-7","2008","Not Employed","Couple + C. GT 16 ","","","","","6"
"6 on scale 1-7","2008","Employed","(Married) couple without C. ","","","","","6"
"6 on scale 1-7","2008","Employed","Single parent ","","","","","6"
"6 on scale 1-7","2008","Employed","Couple + C. LE 16 ","","","","","6"
"6 on scale 1-7","2008","Employed","Couple + C. GT 16 ","","","","","6"
"6 on scale 1-7","2008","Not Employed","(Married) couple without C. ","","","","","6"
"6 on scale 1-7","2008","Employed","Couple + C. LE and GT 16","","","","","6"
"6 on scale 1-7","2008","Not Employed","Couple + C. LE and GT 16","","","","","6"
"6 on scale 1-7","2008","Employed","1-pers.-HH","","","","","6"
"7 Strongly agree","2008","Not Employed","1-pers.-HH","","","","","7"
"7 Strongly agree","2008","Not Employed","(Married) couple without C. ","","","","","7"
"7 Strongly agree","2008","Not Employed","Single parent ","","","","","7"
"7 Strongly agree","2008","Not Employed","Couple + C. LE 16 ","","","","","7"
"7 Strongly agree","2008","Not Employed","Couple + C. GT 16 ","","","","","7"
"7 Strongly agree","2008","Not Employed","Couple + C. LE and GT 16","","","","","7"
"7 Strongly agree","2008","Employed","1-pers.-HH","","","","","7"
"7 Strongly agree","2008","Employed","(Married) couple without C. ","","","","","7"
"7 Strongly agree","2008","Employed","Single parent ","","","","","7"
"7 Strongly agree","2008","Employed","Couple + C. LE 16 ","","","","","7"
"7 Strongly agree","2008","Employed","Couple + C. GT 16 ","","","","","7"
"7 Strongly agree","2008","Employed","Couple + C. LE and GT 16","","","","","7"
"1 Strongly disagree","2009","Not Employed","Single parent ","","","","","1"
"1 Strongly disagree","2009","Not Employed","Couple + C. LE 16 ","","","","","1"
"1 Strongly disagree","2009","Not Employed","Couple + C. GT 16 ","","","","","1"
"1 Strongly disagree","2009","Not Employed","Couple + C. LE and GT 16","","","","","1"
"1 Strongly disagree","2009","Employed","1-pers.-HH","","","","","1"
"1 Strongly disagree","2009","Employed","(Married) couple without C. ","","","","","1"
"1 Strongly disagree","2009","Employed","Single parent ","","","","","1"
"1 Strongly disagree","2009","Not Employed","1-pers.-HH","","","","","1"
"1 Strongly disagree","2009","Not Employed","(Married) couple without C. ","","","","","1"
"1 Strongly disagree","2009","Employed","Couple + C. LE 16 ","","","","","1"
"1 Strongly disagree","2009","Employed","Couple + C. GT 16 ","","","","","1"
"1 Strongly disagree","2009","Employed","Couple + C. LE and GT 16","","","","","1"
"2 on scale 1-7 ","2009","Not Employed","Single parent ","","","","","2"
"2 on scale 1-7 ","2009","Not Employed","Couple + C. LE 16 ","","","","","2"
"2 on scale 1-7 ","2009","Not Employed","Couple + C. GT 16 ","","","","","2"
"2 on scale 1-7 ","2009","Not Employed","Couple + C. LE and GT 16","","","","","2"
"2 on scale 1-7 ","2009","Employed","Single parent ","","","","","2"
"2 on scale 1-7 ","2009","Not Employed","1-pers.-HH","","","","","2"
"2 on scale 1-7 ","2009","Not Employed","(Married) couple without C. ","","","","","2"
"2 on scale 1-7 ","2009","Employed","1-pers.-HH","","","","","2"
"2 on scale 1-7 ","2009","Employed","(Married) couple without C. ","","","","","2"
"2 on scale 1-7 ","2009","Employed","Couple + C. LE 16 ","","","","","2"
"2 on scale 1-7 ","2009","Employed","Couple + C. GT 16 ","","","","","2"
"2 on scale 1-7 ","2009","Employed","Couple + C. LE and GT 16","","","","","2"
"3 on scale 1-7 ","2009","Not Employed","Couple + C. LE 16 ","","","","","3"
"3 on scale 1-7 ","2009","Not Employed","(Married) couple without C. ","","","","","3"
"3 on scale 1-7 ","2009","Not Employed","Single parent ","","","","","3"
"3 on scale 1-7 ","2009","Not Employed","1-pers.-HH","","","","","3"
"3 on scale 1-7 ","2009","Not Employed","Couple + C. LE and GT 16","","","","","3"
"3 on scale 1-7 ","2009","Employed","Single parent ","","","","","3"
"3 on scale 1-7 ","2009","Not Employed","Couple + C. GT 16 ","","","","","3"
"3 on scale 1-7 ","2009","Employed","1-pers.-HH","","","","","3"
"3 on scale 1-7 ","2009","Employed","(Married) couple without C. ","","","","","3"
"3 on scale 1-7 ","2009","Employed","Couple + C. LE 16 ","","","","","3"
"3 on scale 1-7 ","2009","Employed","Couple + C. GT 16 ","","","","","3"
"3 on scale 1-7 ","2009","Employed","Couple + C. LE and GT 16","","","","","3"
"4 on scale 1-7","2009","Not Employed","1-pers.-HH","","","","","4"
"4 on scale 1-7","2009","Not Employed","Single parent ","","","","","4"
"4 on scale 1-7","2009","Not Employed","Couple + C. LE 16 ","","","","","4"
"4 on scale 1-7","2009","Not Employed","Couple + C. GT 16 ","","","","","4"
"4 on scale 1-7","2009","Not Employed","Couple + C. LE and GT 16","","","","","4"
"4 on scale 1-7","2009","Employed","1-pers.-HH","","","","","4"
"4 on scale 1-7","2009","Employed","(Married) couple without C. ","","","","","4"
"4 on scale 1-7","2009","Employed","Single parent ","","","","","4"
"4 on scale 1-7","2009","Employed","Couple + C. LE 16 ","","","","","4"
"4 on scale 1-7","2009","Not Employed","(Married) couple without C. ","","","","","4"
"4 on scale 1-7","2009","Employed","Couple + C. GT 16 ","","","","","4"
"4 on scale 1-7","2009","Employed","Couple + C. LE and GT 16","","","","","4"
"5 on scale 1-7","2009","Not Employed","(Married) couple without C. ","","","","","5"
"5 on scale 1-7","2009","Not Employed","Couple + C. GT 16 ","","","","","5"
"5 on scale 1-7","2009","Not Employed","Couple + C. LE and GT 16","","","","","5"
"5 on scale 1-7","2009","Employed","1-pers.-HH","","","","","5"
"5 on scale 1-7","2009","Employed","(Married) couple without C. ","","","","","5"
"5 on scale 1-7","2009","Not Employed","1-pers.-HH","","","","","5"
"5 on scale 1-7","2009","Not Employed","Single parent ","","","","","5"
"5 on scale 1-7","2009","Not Employed","Couple + C. LE 16 ","","","","","5"
"5 on scale 1-7","2009","Employed","Single parent ","","","","","5"
"5 on scale 1-7","2009","Employed","Couple + C. LE 16 ","","","","","5"
"5 on scale 1-7","2009","Employed","Couple + C. GT 16 ","","","","","5"
"5 on scale 1-7","2009","Employed","Couple + C. LE and GT 16","","","","","5"
"6 on scale 1-7","2009","Not Employed","Couple + C. GT 16 ","","","","","6"
"6 on scale 1-7","2009","Not Employed","Couple + C. LE 16 ","","","","","6"
"6 on scale 1-7","2009","Not Employed","Single parent ","","","","","6"
"6 on scale 1-7","2009","Not Employed","1-pers.-HH","","","","","6"
"6 on scale 1-7","2009","Employed","Single parent ","","","","","6"
"6 on scale 1-7","2009","Employed","Couple + C. LE 16 ","","","","","6"
"6 on scale 1-7","2009","Not Employed","(Married) couple without C. ","","","","","6"
"6 on scale 1-7","2009","Not Employed","Couple + C. LE and GT 16","","","","","6"
"6 on scale 1-7","2009","Employed","1-pers.-HH","","","","","6"
"6 on scale 1-7","2009","Employed","(Married) couple without C. ","","","","","6"
"6 on scale 1-7","2009","Employed","Couple + C. GT 16 ","","","","","6"
"6 on scale 1-7","2009","Employed","Couple + C. LE and GT 16","","","","","6"
"7 Strongly agree","2009","Not Employed","1-pers.-HH","","","","","7"
"7 Strongly agree","2009","Not Employed","(Married) couple without C. ","","","","","7"
"7 Strongly agree","2009","Not Employed","Single parent ","","","","","7"
"7 Strongly agree","2009","Not Employed","Couple + C. LE 16 ","","","","","7"
"7 Strongly agree","2009","Not Employed","Couple + C. GT 16 ","","","","","7"
"7 Strongly agree","2009","Not Employed","Couple + C. LE and GT 16","","","","","7"
"7 Strongly agree","2009","Employed","1-pers.-HH","","","","","7"
"7 Strongly agree","2009","Employed","(Married) couple without C. ","","","","","7"
"7 Strongly agree","2009","Employed","Single parent ","","","","","7"
"7 Strongly agree","2009","Employed","Couple + C. LE 16 ","","","","","7"
"7 Strongly agree","2009","Employed","Couple + C. GT 16 ","","","","","7"
"7 Strongly agree","2009","Employed","Couple + C. LE and GT 16","","","","","7"
"1 Strongly disagree","2010","Not Employed","1-pers.-HH","66","0.0555849786272469","0.0435009591586037","0.0676689980958901","1"
"1 Strongly disagree","2010","Not Employed","(Married) couple without C. ","95","0.0333165756527899","0.0270564490740722","0.0395767022315075","1"
"1 Strongly disagree","2010","Not Employed","Single parent ","9","","","","1"
"1 Strongly disagree","2010","Not Employed","Couple + C. LE 16 ","20","","","","1"
"1 Strongly disagree","2010","Not Employed","Couple + C. GT 16 ","14","","","","1"
"1 Strongly disagree","2010","Not Employed","Couple + C. LE and GT 16","9","","","","1"
"1 Strongly disagree","2010","Employed","1-pers.-HH","28","","","","1"
"1 Strongly disagree","2010","Employed","(Married) couple without C. ","49","0.0192517498594832","0.0144486601481158","0.0240548395708507","1"
"1 Strongly disagree","2010","Employed","Single parent ","21","","","","1"
"1 Strongly disagree","2010","Employed","Couple + C. LE 16 ","53","0.0221139669808269","0.0159310177868156","0.0282969161748382","1"
"1 Strongly disagree","2010","Employed","Couple + C. GT 16 ","33","0.0131465861748687","0.00827382987215845","0.018019342477579","1"
"1 Strongly disagree","2010","Employed","Couple + C. LE and GT 16","21","","","","1"
"2 on scale 1-7 ","2010","Not Employed","1-pers.-HH","60","0.0412150652610581","0.0307307553895102","0.051699375132606","2"
"2 on scale 1-7 ","2010","Not Employed","(Married) couple without C. ","112","0.0367412160628763","0.0301788711584997","0.0433035609672529","2"
"2 on scale 1-7 ","2010","Not Employed","Couple + C. LE 16 ","13","","","","2"
"2 on scale 1-7 ","2010","Not Employed","Single parent ","6","","","","2"
"2 on scale 1-7 ","2010","Employed","Couple + C. GT 16 ","69","0.0285590420953682","0.0214334346162322","0.0356846495745042","2"
"2 on scale 1-7 ","2010","Employed","Couple + C. LE and GT 16","23","","","","2"
"2 on scale 1-7 ","2010","Not Employed","Couple + C. GT 16 ","31","0.0430694231825209","0.0283020066689882","0.0578368396960536","2"
"2 on scale 1-7 ","2010","Not Employed","Couple + C. LE and GT 16","11","","","","2"
"2 on scale 1-7 ","2010","Employed","1-pers.-HH","32","0.0242870304278565","0.0160935863548932","0.0324804745008199","2"
"2 on scale 1-7 ","2010","Employed","(Married) couple without C. ","104","0.0310397252616934","0.0249776860284951","0.0371017644948918","2"
"2 on scale 1-7 ","2010","Employed","Single parent ","24","","","","2"
"2 on scale 1-7 ","2010","Employed","Couple + C. LE 16 ","74","0.0299875179475303","0.022816560429138","0.0371584754659226","2"
"3 on scale 1-7 ","2010","Not Employed","1-pers.-HH","87","0.0680584137979631","0.0547757093560027","0.0813411182399234","3"
"3 on scale 1-7 ","2010","Not Employed","(Married) couple without C. ","174","0.0588323363057223","0.0506240528335385","0.0670406197779061","3"
"3 on scale 1-7 ","2010","Not Employed","Couple + C. LE 16 ","24","","","","3"
"3 on scale 1-7 ","2010","Not Employed","Single parent ","18","","","","3"
"3 on scale 1-7 ","2010","Not Employed","Couple + C. GT 16 ","54","0.0728327665599918","0.0539301370760258","0.0917353960439578","3"
"3 on scale 1-7 ","2010","Employed","Single parent ","45","0.0757666060786735","0.0549704703324423","0.0965627418249047","3"
"3 on scale 1-7 ","2010","Employed","Couple + C. LE and GT 16","52","0.0664817882323224","0.048953884707824","0.0840096917568209","3"
"3 on scale 1-7 ","2010","Employed","(Married) couple without C. ","216","0.0692990193736478","0.0604218306535694","0.0781762080937263","3"
"3 on scale 1-7 ","2010","Not Employed","Couple + C. LE and GT 16","14","","","","3"
"3 on scale 1-7 ","2010","Employed","1-pers.-HH","82","0.0622659933543729","0.0494047327100772","0.0751272539986687","3"
"3 on scale 1-7 ","2010","Employed","Couple + C. LE 16 ","154","0.0702828010185118","0.0595350352989489","0.0810305667380747","3"
"3 on scale 1-7 ","2010","Employed","Couple + C. GT 16 ","136","0.0683739638603426","0.0575768405980539","0.0791710871226314","3"
"4 on scale 1-7","2010","Not Employed","1-pers.-HH","221","0.165279631812031","0.145689767605247","0.184869496018816","4"
"4 on scale 1-7","2010","Not Employed","Single parent ","46","0.139002369042501","0.0971124496518037","0.180892288433198","4"
"4 on scale 1-7","2010","Not Employed","Couple + C. LE and GT 16","51","0.195270965650222","0.147899630718455","0.242642300581989","4"
"4 on scale 1-7","2010","Employed","1-pers.-HH","209","0.150914857253002","0.131862010877307","0.169967703628698","4"
"4 on scale 1-7","2010","Employed","(Married) couple without C. ","454","0.148911927260925","0.136467961236236","0.161355893285615","4"
"4 on scale 1-7","2010","Employed","Single parent ","81","0.125987381185863","0.0999093215309675","0.152065440840758","4"
"4 on scale 1-7","2010","Employed","Couple + C. LE 16 ","379","0.1768569788574","0.160814666097551","0.192899291617248","4"
"4 on scale 1-7","2010","Not Employed","(Married) couple without C. ","515","0.16129330526519","0.148463382979449","0.17412322755093","4"
"4 on scale 1-7","2010","Not Employed","Couple + C. LE 16 ","56","0.132794358608708","0.0984934970558612","0.167095220161555","4"
"4 on scale 1-7","2010","Not Employed","Couple + C. GT 16 ","130","0.198959246025588","0.169919744993936","0.22799874705724","4"
"4 on scale 1-7","2010","Employed","Couple + C. GT 16 ","335","0.192346588608136","0.175485072112634","0.209208105103638","4"
"4 on scale 1-7","2010","Employed","Couple + C. LE and GT 16","136","0.188794244716217","0.161259749601506","0.216328739830929","4"
"5 on scale 1-7","2010","Not Employed","1-pers.-HH","293","0.200454231630254","0.179339744804125","0.221568718456383","5"
"5 on scale 1-7","2010","Not Employed","(Married) couple without C. ","695","0.212462705241433","0.198193896448744","0.226731514034123","5"
"5 on scale 1-7","2010","Employed","1-pers.-HH","322","0.240015541584783","0.21728340358096","0.262747679588605","5"
"5 on scale 1-7","2010","Employed","(Married) couple without C. ","750","0.227975896921447","0.213311415198898","0.242640378643996","5"
"5 on scale 1-7","2010","Not Employed","Single parent ","68","0.255544460216576","0.202730338296159","0.308358582136992","5"
"5 on scale 1-7","2010","Not Employed","Couple + C. LE 16 ","81","0.232682640118508","0.189973220293937","0.275392059943079","5"
"5 on scale 1-7","2010","Not Employed","Couple + C. GT 16 ","159","0.225711875044914","0.195302444725517","0.256121305364311","5"
"5 on scale 1-7","2010","Not Employed","Couple + C. LE and GT 16","68","0.212694912531187","0.163793429405807","0.261596395656567","5"
"5 on scale 1-7","2010","Employed","Single parent ","156","0.211274794215946","0.179194406945438","0.243355181486454","5"
"5 on scale 1-7","2010","Employed","Couple + C. LE 16 ","501","0.211066453836169","0.193909189349499","0.22822371832284","5"
"5 on scale 1-7","2010","Employed","Couple + C. GT 16 ","527","0.253582016653251","0.234970055195149","0.272193978111353","5"
"5 on scale 1-7","2010","Employed","Couple + C. LE and GT 16","179","0.206883986031927","0.178383712549689","0.235384259514165","5"
"6 on scale 1-7","2010","Not Employed","Single parent ","69","0.338195441659933","0.280909745224309","0.395481138095558","6"
"6 on scale 1-7","2010","Not Employed","Couple + C. LE 16 ","108","0.274944307424363","0.229814631173178","0.320073983675548","6"
"6 on scale 1-7","2010","Not Employed","Couple + C. GT 16 ","202","0.244279409423101","0.213025536715998","0.275533282130204","6"
"6 on scale 1-7","2010","Not Employed","1-pers.-HH","307","0.217611137080213","0.195848919867954","0.239373354292472","6"
"6 on scale 1-7","2010","Not Employed","Couple + C. LE and GT 16","71","0.230562137110943","0.180229148025085","0.2808951261968","6"
"6 on scale 1-7","2010","Employed","Single parent ","164","0.276180993417882","0.24104398490475","0.311318001931014","6"
"6 on scale 1-7","2010","Not Employed","(Married) couple without C. ","846","0.254726777728375","0.239528098135208","0.269925457321542","6"
"6 on scale 1-7","2010","Employed","1-pers.-HH","384","0.267085603586252","0.243536731418557","0.290634475753948","6"
"6 on scale 1-7","2010","Employed","(Married) couple without C. ","929","0.288297941890694","0.272464449990891","0.304131433790497","6"
"6 on scale 1-7","2010","Employed","Couple + C. LE 16 ","630","0.289277038069032","0.270212539708503","0.308341536429561","6"
"6 on scale 1-7","2010","Employed","Couple + C. LE and GT 16","245","0.337645370124395","0.304372296724669","0.370918443524121","6"
"6 on scale 1-7","2010","Employed","Couple + C. GT 16 ","623","0.277849917975141","0.258687039712224","0.297012796238058","6"
"7 Strongly agree","2010","Not Employed","1-pers.-HH","347","0.251796541791234","0.228904423156782","0.274688660425685","7"
"7 Strongly agree","2010","Not Employed","(Married) couple without C. ","720","0.242627083743613","0.227673843030602","0.257580324456625","7"
"7 Strongly agree","2010","Not Employed","Single parent ","46","0.155973359093462","0.112039360123503","0.199907358063422","7"
"7 Strongly agree","2010","Not Employed","Couple + C. LE 16 ","74","0.194098159893692","0.154121550999442","0.234074768787942","7"
"7 Strongly agree","2010","Not Employed","Couple + C. GT 16 ","136","0.185243382491239","0.156983843017355","0.213502921965123","7"
"7 Strongly agree","2010","Not Employed","Couple + C. LE and GT 16","45","0.196037001116632","0.148595436136574","0.243478566096689","7"
"7 Strongly agree","2010","Employed","1-pers.-HH","299","0.23691793512898","0.21428698233147","0.259548887926491","7"
"7 Strongly agree","2010","Employed","(Married) couple without C. ","642","0.215223739432109","0.200858104114529","0.22958937474969","7"
"7 Strongly agree","2010","Employed","Single parent ","131","0.258609983292545","0.224198855327493","0.293021111257597","7"
"7 Strongly agree","2010","Employed","Couple + C. LE 16 ","382","0.20041524329053","0.183584013238012","0.217246473343048","7"
"7 Strongly agree","2010","Employed","Couple + C. GT 16 ","376","0.166141884632893","0.150218788469424","0.182064980796361","7"
"7 Strongly agree","2010","Employed","Couple + C. LE and GT 16","120","0.157664760623063","0.132024228541384","0.183305292704741","7"
"1 Strongly disagree","2011","Not Employed","1-pers.-HH","","","","","1"
"1 Strongly disagree","2011","Not Employed","(Married) couple without C. ","","","","","1"
"1 Strongly disagree","2011","Not Employed","Single parent ","","","","","1"
"1 Strongly disagree","2011","Not Employed","Couple + C. LE 16 ","","","","","1"
"1 Strongly disagree","2011","Not Employed","Couple + C. GT 16 ","","","","","1"
"1 Strongly disagree","2011","Not Employed","Couple + C. LE and GT 16","","","","","1"
"1 Strongly disagree","2011","Employed","1-pers.-HH","","","","","1"
"1 Strongly disagree","2011","Employed","(Married) couple without C. ","","","","","1"
"1 Strongly disagree","2011","Employed","Single parent ","","","","","1"
"1 Strongly disagree","2011","Employed","Couple + C. LE 16 ","","","","","1"
"1 Strongly disagree","2011","Employed","Couple + C. GT 16 ","","","","","1"
"1 Strongly disagree","2011","Employed","Couple + C. LE and GT 16","","","","","1"
"2 on scale 1-7 ","2011","Not Employed","1-pers.-HH","","","","","2"
"2 on scale 1-7 ","2011","Not Employed","(Married) couple without C. ","","","","","2"
"2 on scale 1-7 ","2011","Employed","1-pers.-HH","","","","","2"
"2 on scale 1-7 ","2011","Not Employed","Single parent ","","","","","2"
"2 on scale 1-7 ","2011","Not Employed","Couple + C. LE 16 ","","","","","2"
"2 on scale 1-7 ","2011","Not Employed","Couple + C. LE and GT 16","","","","","2"
"2 on scale 1-7 ","2011","Not Employed","Couple + C. GT 16 ","","","","","2"
"2 on scale 1-7 ","2011","Employed","(Married) couple without C. ","","","","","2"
"2 on scale 1-7 ","2011","Employed","Single parent ","","","","","2"
"2 on scale 1-7 ","2011","Employed","Couple + C. LE 16 ","","","","","2"
"2 on scale 1-7 ","2011","Employed","Couple + C. GT 16 ","","","","","2"
"2 on scale 1-7 ","2011","Employed","Couple + C. LE and GT 16","","","","","2"
"3 on scale 1-7 ","2011","Not Employed","1-pers.-HH","","","","","3"
"3 on scale 1-7 ","2011","Not Employed","(Married) couple without C. ","","","","","3"
"3 on scale 1-7 ","2011","Not Employed","Single parent ","","","","","3"
"3 on scale 1-7 ","2011","Not Employed","Couple + C. LE 16 ","","","","","3"
"3 on scale 1-7 ","2011","Employed","1-pers.-HH","","","","","3"
"3 on scale 1-7 ","2011","Employed","(Married) couple without C. ","","","","","3"
"3 on scale 1-7 ","2011","Employed","Single parent ","","","","","3"
"3 on scale 1-7 ","2011","Employed","Couple + C. LE 16 ","","","","","3"
"3 on scale 1-7 ","2011","Not Employed","Couple + C. GT 16 ","","","","","3"
"3 on scale 1-7 ","2011","Not Employed","Couple + C. LE and GT 16","","","","","3"
"3 on scale 1-7 ","2011","Employed","Couple + C. GT 16 ","","","","","3"
"3 on scale 1-7 ","2011","Employed","Couple + C. LE and GT 16","","","","","3"
"4 on scale 1-7","2011","Not Employed","1-pers.-HH","","","","","4"
"4 on scale 1-7","2011","Employed","(Married) couple without C. ","","","","","4"
"4 on scale 1-7","2011","Not Employed","(Married) couple without C. ","","","","","4"
"4 on scale 1-7","2011","Not Employed","Single parent ","","","","","4"
"4 on scale 1-7","2011","Not Employed","Couple + C. LE 16 ","","","","","4"
"4 on scale 1-7","2011","Not Employed","Couple + C. GT 16 ","","","","","4"
"4 on scale 1-7","2011","Not Employed","Couple + C. LE and GT 16","","","","","4"
"4 on scale 1-7","2011","Employed","1-pers.-HH","","","","","4"
"4 on scale 1-7","2011","Employed","Single parent ","","","","","4"
"4 on scale 1-7","2011","Employed","Couple + C. LE 16 ","","","","","4"
"4 on scale 1-7","2011","Employed","Couple + C. GT 16 ","","","","","4"
"4 on scale 1-7","2011","Employed","Couple + C. LE and GT 16","","","","","4"
"5 on scale 1-7","2011","Not Employed","(Married) couple without C. ","","","","","5"
"5 on scale 1-7","2011","Not Employed","Single parent ","","","","","5"
"5 on scale 1-7","2011","Not Employed","1-pers.-HH","","","","","5"
"5 on scale 1-7","2011","Not Employed","Couple + C. LE and GT 16","","","","","5"
"5 on scale 1-7","2011","Employed","1-pers.-HH","","","","","5"
"5 on scale 1-7","2011","Not Employed","Couple + C. GT 16 ","","","","","5"
"5 on scale 1-7","2011","Not Employed","Couple + C. LE 16 ","","","","","5"
"5 on scale 1-7","2011","Employed","(Married) couple without C. ","","","","","5"
"5 on scale 1-7","2011","Employed","Single parent ","","","","","5"
"5 on scale 1-7","2011","Employed","Couple + C. LE 16 ","","","","","5"
"5 on scale 1-7","2011","Employed","Couple + C. GT 16 ","","","","","5"
"5 on scale 1-7","2011","Employed","Couple + C. LE and GT 16","","","","","5"
"6 on scale 1-7","2011","Not Employed","1-pers.-HH","","","","","6"
"6 on scale 1-7","2011","Not Employed","(Married) couple without C. ","","","","","6"
"6 on scale 1-7","2011","Not Employed","Single parent ","","","","","6"
"6 on scale 1-7","2011","Not Employed","Couple + C. LE 16 ","","","","","6"
"6 on scale 1-7","2011","Not Employed","Couple + C. GT 16 ","","","","","6"
"6 on scale 1-7","2011","Employed","Couple + C. GT 16 ","","","","","6"
"6 on scale 1-7","2011","Employed","Couple + C. LE and GT 16","","","","","6"
"6 on scale 1-7","2011","Not Employed","Couple + C. LE and GT 16","","","","","6"
"6 on scale 1-7","2011","Employed","1-pers.-HH","","","","","6"
"6 on scale 1-7","2011","Employed","(Married) couple without C. ","","","","","6"
"6 on scale 1-7","2011","Employed","Single parent ","","","","","6"
"6 on scale 1-7","2011","Employed","Couple + C. LE 16 ","","","","","6"
"7 Strongly agree","2011","Not Employed","1-pers.-HH","","","","","7"
"7 Strongly agree","2011","Not Employed","(Married) couple without C. ","","","","","7"
"7 Strongly agree","2011","Employed","Couple + C. GT 16 ","","","","","7"
"7 Strongly agree","2011","Employed","Couple + C. LE and GT 16","","","","","7"
"7 Strongly agree","2011","Not Employed","Single parent ","","","","","7"
"7 Strongly agree","2011","Not Employed","Couple + C. LE 16 ","","","","","7"
"7 Strongly agree","2011","Not Employed","Couple + C. GT 16 ","","","","","7"
"7 Strongly agree","2011","Not Employed","Couple + C. LE and GT 16","","","","","7"
"7 Strongly agree","2011","Employed","1-pers.-HH","","","","","7"
"7 Strongly agree","2011","Employed","(Married) couple without C. ","","","","","7"
"7 Strongly agree","2011","Employed","Single parent ","","","","","7"
"7 Strongly agree","2011","Employed","Couple + C. LE 16 ","","","","","7"
"1 Strongly disagree","2012","Not Employed","1-pers.-HH","","","","","1"
"1 Strongly disagree","2012","Not Employed","(Married) couple without C. ","","","","","1"
"1 Strongly disagree","2012","Not Employed","Single parent ","","","","","1"
"1 Strongly disagree","2012","Not Employed","Couple + C. LE 16 ","","","","","1"
"1 Strongly disagree","2012","Not Employed","Couple + C. GT 16 ","","","","","1"
"1 Strongly disagree","2012","Not Employed","Couple + C. LE and GT 16","","","","","1"
"1 Strongly disagree","2012","Employed","1-pers.-HH","","","","","1"
"1 Strongly disagree","2012","Employed","(Married) couple without C. ","","","","","1"
"1 Strongly disagree","2012","Employed","Single parent ","","","","","1"
"1 Strongly disagree","2012","Employed","Couple + C. LE 16 ","","","","","1"
"1 Strongly disagree","2012","Employed","Couple + C. GT 16 ","","","","","1"
"1 Strongly disagree","2012","Employed","Couple + C. LE and GT 16","","","","","1"
"2 on scale 1-7 ","2012","Not Employed","1-pers.-HH","","","","","2"
"2 on scale 1-7 ","2012","Not Employed","(Married) couple without C. ","","","","","2"
"2 on scale 1-7 ","2012","Not Employed","Single parent ","","","","","2"
"2 on scale 1-7 ","2012","Not Employed","Couple + C. LE 16 ","","","","","2"
"2 on scale 1-7 ","2012","Not Employed","Couple + C. GT 16 ","","","","","2"
"2 on scale 1-7 ","2012","Not Employed","Couple + C. LE and GT 16","","","","","2"
"2 on scale 1-7 ","2012","Employed","1-pers.-HH","","","","","2"
"2 on scale 1-7 ","2012","Employed","Single parent ","","","","","2"
"2 on scale 1-7 ","2012","Employed","Couple + C. LE 16 ","","","","","2"
"2 on scale 1-7 ","2012","Employed","(Married) couple without C. ","","","","","2"
"2 on scale 1-7 ","2012","Employed","Couple + C. GT 16 ","","","","","2"
"2 on scale 1-7 ","2012","Employed","Couple + C. LE and GT 16","","","","","2"
"3 on scale 1-7 ","2012","Not Employed","1-pers.-HH","","","","","3"
"3 on scale 1-7 ","2012","Not Employed","(Married) couple without C. ","","","","","3"
"3 on scale 1-7 ","2012","Not Employed","Single parent ","","","","","3"
"3 on scale 1-7 ","2012","Not Employed","Couple + C. LE 16 ","","","","","3"
"3 on scale 1-7 ","2012","Employed","Single parent ","","","","","3"
"3 on scale 1-7 ","2012","Employed","(Married) couple without C. ","","","","","3"
"3 on scale 1-7 ","2012","Employed","Couple + C. LE 16 ","","","","","3"
"3 on scale 1-7 ","2012","Not Employed","Couple + C. GT 16 ","","","","","3"
"3 on scale 1-7 ","2012","Not Employed","Couple + C. LE and GT 16","","","","","3"
"3 on scale 1-7 ","2012","Employed","1-pers.-HH","","","","","3"
"3 on scale 1-7 ","2012","Employed","Couple + C. GT 16 ","","","","","3"
"3 on scale 1-7 ","2012","Employed","Couple + C. LE and GT 16","","","","","3"
"4 on scale 1-7","2012","Not Employed","1-pers.-HH","","","","","4"
"4 on scale 1-7","2012","Not Employed","(Married) couple without C. ","","","","","4"
"4 on scale 1-7","2012","Not Employed","Single parent ","","","","","4"
"4 on scale 1-7","2012","Not Employed","Couple + C. LE 16 ","","","","","4"
"4 on scale 1-7","2012","Not Employed","Couple + C. GT 16 ","","","","","4"
"4 on scale 1-7","2012","Not Employed","Couple + C. LE and GT 16","","","","","4"
"4 on scale 1-7","2012","Employed","1-pers.-HH","","","","","4"
"4 on scale 1-7","2012","Employed","(Married) couple without C. ","","","","","4"
"4 on scale 1-7","2012","Employed","Single parent ","","","","","4"
"4 on scale 1-7","2012","Employed","Couple + C. LE 16 ","","","","","4"
"4 on scale 1-7","2012","Employed","Couple + C. GT 16 ","","","","","4"
"4 on scale 1-7","2012","Employed","Couple + C. LE and GT 16","","","","","4"
"5 on scale 1-7","2012","Not Employed","1-pers.-HH","","","","","5"
"5 on scale 1-7","2012","Not Employed","(Married) couple without C. ","","","","","5"
"5 on scale 1-7","2012","Not Employed","Couple + C. LE and GT 16","","","","","5"
"5 on scale 1-7","2012","Employed","1-pers.-HH","","","","","5"
"5 on scale 1-7","2012","Employed","(Married) couple without C. ","","","","","5"
"5 on scale 1-7","2012","Not Employed","Single parent ","","","","","5"
"5 on scale 1-7","2012","Not Employed","Couple + C. GT 16 ","","","","","5"
"5 on scale 1-7","2012","Not Employed","Couple + C. LE 16 ","","","","","5"
"5 on scale 1-7","2012","Employed","Single parent ","","","","","5"
"5 on scale 1-7","2012","Employed","Couple + C. LE 16 ","","","","","5"
"5 on scale 1-7","2012","Employed","Couple + C. GT 16 ","","","","","5"
"5 on scale 1-7","2012","Employed","Couple + C. LE and GT 16","","","","","5"
"6 on scale 1-7","2012","Not Employed","1-pers.-HH","","","","","6"
"6 on scale 1-7","2012","Not Employed","(Married) couple without C. ","","","","","6"
"6 on scale 1-7","2012","Not Employed","Couple + C. GT 16 ","","","","","6"
"6 on scale 1-7","2012","Not Employed","Single parent ","","","","","6"
"6 on scale 1-7","2012","Not Employed","Couple + C. LE 16 ","","","","","6"
"6 on scale 1-7","2012","Not Employed","Couple + C. LE and GT 16","","","","","6"
"6 on scale 1-7","2012","Employed","1-pers.-HH","","","","","6"
"6 on scale 1-7","2012","Employed","(Married) couple without C. ","","","","","6"
"6 on scale 1-7","2012","Employed","Single parent ","","","","","6"
"6 on scale 1-7","2012","Employed","Couple + C. LE 16 ","","","","","6"
"6 on scale 1-7","2012","Employed","Couple + C. GT 16 ","","","","","6"
"6 on scale 1-7","2012","Employed","Couple + C. LE and GT 16","","","","","6"
"7 Strongly agree","2012","Not Employed","1-pers.-HH","","","","","7"
"7 Strongly agree","2012","Not Employed","(Married) couple without C. ","","","","","7"
"7 Strongly agree","2012","Not Employed","Single parent ","","","","","7"
"7 Strongly agree","2012","Not Employed","Couple + C. LE 16 ","","","","","7"
"7 Strongly agree","2012","Not Employed","Couple + C. GT 16 ","","","","","7"
"7 Strongly agree","2012","Not Employed","Couple + C. LE and GT 16","","","","","7"
"7 Strongly agree","2012","Employed","1-pers.-HH","","","","","7"
"7 Strongly agree","2012","Employed","(Married) couple without C. ","","","","","7"
"7 Strongly agree","2012","Employed","Single parent ","","","","","7"
"7 Strongly agree","2012","Employed","Couple + C. LE 16 ","","","","","7"
"7 Strongly agree","2012","Employed","Couple + C. GT 16 ","","","","","7"
"7 Strongly agree","2012","Employed","Couple + C. LE and GT 16","","","","","7"
"1 Strongly disagree","2013","Not Employed","Single parent ","","","","","1"
"1 Strongly disagree","2013","Not Employed","Couple + C. LE 16 ","","","","","1"
"1 Strongly disagree","2013","Not Employed","Couple + C. GT 16 ","","","","","1"
"1 Strongly disagree","2013","Not Employed","Couple + C. LE and GT 16","","","","","1"
"1 Strongly disagree","2013","Employed","1-pers.-HH","","","","","1"
"1 Strongly disagree","2013","Employed","(Married) couple without C. ","","","","","1"
"1 Strongly disagree","2013","Employed","Single parent ","","","","","1"
"1 Strongly disagree","2013","Employed","Couple + C. LE 16 ","","","","","1"
"1 Strongly disagree","2013","Not Employed","1-pers.-HH","","","","","1"
"1 Strongly disagree","2013","Not Employed","(Married) couple without C. ","","","","","1"
"1 Strongly disagree","2013","Employed","Couple + C. GT 16 ","","","","","1"
"1 Strongly disagree","2013","Employed","Couple + C. LE and GT 16","","","","","1"
"2 on scale 1-7 ","2013","Not Employed","Single parent ","","","","","2"
"2 on scale 1-7 ","2013","Not Employed","Couple + C. LE 16 ","","","","","2"
"2 on scale 1-7 ","2013","Not Employed","Couple + C. GT 16 ","","","","","2"
"2 on scale 1-7 ","2013","Not Employed","Couple + C. LE and GT 16","","","","","2"
"2 on scale 1-7 ","2013","Employed","1-pers.-HH","","","","","2"
"2 on scale 1-7 ","2013","Not Employed","1-pers.-HH","","","","","2"
"2 on scale 1-7 ","2013","Not Employed","(Married) couple without C. ","","","","","2"
"2 on scale 1-7 ","2013","Employed","(Married) couple without C. ","","","","","2"
"2 on scale 1-7 ","2013","Employed","Single parent ","","","","","2"
"2 on scale 1-7 ","2013","Employed","Couple + C. LE 16 ","","","","","2"
"2 on scale 1-7 ","2013","Employed","Couple + C. GT 16 ","","","","","2"
"2 on scale 1-7 ","2013","Employed","Couple + C. LE and GT 16","","","","","2"
"3 on scale 1-7 ","2013","Not Employed","1-pers.-HH","","","","","3"
"3 on scale 1-7 ","2013","Not Employed","(Married) couple without C. ","","","","","3"
"3 on scale 1-7 ","2013","Not Employed","Single parent ","","","","","3"
"3 on scale 1-7 ","2013","Not Employed","Couple + C. LE 16 ","","","","","3"
"3 on scale 1-7 ","2013","Not Employed","Couple + C. GT 16 ","","","","","3"
"3 on scale 1-7 ","2013","Employed","Single parent ","","","","","3"
"3 on scale 1-7 ","2013","Employed","(Married) couple without C. ","","","","","3"
"3 on scale 1-7 ","2013","Not Employed","Couple + C. LE and GT 16","","","","","3"
"3 on scale 1-7 ","2013","Employed","1-pers.-HH","","","","","3"
"3 on scale 1-7 ","2013","Employed","Couple + C. LE and GT 16","","","","","3"
"3 on scale 1-7 ","2013","Employed","Couple + C. LE 16 ","","","","","3"
"3 on scale 1-7 ","2013","Employed","Couple + C. GT 16 ","","","","","3"
"4 on scale 1-7","2013","Not Employed","1-pers.-HH","","","","","4"
"4 on scale 1-7","2013","Not Employed","(Married) couple without C. ","","","","","4"
"4 on scale 1-7","2013","Not Employed","Single parent ","","","","","4"
"4 on scale 1-7","2013","Not Employed","Couple + C. LE 16 ","","","","","4"
"4 on scale 1-7","2013","Not Employed","Couple + C. LE and GT 16","","","","","4"
"4 on scale 1-7","2013","Employed","1-pers.-HH","","","","","4"
"4 on scale 1-7","2013","Employed","(Married) couple without C. ","","","","","4"
"4 on scale 1-7","2013","Employed","Single parent ","","","","","4"
"4 on scale 1-7","2013","Employed","Couple + C. LE 16 ","","","","","4"
"4 on scale 1-7","2013","Employed","Couple + C. GT 16 ","","","","","4"
"4 on scale 1-7","2013","Not Employed","Couple + C. GT 16 ","","","","","4"
"4 on scale 1-7","2013","Employed","Couple + C. LE and GT 16","","","","","4"
"5 on scale 1-7","2013","Not Employed","1-pers.-HH","","","","","5"
"5 on scale 1-7","2013","Not Employed","(Married) couple without C. ","","","","","5"
"5 on scale 1-7","2013","Employed","1-pers.-HH","","","","","5"
"5 on scale 1-7","2013","Employed","(Married) couple without C. ","","","","","5"
"5 on scale 1-7","2013","Not Employed","Single parent ","","","","","5"
"5 on scale 1-7","2013","Not Employed","Couple + C. LE 16 ","","","","","5"
"5 on scale 1-7","2013","Not Employed","Couple + C. GT 16 ","","","","","5"
"5 on scale 1-7","2013","Not Employed","Couple + C. LE and GT 16","","","","","5"
"5 on scale 1-7","2013","Employed","Single parent ","","","","","5"
"5 on scale 1-7","2013","Employed","Couple + C. LE 16 ","","","","","5"
"5 on scale 1-7","2013","Employed","Couple + C. GT 16 ","","","","","5"
"5 on scale 1-7","2013","Employed","Couple + C. LE and GT 16","","","","","5"
"6 on scale 1-7","2013","Not Employed","1-pers.-HH","","","","","6"
"6 on scale 1-7","2013","Not Employed","(Married) couple without C. ","","","","","6"
"6 on scale 1-7","2013","Not Employed","Single parent ","","","","","6"
"6 on scale 1-7","2013","Not Employed","Couple + C. LE 16 ","","","","","6"
"6 on scale 1-7","2013","Not Employed","Couple + C. GT 16 ","","","","","6"
"6 on scale 1-7","2013","Employed","(Married) couple without C. ","","","","","6"
"6 on scale 1-7","2013","Employed","1-pers.-HH","","","","","6"
"6 on scale 1-7","2013","Employed","Single parent ","","","","","6"
"6 on scale 1-7","2013","Employed","Couple + C. LE 16 ","","","","","6"
"6 on scale 1-7","2013","Not Employed","Couple + C. LE and GT 16","","","","","6"
"6 on scale 1-7","2013","Employed","Couple + C. GT 16 ","","","","","6"
"6 on scale 1-7","2013","Employed","Couple + C. LE and GT 16","","","","","6"
"7 Strongly agree","2013","Not Employed","1-pers.-HH","","","","","7"
"7 Strongly agree","2013","Not Employed","(Married) couple without C. ","","","","","7"
"7 Strongly agree","2013","Not Employed","Single parent ","","","","","7"
"7 Strongly agree","2013","Not Employed","Couple + C. LE 16 ","","","","","7"
"7 Strongly agree","2013","Not Employed","Couple + C. GT 16 ","","","","","7"
"7 Strongly agree","2013","Not Employed","Couple + C. LE and GT 16","","","","","7"
"7 Strongly agree","2013","Employed","1-pers.-HH","","","","","7"
"7 Strongly agree","2013","Employed","(Married) couple without C. ","","","","","7"
"7 Strongly agree","2013","Employed","Single parent ","","","","","7"
"7 Strongly agree","2013","Employed","Couple + C. LE 16 ","","","","","7"
"7 Strongly agree","2013","Employed","Couple + C. GT 16 ","","","","","7"
"7 Strongly agree","2013","Employed","Couple + C. LE and GT 16","","","","","7"
"1 Strongly disagree","2014","Not Employed","1-pers.-HH","","","","","1"
"1 Strongly disagree","2014","Not Employed","(Married) couple without C. ","","","","","1"
"1 Strongly disagree","2014","Not Employed","Single parent ","","","","","1"
"1 Strongly disagree","2014","Not Employed","Couple + C. LE 16 ","","","","","1"
"1 Strongly disagree","2014","Not Employed","Couple + C. GT 16 ","","","","","1"
"1 Strongly disagree","2014","Not Employed","Couple + C. LE and GT 16","","","","","1"
"1 Strongly disagree","2014","Employed","1-pers.-HH","","","","","1"
"1 Strongly disagree","2014","Employed","(Married) couple without C. ","","","","","1"
"1 Strongly disagree","2014","Employed","Single parent ","","","","","1"
"1 Strongly disagree","2014","Employed","Couple + C. LE 16 ","","","","","1"
"1 Strongly disagree","2014","Employed","Couple + C. GT 16 ","","","","","1"
"1 Strongly disagree","2014","Employed","Couple + C. LE and GT 16","","","","","1"
"2 on scale 1-7 ","2014","Not Employed","(Married) couple without C. ","","","","","2"
"2 on scale 1-7 ","2014","Not Employed","1-pers.-HH","","","","","2"
"2 on scale 1-7 ","2014","Not Employed","Single parent ","","","","","2"
"2 on scale 1-7 ","2014","Not Employed","Couple + C. GT 16 ","","","","","2"
"2 on scale 1-7 ","2014","Not Employed","Couple + C. LE and GT 16","","","","","2"
"2 on scale 1-7 ","2014","Employed","Couple + C. GT 16 ","","","","","2"
"2 on scale 1-7 ","2014","Not Employed","Couple + C. LE 16 ","","","","","2"
"2 on scale 1-7 ","2014","Employed","1-pers.-HH","","","","","2"
"2 on scale 1-7 ","2014","Employed","Couple + C. LE and GT 16","","","","","2"
"2 on scale 1-7 ","2014","Employed","(Married) couple without C. ","","","","","2"
"2 on scale 1-7 ","2014","Employed","Single parent ","","","","","2"
"2 on scale 1-7 ","2014","Employed","Couple + C. LE 16 ","","","","","2"
"3 on scale 1-7 ","2014","Not Employed","1-pers.-HH","","","","","3"
"3 on scale 1-7 ","2014","Not Employed","(Married) couple without C. ","","","","","3"
"3 on scale 1-7 ","2014","Not Employed","Single parent ","","","","","3"
"3 on scale 1-7 ","2014","Not Employed","Couple + C. LE 16 ","","","","","3"
"3 on scale 1-7 ","2014","Employed","1-pers.-HH","","","","","3"
"3 on scale 1-7 ","2014","Employed","(Married) couple without C. ","","","","","3"
"3 on scale 1-7 ","2014","Employed","Single parent ","","","","","3"
"3 on scale 1-7 ","2014","Employed","Couple + C. LE 16 ","","","","","3"
"3 on scale 1-7 ","2014","Not Employed","Couple + C. GT 16 ","","","","","3"
"3 on scale 1-7 ","2014","Not Employed","Couple + C. LE and GT 16","","","","","3"
"3 on scale 1-7 ","2014","Employed","Couple + C. GT 16 ","","","","","3"
"3 on scale 1-7 ","2014","Employed","Couple + C. LE and GT 16","","","","","3"
"4 on scale 1-7","2014","Not Employed","1-pers.-HH","","","","","4"
"4 on scale 1-7","2014","Not Employed","(Married) couple without C. ","","","","","4"
"4 on scale 1-7","2014","Employed","(Married) couple without C. ","","","","","4"
"4 on scale 1-7","2014","Employed","Single parent ","","","","","4"
"4 on scale 1-7","2014","Employed","Couple + C. GT 16 ","","","","","4"
"4 on scale 1-7","2014","Not Employed","Single parent ","","","","","4"
"4 on scale 1-7","2014","Not Employed","Couple + C. LE 16 ","","","","","4"
"4 on scale 1-7","2014","Not Employed","Couple + C. GT 16 ","","","","","4"
"4 on scale 1-7","2014","Not Employed","Couple + C. LE and GT 16","","","","","4"
"4 on scale 1-7","2014","Employed","1-pers.-HH","","","","","4"
"4 on scale 1-7","2014","Employed","Couple + C. LE 16 ","","","","","4"
"4 on scale 1-7","2014","Employed","Couple + C. LE and GT 16","","","","","4"
"5 on scale 1-7","2014","Not Employed","(Married) couple without C. ","","","","","5"
"5 on scale 1-7","2014","Not Employed","Single parent ","","","","","5"
"5 on scale 1-7","2014","Not Employed","Couple + C. LE and GT 16","","","","","5"
"5 on scale 1-7","2014","Employed","1-pers.-HH","","","","","5"
"5 on scale 1-7","2014","Not Employed","Couple + C. GT 16 ","","","","","5"
"5 on scale 1-7","2014","Not Employed","1-pers.-HH","","","","","5"
"5 on scale 1-7","2014","Not Employed","Couple + C. LE 16 ","","","","","5"
"5 on scale 1-7","2014","Employed","(Married) couple without C. ","","","","","5"
"5 on scale 1-7","2014","Employed","Couple + C. LE 16 ","","","","","5"
"5 on scale 1-7","2014","Employed","Single parent ","","","","","5"
"5 on scale 1-7","2014","Employed","Couple + C. GT 16 ","","","","","5"
"5 on scale 1-7","2014","Employed","Couple + C. LE and GT 16","","","","","5"
"6 on scale 1-7","2014","Not Employed","Single parent ","","","","","6"
"6 on scale 1-7","2014","Not Employed","Couple + C. LE 16 ","","","","","6"
"6 on scale 1-7","2014","Not Employed","Couple + C. GT 16 ","","","","","6"
"6 on scale 1-7","2014","Not Employed","Couple + C. LE and GT 16","","","","","6"
"6 on scale 1-7","2014","Employed","1-pers.-HH","","","","","6"
"6 on scale 1-7","2014","Employed","(Married) couple without C. ","","","","","6"
"6 on scale 1-7","2014","Not Employed","1-pers.-HH","","","","","6"
"6 on scale 1-7","2014","Not Employed","(Married) couple without C. ","","","","","6"
"6 on scale 1-7","2014","Employed","Couple + C. LE 16 ","","","","","6"
"6 on scale 1-7","2014","Employed","Single parent ","","","","","6"
"6 on scale 1-7","2014","Employed","Couple + C. GT 16 ","","","","","6"
"6 on scale 1-7","2014","Employed","Couple + C. LE and GT 16","","","","","6"
"7 Strongly agree","2014","Not Employed","1-pers.-HH","","","","","7"
"7 Strongly agree","2014","Not Employed","(Married) couple without C. ","","","","","7"
"7 Strongly agree","2014","Not Employed","Single parent ","","","","","7"
"7 Strongly agree","2014","Not Employed","Couple + C. LE 16 ","","","","","7"
"7 Strongly agree","2014","Not Employed","Couple + C. GT 16 ","","","","","7"
"7 Strongly agree","2014","Not Employed","Couple + C. LE and GT 16","","","","","7"
"7 Strongly agree","2014","Employed","1-pers.-HH","","","","","7"
"7 Strongly agree","2014","Employed","(Married) couple without C. ","","","","","7"
"7 Strongly agree","2014","Employed","Single parent ","","","","","7"
"7 Strongly agree","2014","Employed","Couple + C. LE 16 ","","","","","7"
"7 Strongly agree","2014","Employed","Couple + C. GT 16 ","","","","","7"
"7 Strongly agree","2014","Employed","Couple + C. LE and GT 16","","","","","7"
"1 Strongly disagree","2015","Not Employed","1-pers.-HH","85","0.0482381644691135","0.0385807280714986","0.0578956008667285","1"
"1 Strongly disagree","2015","Not Employed","(Married) couple without C. ","80","0.0255466197167393","0.0207088391603384","0.0303844002731402","1"
"1 Strongly disagree","2015","Not Employed","Single parent ","39","0.0398599629094105","0.0259332307512527","0.0537866950675684","1"
"1 Strongly disagree","2015","Not Employed","Couple + C. LE 16 ","64","0.0353328027325717","0.0261060746237744","0.0445595308413691","1"
"1 Strongly disagree","2015","Not Employed","Couple + C. GT 16 ","25","","","","1"
"1 Strongly disagree","2015","Not Employed","Couple + C. LE and GT 16","32","0.0483989388278414","0.0311405500856845","0.0656573275699984","1"
"1 Strongly disagree","2015","Employed","1-pers.-HH","43","0.0226058786439892","0.015769348608883","0.0294424086790954","1"
"1 Strongly disagree","2015","Employed","(Married) couple without C. ","61","0.017048997057043","0.0129368181074458","0.0211611760066402","1"
"1 Strongly disagree","2015","Employed","Single parent ","65","0.0438435035718755","0.0338885663806758","0.0537984407630752","1"
"1 Strongly disagree","2015","Employed","Couple + C. LE 16 ","102","0.0191888285117802","0.0154438382825947","0.0229338187409657","1"
"1 Strongly disagree","2015","Employed","Couple + C. GT 16 ","34","0.0189524175162847","0.0132113060507287","0.0246935289818407","1"
"1 Strongly disagree","2015","Employed","Couple + C. LE and GT 16","30","0.0206593262379381","0.0137306600298677","0.0275879924460086","1"
"2 on scale 1-7 ","2015","Not Employed","1-pers.-HH","68","0.0459518456529196","0.0365147370233926","0.0553889542824465","2"
"2 on scale 1-7 ","2015","Not Employed","(Married) couple without C. ","94","0.0277359052337816","0.0227007576315903","0.0327710528359729","2"
"2 on scale 1-7 ","2015","Not Employed","Couple + C. GT 16 ","24","","","","2"
"2 on scale 1-7 ","2015","Not Employed","Couple + C. LE and GT 16","17","","","","2"
"2 on scale 1-7 ","2015","Employed","1-pers.-HH","54","0.0325439556031241","0.0243830010478493","0.0407049101583988","2"
"2 on scale 1-7 ","2015","Employed","Couple + C. GT 16 ","71","0.032510891836007","0.0250437204523152","0.0399780632196989","2"
"2 on scale 1-7 ","2015","Not Employed","Single parent ","40","0.0453378318543298","0.030527366035738","0.0601482976729216","2"
"2 on scale 1-7 ","2015","Not Employed","Couple + C. LE 16 ","65","0.0403734095596377","0.0305362713384434","0.050210547780832","2"
"2 on scale 1-7 ","2015","Employed","Couple + C. LE and GT 16","61","0.045285322479748","0.0351569375427993","0.0554137074166967","2"
"2 on scale 1-7 ","2015","Employed","Couple + C. LE 16 ","146","0.0241900134548298","0.0199959553745606","0.0283840715350989","2"
"2 on scale 1-7 ","2015","Employed","Single parent ","67","0.0313539428727508","0.0228806923471783","0.0398271933983234","2"
"2 on scale 1-7 ","2015","Employed","(Married) couple without C. ","108","0.0284046652251407","0.0231275788765088","0.0336817515737727","2"
"3 on scale 1-7 ","2015","Not Employed","1-pers.-HH","97","0.0606549611739883","0.0498965518424269","0.0714133705055497","3"
"3 on scale 1-7 ","2015","Not Employed","(Married) couple without C. ","191","0.0475733535013802","0.041046609754271","0.0541000972484894","3"
"3 on scale 1-7 ","2015","Not Employed","Single parent ","53","0.0665448961800474","0.048802283115999","0.0842875092440957","3"
"3 on scale 1-7 ","2015","Not Employed","Couple + C. LE 16 ","92","0.0496567544937741","0.0388000170513014","0.0605134919362467","3"
"3 on scale 1-7 ","2015","Employed","Single parent ","104","0.0437408193362848","0.0337970126192793","0.0536846260532902","3"
"3 on scale 1-7 ","2015","Employed","Couple + C. LE 16 ","268","0.0503440853699822","0.0443752290818662","0.0563129416580982","3"
"3 on scale 1-7 ","2015","Employed","Couple + C. LE and GT 16","92","0.05801603671058","0.0466287449035531","0.0694033285176069","3"
"3 on scale 1-7 ","2015","Not Employed","Couple + C. GT 16 ","42","0.0631026563725517","0.0460499859413243","0.0801553268037792","3"
"3 on scale 1-7 ","2015","Not Employed","Couple + C. LE and GT 16","26","","","","3"
"3 on scale 1-7 ","2015","Employed","1-pers.-HH","92","0.048915372057231","0.0389951263111762","0.0588356178032858","3"
"3 on scale 1-7 ","2015","Employed","(Married) couple without C. ","212","0.0561726717574668","0.0488584947373962","0.0634868487775374","3"
"3 on scale 1-7 ","2015","Employed","Couple + C. GT 16 ","126","0.0620776571331465","0.0519182179446744","0.0722370963216185","3"
"4 on scale 1-7","2015","Not Employed","1-pers.-HH","277","0.150800257124211","0.134671225456224","0.166929288792199","4"
"4 on scale 1-7","2015","Not Employed","(Married) couple without C. ","625","0.159622683947253","0.148392590375854","0.170852777518652","4"
"4 on scale 1-7","2015","Employed","Couple + C. GT 16 ","333","0.155841804983843","0.140570626936685","0.171112983031002","4"
"4 on scale 1-7","2015","Not Employed","Single parent ","131","0.17641299402825","0.149277763433025","0.203548224623475","4"
"4 on scale 1-7","2015","Not Employed","Couple + C. LE 16 ","231","0.157144317673202","0.138955860005864","0.17533277534054","4"
"4 on scale 1-7","2015","Not Employed","Couple + C. GT 16 ","119","0.147660358596224","0.122779756993169","0.172540960199279","4"
"4 on scale 1-7","2015","Not Employed","Couple + C. LE and GT 16","105","0.170145882965727","0.139927830740388","0.200363935191067","4"
"4 on scale 1-7","2015","Employed","1-pers.-HH","227","0.125013679622234","0.109802266208018","0.14022509303645","4"
"4 on scale 1-7","2015","Employed","(Married) couple without C. ","536","0.139383171150871","0.128381295291371","0.150385047010372","4"
"4 on scale 1-7","2015","Employed","Single parent ","258","0.137205047214485","0.120476422050312","0.153933672378658","4"
"4 on scale 1-7","2015","Employed","Couple + C. LE 16 ","760","0.154627403610499","0.144757769088134","0.164497038132864","4"
"4 on scale 1-7","2015","Employed","Couple + C. LE and GT 16","233","0.139028071373543","0.122175335603287","0.155880807143798","4"
"5 on scale 1-7","2015","Not Employed","1-pers.-HH","372","0.194893953347335","0.17704026072927","0.2127476459654","5"
"5 on scale 1-7","2015","Not Employed","(Married) couple without C. ","873","0.21503037437738","0.202433139079332","0.227627609675429","5"
"5 on scale 1-7","2015","Not Employed","Single parent ","150","0.218633942683402","0.189210089002574","0.248057796364229","5"
"5 on scale 1-7","2015","Not Employed","Couple + C. GT 16 ","157","0.204070604553407","0.175805534130739","0.232335674976074","5"
"5 on scale 1-7","2015","Not Employed","Couple + C. LE and GT 16","113","0.192934807721335","0.161201563771592","0.224668051671078","5"
"5 on scale 1-7","2015","Employed","(Married) couple without C. ","851","0.230355942642172","0.216980710664854","0.24373117461949","5"
"5 on scale 1-7","2015","Not Employed","Couple + C. LE 16 ","309","0.199684895339102","0.179705927969562","0.219663862708642","5"
"5 on scale 1-7","2015","Employed","1-pers.-HH","413","0.237001226148421","0.217443093586256","0.256559358710585","5"
"5 on scale 1-7","2015","Employed","Couple + C. LE and GT 16","384","0.26156358783758","0.24015589516863","0.28297128050653","5"
"5 on scale 1-7","2015","Employed","Couple + C. LE 16 ","1235","0.252263437161471","0.240407518277692","0.26411935604525","5"
"5 on scale 1-7","2015","Employed","Couple + C. GT 16 ","487","0.229682000928472","0.211972058897313","0.247391942959632","5"
"5 on scale 1-7","2015","Employed","Single parent ","322","0.201976686769083","0.182456686483615","0.221496687054551","5"
"6 on scale 1-7","2015","Not Employed","1-pers.-HH","465","0.240635427773742","0.221368730398957","0.259902125148528","6"
"6 on scale 1-7","2015","Not Employed","(Married) couple without C. ","1186","0.271837787449905","0.258196106373112","0.285479468526699","6"
"6 on scale 1-7","2015","Not Employed","Single parent ","155","0.228624097428741","0.198728480225587","0.258519714631895","6"
"6 on scale 1-7","2015","Not Employed","Couple + C. GT 16 ","246","0.33388039041419","0.300805825504174","0.366954955324206","6"
"6 on scale 1-7","2015","Not Employed","Couple + C. LE and GT 16","150","0.237477234369026","0.20325626819509","0.271698200542962","6"
"6 on scale 1-7","2015","Employed","Couple + C. GT 16 ","647","0.298312094243354","0.279048999466746","0.317575189019962","6"
"6 on scale 1-7","2015","Employed","Couple + C. LE and GT 16","452","0.266234848242059","0.244705263257602","0.287764433226517","6"
"6 on scale 1-7","2015","Not Employed","Couple + C. LE 16 ","339","0.256442111676523","0.234618733018356","0.27826549033469","6"
"6 on scale 1-7","2015","Employed","1-pers.-HH","527","0.293804066979855","0.2728541803754","0.31475395358431","6"
"6 on scale 1-7","2015","Employed","(Married) couple without C. ","1159","0.299510776148899","0.284960755549133","0.314060796748664","6"
"6 on scale 1-7","2015","Employed","Single parent ","439","0.270857031930836","0.249249865764694","0.292464198096979","6"
"6 on scale 1-7","2015","Employed","Couple + C. LE 16 ","1529","0.302848093912026","0.290304849406023","0.315391338418028","6"
"7 Strongly agree","2015","Not Employed","1-pers.-HH","527","0.25882539045869","0.239084532113388","0.278566248803992","7"
"7 Strongly agree","2015","Not Employed","(Married) couple without C. ","1037","0.25265327577356","0.239329649439991","0.26597690210713","7"
"7 Strongly agree","2015","Not Employed","Single parent ","190","0.22458627491582","0.194878382940202","0.254294166891438","7"
"7 Strongly agree","2015","Employed","Couple + C. GT 16 ","469","0.202623133358892","0.18569944712959","0.219546819588194","7"
"7 Strongly agree","2015","Employed","Couple + C. LE and GT 16","367","0.209212807118552","0.189399881298168","0.229025732938936","7"
"7 Strongly agree","2015","Not Employed","Couple + C. LE 16 ","438","0.261365708525189","0.239406890490278","0.283324526560101","7"
"7 Strongly agree","2015","Not Employed","Couple + C. GT 16 ","168","0.177132618097828","0.15035716870481","0.203908067490846","7"
"7 Strongly agree","2015","Not Employed","Couple + C. LE and GT 16","151","0.282450840010535","0.246247208653741","0.31865447136733","7"
"7 Strongly agree","2015","Employed","1-pers.-HH","460","0.240115820945146","0.220469815582736","0.259761826307556","7"
"7 Strongly agree","2015","Employed","(Married) couple without C. ","880","0.229123776018407","0.215773690211946","0.242473861824868","7"
"7 Strongly agree","2015","Employed","Single parent ","370","0.271022968304684","0.249411644046768","0.292634292562601","7"
"7 Strongly agree","2015","Employed","Couple + C. LE 16 ","1115","0.196538137979412","0.18569038447055","0.207385891488274","7"
"1 Strongly disagree","2016","Not Employed","1-pers.-HH","15","","","","1"
"1 Strongly disagree","2016","Not Employed","(Married) couple without C. ","3","","","","1"
"1 Strongly disagree","2016","Not Employed","Single parent ","5","","","","1"
"1 Strongly disagree","2016","Not Employed","Couple + C. LE 16 ","17","","","","1"
"1 Strongly disagree","2016","Not Employed","Couple + C. GT 16 ","2","","","","1"
"1 Strongly disagree","2016","Not Employed","Couple + C. LE and GT 16","2","","","","1"
"1 Strongly disagree","2016","Employed","1-pers.-HH","","","","","1"
"1 Strongly disagree","2016","Employed","(Married) couple without C. ","","","","","1"
"1 Strongly disagree","2016","Employed","Single parent ","","","","","1"
"1 Strongly disagree","2016","Employed","Couple + C. LE 16 ","","","","","1"
"1 Strongly disagree","2016","Employed","Couple + C. GT 16 ","","","","","1"
"1 Strongly disagree","2016","Employed","Couple + C. LE and GT 16","","","","","1"
"2 on scale 1-7 ","2016","Not Employed","Couple + C. LE and GT 16","4","","","","2"
"2 on scale 1-7 ","2016","Employed","1-pers.-HH","","","","","2"
"2 on scale 1-7 ","2016","Not Employed","1-pers.-HH","12","","","","2"
"2 on scale 1-7 ","2016","Employed","Couple + C. GT 16 ","","","","","2"
"2 on scale 1-7 ","2016","Not Employed","(Married) couple without C. ","3","","","","2"
"2 on scale 1-7 ","2016","Not Employed","Single parent ","3","","","","2"
"2 on scale 1-7 ","2016","Not Employed","Couple + C. LE 16 ","9","","","","2"
"2 on scale 1-7 ","2016","Not Employed","Couple + C. GT 16 ","","","","","2"
"2 on scale 1-7 ","2016","Employed","(Married) couple without C. ","","","","","2"
"2 on scale 1-7 ","2016","Employed","Single parent ","","","","","2"
"2 on scale 1-7 ","2016","Employed","Couple + C. LE and GT 16","","","","","2"
"2 on scale 1-7 ","2016","Employed","Couple + C. LE 16 ","","","","","2"
"3 on scale 1-7 ","2016","Not Employed","1-pers.-HH","14","","","","3"
"3 on scale 1-7 ","2016","Not Employed","(Married) couple without C. ","1","","","","3"
"3 on scale 1-7 ","2016","Not Employed","Single parent ","5","","","","3"
"3 on scale 1-7 ","2016","Not Employed","Couple + C. LE 16 ","14","","","","3"
"3 on scale 1-7 ","2016","Employed","Couple + C. LE 16 ","","","","","3"
"3 on scale 1-7 ","2016","Not Employed","Couple + C. GT 16 ","1","","","","3"
"3 on scale 1-7 ","2016","Not Employed","Couple + C. LE and GT 16","1","","","","3"
"3 on scale 1-7 ","2016","Employed","Single parent ","","","","","3"
"3 on scale 1-7 ","2016","Employed","(Married) couple without C. ","","","","","3"
"3 on scale 1-7 ","2016","Employed","Couple + C. LE and GT 16","","","","","3"
"3 on scale 1-7 ","2016","Employed","1-pers.-HH","","","","","3"
"3 on scale 1-7 ","2016","Employed","Couple + C. GT 16 ","","","","","3"
"4 on scale 1-7","2016","Not Employed","1-pers.-HH","55","0.0669405654985485","0.0508869597481291","0.0829941712489679","4"
"4 on scale 1-7","2016","Not Employed","(Married) couple without C. ","15","","","","4"
"4 on scale 1-7","2016","Employed","Couple + C. GT 16 ","","","","","4"
"4 on scale 1-7","2016","Not Employed","Single parent ","17","","","","4"
"4 on scale 1-7","2016","Not Employed","Couple + C. LE 16 ","61","0.0740640186431269","0.0621597556485261","0.0859682816377277","4"
"4 on scale 1-7","2016","Not Employed","Couple + C. LE and GT 16","8","","","","4"
"4 on scale 1-7","2016","Employed","1-pers.-HH","","","","","4"
"4 on scale 1-7","2016","Employed","(Married) couple without C. ","","","","","4"
"4 on scale 1-7","2016","Employed","Single parent ","","","","","4"
"4 on scale 1-7","2016","Employed","Couple + C. LE 16 ","","","","","4"
"4 on scale 1-7","2016","Employed","Couple + C. LE and GT 16","","","","","4"
"4 on scale 1-7","2016","Not Employed","Couple + C. GT 16 ","4","","","","4"
"5 on scale 1-7","2016","Not Employed","1-pers.-HH","79","0.0926743344182153","0.0740476916148856","0.111300977221545","5"
"5 on scale 1-7","2016","Not Employed","(Married) couple without C. ","19","","","","5"
"5 on scale 1-7","2016","Not Employed","Single parent ","25","","","","5"
"5 on scale 1-7","2016","Not Employed","Couple + C. LE 16 ","143","0.080209173931345","0.0678620742381124","0.0925562736245776","5"
"5 on scale 1-7","2016","Not Employed","Couple + C. GT 16 ","1","","","","5"
"5 on scale 1-7","2016","Not Employed","Couple + C. LE and GT 16","25","","","","5"
"5 on scale 1-7","2016","Employed","1-pers.-HH","","","","","5"
"5 on scale 1-7","2016","Employed","(Married) couple without C. ","","","","","5"
"5 on scale 1-7","2016","Employed","Couple + C. GT 16 ","","","","","5"
"5 on scale 1-7","2016","Employed","Single parent ","","","","","5"
"5 on scale 1-7","2016","Employed","Couple + C. LE 16 ","","","","","5"
"5 on scale 1-7","2016","Employed","Couple + C. LE and GT 16","","","","","5"
"6 on scale 1-7","2016","Not Employed","1-pers.-HH","131","0.160949476926809","0.137344037384741","0.184554916468877","6"
"6 on scale 1-7","2016","Not Employed","(Married) couple without C. ","22","","","","6"
"6 on scale 1-7","2016","Not Employed","Single parent ","44","0.142888429901771","0.106172664315086","0.179604195488457","6"
"6 on scale 1-7","2016","Not Employed","Couple + C. LE 16 ","235","0.200815612398655","0.182604745141577","0.219026479655734","6"
"6 on scale 1-7","2016","Not Employed","Couple + C. GT 16 ","6","","","","6"
"6 on scale 1-7","2016","Not Employed","Couple + C. LE and GT 16","36","0.103799453793918","0.0742044673273221","0.133394440260514","6"
"6 on scale 1-7","2016","Employed","Couple + C. GT 16 ","","","","","6"
"6 on scale 1-7","2016","Employed","Couple + C. LE and GT 16","","","","","6"
"6 on scale 1-7","2016","Employed","(Married) couple without C. ","","","","","6"
"6 on scale 1-7","2016","Employed","Single parent ","","","","","6"
"6 on scale 1-7","2016","Employed","1-pers.-HH","","","","","6"
"6 on scale 1-7","2016","Employed","Couple + C. LE 16 ","","","","","6"
"7 Strongly agree","2016","Not Employed","1-pers.-HH","625","0.640321439245419","0.609494560941009","0.671148317549829","7"
"7 Strongly agree","2016","Not Employed","(Married) couple without C. ","106","0.396722506778313","0.322964916411182","0.470480097145444","7"
"7 Strongly agree","2016","Not Employed","Single parent ","250","0.609981052624253","0.558808579922322","0.661153525326185","7"
"7 Strongly agree","2016","Employed","Couple + C. GT 16 ","","","","","7"
"7 Strongly agree","2016","Employed","Couple + C. LE and GT 16","","","","","7"
"7 Strongly agree","2016","Not Employed","Couple + C. LE 16 ","1380","0.558542029392207","0.535969459485113","0.581114599299301","7"
"7 Strongly agree","2016","Not Employed","Couple + C. GT 16 ","68","0.769987526155314","0.678900042601209","0.861075009709419","7"
"7 Strongly agree","2016","Not Employed","Couple + C. LE and GT 16","332","0.620480267690188","0.573393467646649","0.667567067733727","7"
"7 Strongly agree","2016","Employed","1-pers.-HH","","","","","7"
"7 Strongly agree","2016","Employed","(Married) couple without C. ","","","","","7"
"7 Strongly agree","2016","Employed","Single parent ","","","","","7"
"7 Strongly agree","2016","Employed","Couple + C. LE 16 ","","","","","7"
"1 Strongly disagree","2017","Not Employed","Single parent ","","","","","1"
"1 Strongly disagree","2017","Not Employed","Couple + C. LE 16 ","16","","","","1"
"1 Strongly disagree","2017","Not Employed","Couple + C. GT 16 ","1","","","","1"
"1 Strongly disagree","2017","Not Employed","Couple + C. LE and GT 16","5","","","","1"
"1 Strongly disagree","2017","Employed","1-pers.-HH","","","","","1"
"1 Strongly disagree","2017","Employed","(Married) couple without C. ","","","","","1"
"1 Strongly disagree","2017","Employed","Single parent ","","","","","1"
"1 Strongly disagree","2017","Employed","Couple + C. GT 16 ","","","","","1"
"1 Strongly disagree","2017","Not Employed","1-pers.-HH","9","","","","1"
"1 Strongly disagree","2017","Not Employed","(Married) couple without C. ","","","","","1"
"1 Strongly disagree","2017","Employed","Couple + C. LE and GT 16","","","","","1"
"1 Strongly disagree","2017","Employed","Couple + C. LE 16 ","","","","","1"
"2 on scale 1-7 ","2017","Not Employed","Couple + C. LE 16 ","10","","","","2"
"2 on scale 1-7 ","2017","Not Employed","Couple + C. GT 16 ","","","","","2"
"2 on scale 1-7 ","2017","Not Employed","Single parent ","1","","","","2"
"2 on scale 1-7 ","2017","Not Employed","Couple + C. LE and GT 16","1","","","","2"
"2 on scale 1-7 ","2017","Not Employed","1-pers.-HH","4","","","","2"
"2 on scale 1-7 ","2017","Not Employed","(Married) couple without C. ","","","","","2"
"2 on scale 1-7 ","2017","Employed","1-pers.-HH","","","","","2"
"2 on scale 1-7 ","2017","Employed","(Married) couple without C. ","","","","","2"
"2 on scale 1-7 ","2017","Employed","Single parent ","","","","","2"
"2 on scale 1-7 ","2017","Employed","Couple + C. LE 16 ","","","","","2"
"2 on scale 1-7 ","2017","Employed","Couple + C. GT 16 ","","","","","2"
"2 on scale 1-7 ","2017","Employed","Couple + C. LE and GT 16","","","","","2"
"3 on scale 1-7 ","2017","Not Employed","1-pers.-HH","7","","","","3"
"3 on scale 1-7 ","2017","Not Employed","(Married) couple without C. ","2","","","","3"
"3 on scale 1-7 ","2017","Not Employed","Couple + C. LE 16 ","11","","","","3"
"3 on scale 1-7 ","2017","Not Employed","Single parent ","4","","","","3"
"3 on scale 1-7 ","2017","Not Employed","Couple + C. LE and GT 16","2","","","","3"
"3 on scale 1-7 ","2017","Employed","1-pers.-HH","","","","","3"
"3 on scale 1-7 ","2017","Employed","(Married) couple without C. ","","","","","3"
"3 on scale 1-7 ","2017","Employed","Single parent ","","","","","3"
"3 on scale 1-7 ","2017","Employed","Couple + C. LE 16 ","","","","","3"
"3 on scale 1-7 ","2017","Employed","Couple + C. GT 16 ","","","","","3"
"3 on scale 1-7 ","2017","Employed","Couple + C. LE and GT 16","","","","","3"
"3 on scale 1-7 ","2017","Not Employed","Couple + C. GT 16 ","","","","","3"
"4 on scale 1-7","2017","Employed","1-pers.-HH","","","","","4"
"4 on scale 1-7","2017","Employed","(Married) couple without C. ","","","","","4"
"4 on scale 1-7","2017","Employed","Single parent ","","","","","4"
"4 on scale 1-7","2017","Employed","Couple + C. LE 16 ","","","","","4"
"4 on scale 1-7","2017","Not Employed","1-pers.-HH","24","","","","4"
"4 on scale 1-7","2017","Not Employed","Single parent ","10","","","","4"
"4 on scale 1-7","2017","Not Employed","Couple + C. LE 16 ","58","0.0666979780292687","0.0516923813196194","0.081703574738918","4"
"4 on scale 1-7","2017","Not Employed","Couple + C. GT 16 ","","","","","4"
"4 on scale 1-7","2017","Not Employed","Couple + C. LE and GT 16","8","","","","4"
"4 on scale 1-7","2017","Not Employed","(Married) couple without C. ","8","","","","4"
"4 on scale 1-7","2017","Employed","Couple + C. GT 16 ","","","","","4"
"4 on scale 1-7","2017","Employed","Couple + C. LE and GT 16","","","","","4"
"5 on scale 1-7","2017","Not Employed","1-pers.-HH","41","0.109194916178266","0.0835008742490264","0.134888958107505","5"
"5 on scale 1-7","2017","Not Employed","(Married) couple without C. ","12","","","","5"
"5 on scale 1-7","2017","Not Employed","Single parent ","13","","","","5"
"5 on scale 1-7","2017","Not Employed","Couple + C. LE 16 ","97","0.0803941888707025","0.0640411294414861","0.0967472482999189","5"
"5 on scale 1-7","2017","Not Employed","Couple + C. GT 16 ","6","","","","5"
"5 on scale 1-7","2017","Employed","1-pers.-HH","","","","","5"
"5 on scale 1-7","2017","Employed","(Married) couple without C. ","","","","","5"
"5 on scale 1-7","2017","Not Employed","Couple + C. LE and GT 16","28","","","","5"
"5 on scale 1-7","2017","Employed","Single parent ","","","","","5"
"5 on scale 1-7","2017","Employed","Couple + C. LE 16 ","","","","","5"
"5 on scale 1-7","2017","Employed","Couple + C. GT 16 ","","","","","5"
"5 on scale 1-7","2017","Employed","Couple + C. LE and GT 16","","","","","5"
"6 on scale 1-7","2017","Not Employed","1-pers.-HH","77","0.133775245808583","0.105731046208243","0.161819445408923","6"
"6 on scale 1-7","2017","Not Employed","(Married) couple without C. ","14","","","","6"
"6 on scale 1-7","2017","Not Employed","Single parent ","12","","","","6"
"6 on scale 1-7","2017","Not Employed","Couple + C. LE 16 ","116","0.11496878445727","0.0957840807224276","0.134153488192112","6"
"6 on scale 1-7","2017","Not Employed","Couple + C. GT 16 ","12","","","","6"
"6 on scale 1-7","2017","Not Employed","Couple + C. LE and GT 16","30","0.124527110659167","0.0872881178513623","0.161766103466972","6"
"6 on scale 1-7","2017","Employed","1-pers.-HH","","","","","6"
"6 on scale 1-7","2017","Employed","(Married) couple without C. ","","","","","6"
"6 on scale 1-7","2017","Employed","Single parent ","","","","","6"
"6 on scale 1-7","2017","Employed","Couple + C. LE 16 ","","","","","6"
"6 on scale 1-7","2017","Employed","Couple + C. GT 16 ","","","","","6"
"6 on scale 1-7","2017","Employed","Couple + C. LE and GT 16","","","","","6"
"7 Strongly agree","2017","Not Employed","1-pers.-HH","404","0.671460828893172","0.63276681394503","0.710154843841315","7"
"7 Strongly agree","2017","Not Employed","(Married) couple without C. ","86","0.604818565206705","0.518066664399813","0.691570466013597","7"
"7 Strongly agree","2017","Not Employed","Single parent ","137","0.750910959654985","0.687197235776406","0.814624683533564","7"
"7 Strongly agree","2017","Not Employed","Couple + C. LE 16 ","754","0.697400630353935","0.66977189477969","0.725029365928181","7"
"7 Strongly agree","2017","Not Employed","Couple + C. GT 16 ","39","0.791748044118809","0.687246636995934","0.896249451241685","7"
"7 Strongly agree","2017","Not Employed","Couple + C. LE and GT 16","228","0.723947374746972","0.673528394318254","0.774366355175691","7"
"7 Strongly agree","2017","Employed","1-pers.-HH","","","","","7"
"7 Strongly agree","2017","Employed","(Married) couple without C. ","","","","","7"
"7 Strongly agree","2017","Employed","Single parent ","","","","","7"
"7 Strongly agree","2017","Employed","Couple + C. LE 16 ","","","","","7"
"7 Strongly agree","2017","Employed","Couple + C. GT 16 ","","","","","7"
"7 Strongly agree","2017","Employed","Couple + C. LE and GT 16","","","","","7"
"1 Strongly disagree","2018","Not Employed","Single parent ","","","","","1"
"1 Strongly disagree","2018","Not Employed","Couple + C. LE 16 ","1","","","","1"
"1 Strongly disagree","2018","Not Employed","Couple + C. GT 16 ","","","","","1"
"1 Strongly disagree","2018","Not Employed","Couple + C. LE and GT 16","4","","","","1"
"1 Strongly disagree","2018","Employed","1-pers.-HH","","","","","1"
"1 Strongly disagree","2018","Employed","(Married) couple without C. ","","","","","1"
"1 Strongly disagree","2018","Employed","Single parent ","","","","","1"
"1 Strongly disagree","2018","Employed","Couple + C. LE and GT 16","","","","","1"
"1 Strongly disagree","2018","Employed","Couple + C. GT 16 ","","","","","1"
"1 Strongly disagree","2018","Not Employed","1-pers.-HH","","","","","1"
"1 Strongly disagree","2018","Not Employed","(Married) couple without C. ","","","","","1"
"1 Strongly disagree","2018","Employed","Couple + C. LE 16 ","","","","","1"
"2 on scale 1-7 ","2018","Not Employed","Couple + C. LE 16 ","2","","","","2"
"2 on scale 1-7 ","2018","Not Employed","Couple + C. GT 16 ","","","","","2"
"2 on scale 1-7 ","2018","Not Employed","Couple + C. LE and GT 16","4","","","","2"
"2 on scale 1-7 ","2018","Employed","Couple + C. LE and GT 16","","","","","2"
"2 on scale 1-7 ","2018","Not Employed","Single parent ","1","","","","2"
"2 on scale 1-7 ","2018","Not Employed","1-pers.-HH","","","","","2"
"2 on scale 1-7 ","2018","Not Employed","(Married) couple without C. ","","","","","2"
"2 on scale 1-7 ","2018","Employed","Single parent ","","","","","2"
"2 on scale 1-7 ","2018","Employed","Couple + C. LE 16 ","","","","","2"
"2 on scale 1-7 ","2018","Employed","Couple + C. GT 16 ","","","","","2"
"2 on scale 1-7 ","2018","Employed","1-pers.-HH","","","","","2"
"2 on scale 1-7 ","2018","Employed","(Married) couple without C. ","","","","","2"
"3 on scale 1-7 ","2018","Not Employed","Couple + C. LE 16 ","","","","","3"
"3 on scale 1-7 ","2018","Employed","Couple + C. LE and GT 16","","","","","3"
"3 on scale 1-7 ","2018","Not Employed","1-pers.-HH","","","","","3"
"3 on scale 1-7 ","2018","Not Employed","(Married) couple without C. ","","","","","3"
"3 on scale 1-7 ","2018","Not Employed","Single parent ","","","","","3"
"3 on scale 1-7 ","2018","Employed","Single parent ","","","","","3"
"3 on scale 1-7 ","2018","Employed","(Married) couple without C. ","","","","","3"
"3 on scale 1-7 ","2018","Not Employed","Couple + C. GT 16 ","","","","","3"
"3 on scale 1-7 ","2018","Not Employed","Couple + C. LE and GT 16","1","","","","3"
"3 on scale 1-7 ","2018","Employed","1-pers.-HH","","","","","3"
"3 on scale 1-7 ","2018","Employed","Couple + C. LE 16 ","","","","","3"
"3 on scale 1-7 ","2018","Employed","Couple + C. GT 16 ","","","","","3"
"4 on scale 1-7","2018","Not Employed","1-pers.-HH","1","","","","4"
"4 on scale 1-7","2018","Not Employed","Single parent ","2","","","","4"
"4 on scale 1-7","2018","Not Employed","Couple + C. LE 16 ","12","","","","4"
"4 on scale 1-7","2018","Not Employed","Couple + C. GT 16 ","1","","","","4"
"4 on scale 1-7","2018","Not Employed","Couple + C. LE and GT 16","6","","","","4"
"4 on scale 1-7","2018","Employed","1-pers.-HH","","","","","4"
"4 on scale 1-7","2018","Employed","(Married) couple without C. ","","","","","4"
"4 on scale 1-7","2018","Employed","Single parent ","","","","","4"
"4 on scale 1-7","2018","Employed","Couple + C. LE 16 ","","","","","4"
"4 on scale 1-7","2018","Employed","Couple + C. LE and GT 16","","","","","4"
"4 on scale 1-7","2018","Not Employed","(Married) couple without C. ","","","","","4"
"4 on scale 1-7","2018","Employed","Couple + C. GT 16 ","","","","","4"
"5 on scale 1-7","2018","Not Employed","1-pers.-HH","","","","","5"
"5 on scale 1-7","2018","Not Employed","(Married) couple without C. ","","","","","5"
"5 on scale 1-7","2018","Not Employed","Couple + C. LE 16 ","11","","","","5"
"5 on scale 1-7","2018","Not Employed","Couple + C. GT 16 ","2","","","","5"
"5 on scale 1-7","2018","Employed","1-pers.-HH","","","","","5"
"5 on scale 1-7","2018","Employed","(Married) couple without C. ","","","","","5"
"5 on scale 1-7","2018","Employed","Couple + C. LE and GT 16","","","","","5"
"5 on scale 1-7","2018","Not Employed","Single parent ","2","","","","5"
"5 on scale 1-7","2018","Not Employed","Couple + C. LE and GT 16","4","","","","5"
"5 on scale 1-7","2018","Employed","Couple + C. GT 16 ","","","","","5"
"5 on scale 1-7","2018","Employed","Single parent ","","","","","5"
"5 on scale 1-7","2018","Employed","Couple + C. LE 16 ","","","","","5"
"6 on scale 1-7","2018","Employed","Couple + C. LE and GT 16","","","","","6"
"6 on scale 1-7","2018","Not Employed","Couple + C. LE 16 ","21","","","","6"
"6 on scale 1-7","2018","Not Employed","Couple + C. GT 16 ","1","","","","6"
"6 on scale 1-7","2018","Not Employed","Single parent ","5","","","","6"
"6 on scale 1-7","2018","Employed","1-pers.-HH","","","","","6"
"6 on scale 1-7","2018","Not Employed","1-pers.-HH","","","","","6"
"6 on scale 1-7","2018","Not Employed","(Married) couple without C. ","2","","","","6"
"6 on scale 1-7","2018","Not Employed","Couple + C. LE and GT 16","13","","","","6"
"6 on scale 1-7","2018","Employed","(Married) couple without C. ","","","","","6"
"6 on scale 1-7","2018","Employed","Single parent ","","","","","6"
"6 on scale 1-7","2018","Employed","Couple + C. LE 16 ","","","","","6"
"6 on scale 1-7","2018","Employed","Couple + C. GT 16 ","","","","","6"
"7 Strongly agree","2018","Not Employed","1-pers.-HH","7","","","","7"
"7 Strongly agree","2018","Not Employed","(Married) couple without C. ","17","","","","7"
"7 Strongly agree","2018","Not Employed","Single parent ","15","","","","7"
"7 Strongly agree","2018","Not Employed","Couple + C. LE 16 ","102","0.741535943663881","0.671241477321923","0.811830410005839","7"
"7 Strongly agree","2018","Not Employed","Couple + C. GT 16 ","15","","","","7"
"7 Strongly agree","2018","Not Employed","Couple + C. LE and GT 16","74","0.681268457546835","0.592559633632946","0.769977281460724","7"
"7 Strongly agree","2018","Employed","1-pers.-HH","","","","","7"
"7 Strongly agree","2018","Employed","(Married) couple without C. ","","","","","7"
"7 Strongly agree","2018","Employed","Single parent ","","","","","7"
"7 Strongly agree","2018","Employed","Couple + C. LE 16 ","","","","","7"
"7 Strongly agree","2018","Employed","Couple + C. GT 16 ","","","","","7"
"7 Strongly agree","2018","Employed","Couple + C. LE and GT 16","","","","","7"
"1 Strongly disagree","2019","Employed","Single parent ","","","","","1"
"1 Strongly disagree","2019","Employed","Couple + C. GT 16 ","","","","","1"
"1 Strongly disagree","2019","Not Employed","Single parent ","","","","","1"
"1 Strongly disagree","2019","Not Employed","Couple + C. LE and GT 16","1","","","","1"
"1 Strongly disagree","2019","Employed","1-pers.-HH","","","","","1"
"1 Strongly disagree","2019","Employed","(Married) couple without C. ","","","","","1"
"1 Strongly disagree","2019","Not Employed","Couple + C. LE 16 ","3","","","","1"
"1 Strongly disagree","2019","Employed","Couple + C. LE 16 ","","","","","1"
"1 Strongly disagree","2019","Employed","Couple + C. LE and GT 16","","","","","1"
"1 Strongly disagree","2019","Not Employed","Couple + C. GT 16 ","","","","","1"
"1 Strongly disagree","2019","Not Employed","1-pers.-HH","","","","","1"
"1 Strongly disagree","2019","Not Employed","(Married) couple without C. ","","","","","1"
"2 on scale 1-7 ","2019","Not Employed","Couple + C. LE and GT 16","","","","","2"
"2 on scale 1-7 ","2019","Employed","(Married) couple without C. ","","","","","2"
"2 on scale 1-7 ","2019","Not Employed","Couple + C. LE 16 ","2","","","","2"
"2 on scale 1-7 ","2019","Employed","Single parent ","","","","","2"
"2 on scale 1-7 ","2019","Employed","Couple + C. LE 16 ","","","","","2"
"2 on scale 1-7 ","2019","Not Employed","Single parent ","","","","","2"
"2 on scale 1-7 ","2019","Not Employed","Couple + C. GT 16 ","1","","","","2"
"2 on scale 1-7 ","2019","Employed","Couple + C. LE and GT 16","","","","","2"
"2 on scale 1-7 ","2019","Employed","Couple + C. GT 16 ","","","","","2"
"2 on scale 1-7 ","2019","Employed","1-pers.-HH","","","","","2"
"2 on scale 1-7 ","2019","Not Employed","1-pers.-HH","","","","","2"
"2 on scale 1-7 ","2019","Not Employed","(Married) couple without C. ","1","","","","2"
"3 on scale 1-7 ","2019","Not Employed","1-pers.-HH","","","","","3"
"3 on scale 1-7 ","2019","Not Employed","(Married) couple without C. ","","","","","3"
"3 on scale 1-7 ","2019","Not Employed","Single parent ","","","","","3"
"3 on scale 1-7 ","2019","Not Employed","Couple + C. LE 16 ","6","","","","3"
"3 on scale 1-7 ","2019","Employed","(Married) couple without C. ","","","","","3"
"3 on scale 1-7 ","2019","Employed","Couple + C. LE and GT 16","","","","","3"
"3 on scale 1-7 ","2019","Employed","Couple + C. GT 16 ","","","","","3"
"3 on scale 1-7 ","2019","Employed","1-pers.-HH","","","","","3"
"3 on scale 1-7 ","2019","Not Employed","Couple + C. GT 16 ","","","","","3"
"3 on scale 1-7 ","2019","Employed","Single parent ","","","","","3"
"3 on scale 1-7 ","2019","Employed","Couple + C. LE 16 ","","","","","3"
"3 on scale 1-7 ","2019","Not Employed","Couple + C. LE and GT 16","","","","","3"
"4 on scale 1-7","2019","Not Employed","1-pers.-HH","1","","","","4"
"4 on scale 1-7","2019","Not Employed","Single parent ","","","","","4"
"4 on scale 1-7","2019","Employed","Single parent ","","","","","4"
"4 on scale 1-7","2019","Employed","Couple + C. LE 16 ","","","","","4"
"4 on scale 1-7","2019","Employed","Couple + C. LE and GT 16","","","","","4"
"4 on scale 1-7","2019","Not Employed","Couple + C. LE 16 ","8","","","","4"
"4 on scale 1-7","2019","Not Employed","Couple + C. GT 16 ","2","","","","4"
"4 on scale 1-7","2019","Employed","(Married) couple without C. ","","","","","4"
"4 on scale 1-7","2019","Not Employed","Couple + C. LE and GT 16","4","","","","4"
"4 on scale 1-7","2019","Employed","Couple + C. GT 16 ","","","","","4"
"4 on scale 1-7","2019","Not Employed","(Married) couple without C. ","1","","","","4"
"4 on scale 1-7","2019","Employed","1-pers.-HH","","","","","4"
"5 on scale 1-7","2019","Employed","Couple + C. LE and GT 16","","","","","5"
"5 on scale 1-7","2019","Not Employed","1-pers.-HH","","","","","5"
"5 on scale 1-7","2019","Not Employed","(Married) couple without C. ","2","","","","5"
"5 on scale 1-7","2019","Not Employed","Single parent ","2","","","","5"
"5 on scale 1-7","2019","Not Employed","Couple + C. LE 16 ","15","","","","5"
"5 on scale 1-7","2019","Not Employed","Couple + C. GT 16 ","2","","","","5"
"5 on scale 1-7","2019","Not Employed","Couple + C. LE and GT 16","8","","","","5"
"5 on scale 1-7","2019","Employed","1-pers.-HH","","","","","5"
"5 on scale 1-7","2019","Employed","(Married) couple without C. ","","","","","5"
"5 on scale 1-7","2019","Employed","Single parent ","","","","","5"
"5 on scale 1-7","2019","Employed","Couple + C. LE 16 ","","","","","5"
"5 on scale 1-7","2019","Employed","Couple + C. GT 16 ","","","","","5"
"6 on scale 1-7","2019","Not Employed","Single parent ","3","","","","6"
"6 on scale 1-7","2019","Not Employed","Couple + C. LE 16 ","11","","","","6"
"6 on scale 1-7","2019","Not Employed","Couple + C. GT 16 ","4","","","","6"
"6 on scale 1-7","2019","Employed","(Married) couple without C. ","","","","","6"
"6 on scale 1-7","2019","Employed","Couple + C. LE and GT 16","","","","","6"
"6 on scale 1-7","2019","Employed","Single parent ","","","","","6"
"6 on scale 1-7","2019","Not Employed","1-pers.-HH","1","","","","6"
"6 on scale 1-7","2019","Employed","1-pers.-HH","","","","","6"
"6 on scale 1-7","2019","Employed","Couple + C. GT 16 ","","","","","6"
"6 on scale 1-7","2019","Not Employed","(Married) couple without C. ","2","","","","6"
"6 on scale 1-7","2019","Not Employed","Couple + C. LE and GT 16","5","","","","6"
"6 on scale 1-7","2019","Employed","Couple + C. LE 16 ","","","","","6"
"7 Strongly agree","2019","Not Employed","1-pers.-HH","3","","","","7"
"7 Strongly agree","2019","Not Employed","(Married) couple without C. ","10","","","","7"
"7 Strongly agree","2019","Not Employed","Single parent ","14","","","","7"
"7 Strongly agree","2019","Not Employed","Couple + C. LE 16 ","62","0.608007582455946","0.515505921057046","0.700509243854845","7"
"7 Strongly agree","2019","Not Employed","Couple + C. GT 16 ","11","","","","7"
"7 Strongly agree","2019","Not Employed","Couple + C. LE and GT 16","48","0.580905093700433","0.461867289609127","0.699942897791739","7"
"7 Strongly agree","2019","Employed","1-pers.-HH","","","","","7"
"7 Strongly agree","2019","Employed","(Married) couple without C. ","","","","","7"
"7 Strongly agree","2019","Employed","Single parent ","","","","","7"
"7 Strongly agree","2019","Employed","Couple + C. LE 16 ","","","","","7"
"7 Strongly agree","2019","Employed","Couple + C. GT 16 ","","","","","7"
"7 Strongly agree","2019","Employed","Couple + C. LE and GT 16","","","","","7"
